-0.378220361765436
0.138309151224009
0.479320768522312
0.341625579396211
-0.402547663627271
0.25543237263179
0.3694864318375
-0.682425066801437
-0.811551940857675
0.393713307241982
1.09575819681928
-2.17265925302489
1.19328512321753
0.622420366205327
1.82336677823615
-2.64004646762105
2.06434620447498
0.438704122771898
0.853334612422814
0.625082259478736
-0.557014956524461
0.589186002989105
1.22637586029922
-0.0814518062498446
0.595896253005624
1.00010154622352
-0.383407507323595
-0.238664053272195
-0.885395456141496
0.63198688421921
1.88054368671282
0.00813669094177014
3.19982184699623
-0.591837209285479
0.49018355632913
0.769695381656766
0.908058836323398
1.4216719374056
0.32698317959574
-0.491863314325407
-1.86216395418678
2.08855502457205
-0.0117810398573312
-1.35521016314796
0.496581703508035
-1.09119013424649
1.21781854368889
-0.80674498988685
-0.562487303331683
1.13319315660674
-2.3489327812106
2.15514375019843
-0.475852388534952
0.490942606911497
-0.110550676482979
1.88938741880232
-2.64863867238814
0.380285224389248
-0.0917531168813163
0.0458325449556199
1.51760385345424
-1.9078927411874
-0.175588988570232
-0.808281711230519
-0.376766438269338
-0.575948506051719
-1.89501293981053
1.61472703246501
-0.979329433999778
0.625047302113576
0.382995825853135
-1.77563175580192
-0.0898983438066808
0.141210006997647
-0.991885776061531
-0.801275242654902
1.8078826092872
-1.4983018592537
-0.531933371250473
0.987084911737199
-0.0907496544488203
-0.719046822341572
1.45458221404663
0.373306685223321
-1.48356959119136
1.78837247965779
0.102283961003853
-0.770323177785285
-0.963083847845568
-0.764699411303343
0.555203485104572
-0.140451739702351
-0.68598250490875
1.80856163669898
2.04983684183378
-0.041597171268036
0.542922091511881
0.256200952007953
-0.864596540447724
-2.4608027411481
0.550991864909145
-1.63782944093366
-1.03350664983807
0.327615907758266
1.52294986506412
-1.04888118726236
0.969615508225619
-0.0079502905331908
0.150481070118211
0.281159178274171
-0.773255601836254
-0.182515117051079
0.875856975646547
1.15413622668811
-0.815440929967444
-2.80380258143229
-2.0643693559212
0.386429349213321
0.942853891419919
-1.21609696083084
1.99306825344258
-3.60438665169103
-1.80493771515991
1.04994293550455
0.898490617456481
4.39590487474517
2.09982426594728
-0.556716339850749
4.73990725332663
0.6984295986909
0.452424385768008
-0.914275406815593
1.23985440810627
0.866949104747494
0.760468165517091
-1.54680208075384
1.210919809143
0.600281281754586
-0.83641507421481
0.841815022549333
-1.32276365892596
2.39666565277288
0.728448773951105
0.333513060590235
-1.36116425338766
-1.96395597673372
-0.869025088613656
0.858809400600416
1.92486443640932
1.77095802811744
2.02214221393034
-0.854872608777489
0.971962626587239
1.51274137419708
2.78830559230504
0.969423326551502
1.48409792926219
-0.595050104936212
-2.75303262502813
0.577485496440988
-0.878315850326667
-1.38119245098829
-0.792479375270465
-3.73100702004539
-4.24780503844278
-3.6713516728206
-2.42300102637773
-3.64014408641644
1.23328729716275
-0.0274537205364396
-1.80759322218781
1.07107412078796
0.716517231353244
-1.01704136935641
2.00707978155209
2.83425970123264
0.980025491725809
1.20310201566233
1.22287302715622
-0.64181719081364
0.768607171031213
-0.0252486903063028
1.43314234407479
-1.93829765845155
1.59737573419878
1.22651947977675
3.59018781044196
-0.340465839282861
2.13394039632726
-1.44505050384783
-0.430862710829907
0.757218330919177
-0.353268205093565
-1.35939314505147
-0.518457514574542
0.134656870628856
-0.0598049307726177
-0.74053163295591
2.42050403636102
0.0127116981256306
1.91987521985428
-0.344436450236115
-0.319526238958169
-0.146855651179911
0.992084714704537
-1.29155478198945
-1.10242697468335
0.398450870991071
-0.716361064474362
0.825363752892065
-0.127837832218256
-0.708009446206577
-0.747782532755255
0.218644091111824
-0.375639423323961
2.8997145616091
-0.365962029362309
-0.520970597067667
-0.260539588250969
-0.58107360580169
-0.842599508301285
-0.167170676028076
-0.227756231171131
-1.52788429338078
1.18066405398857
-0.361720441060693
-0.272028276944772
-0.760659853441255
0.0220634276609524
0.436375643716098
-0.557940226938061
0.94572287044874
0.375348280261188
0.203250491248773
-0.431304023574145
-0.37035909185572
0.252448624661921
-2.05727867830679
-1.37713169495456
0.0138968893070102
-0.478628440168575
2.08176849982251
0.475499515322452
-0.31367521980317
-1.71849883701165
-1.11891029379681
-0.295342606709986
-0.338277673125549
-0.498920663075737
0.335835155324245
-0.325699560656143
1.91783585462818
1.08445602827775
-0.539351118975819
-4.38852443946105
-2.70830026742199
-2.13433548972956
-2.3703317982861
0.815246953278796
1.33898306137443
0.585668720706763
-0.121480992976735
-0.491132706708106
-0.148775139621106
1.00974110598395
-1.90486909525885
1.11842193588519
0.34815284347291
-0.527708874419864
1.46142628350043
-1.22254219163948
0.428991973390218
1.64803061179627
-0.76496283945672
1.03354419133424
-0.210360781880555
-0.784406573265199
-1.41457733300616
-0.613577473435765
-0.0281777016109294
-0.275467757311383
0.590234909840442
-0.346324408681118
1.28543325210967
-2.14696216138963
1.74531100585006
1.01752194840667
-0.687508980405633
0.647283252071969
-0.869164547135224
1.21863668243787
-1.63202937331375
-0.253489894816474
0.454855857516874
1.23636826474986
-2.25051098726051
-0.168719131435146
0.030614047430046
1.9298002983748
-3.19070799186533
1.10681757452045
-0.804480835062335
0.531188566643687
-1.01376935621977
1.07856238061773
1.98284050545828
1.70873146061201
1.95059414036437
-2.28826777222148
-1.46407325088933
-2.77330575026969
-1.33548997890689
-0.344248498385592
-0.426616147862196
-1.76602428513498
-3.97926923744198
1.15712462523134
1.77656055200186
-1.67598561315223
-1.34139864096218
-1.45399189994317
1.32767949080022
1.75408523025564
0.312912032116193
1.61026570951666
0.191595194283185
0.0893292099912184
0.0960837453182329
-0.0127976444645319
2.41706153398218
0.185948042224198
0.696625667102434
0.68030637206535
0.446584128007321
-1.69172293343749
1.50626244487718
1.46984594542277
-3.14047736545946
1.38477802391246
-0.810301488426302
2.03087018311584
-0.14898679671348
2.43707151258431
-0.846087463871968
0.927539247931383
-1.9716831139471
0.0813376440883219
2.8194926654873
0.543219338103588
-1.02772044758645
0.789971032759446
-2.19338446426978
1.08063698257966
1.26025496402278
1.58989444719832
-0.660343735473914
-0.593806761600165
5.30472695758967
3.94957056115035
0.650743056540959
-3.00817894942584
-0.311639235131628
-0.725941584983009
-0.879190478915396
1.66912492033677
1.63062426975979
0.551714756204958
-3.44592801686726
-0.813229458075481
-0.243514963882635
3.45513793192115
0.826269594788047
0.733902364053147
-1.17546529310563
-0.763325501008747
1.2042244398594
3.12687985616547
1.30889484926211
-0.428436657616716
-0.639629818431777
-0.880176845126673
-3.4950620589564
2.68522013873546
-0.0832407444019387
0.134581251067235
-0.895933189111123
0.233451284152003
0.591297876027967
-0.665506024498776
-0.404798181076841
-1.01245708580347
-0.166400690001163
1.01838348431739
-1.01994458029695
0.543794389222898
1.77468057119693
-0.593828412199306
-0.110007514723663
1.29663152110806
1.9401371442191
-0.0385446563998813
0.727037756806869
-0.696164827087794
1.14234745693423
-0.695891711304561
-0.783486019575806
0.704848647339006
-1.32665627779003
-0.320119658464133
-1.69225235335862
-1.12358854088174
-0.425388423372498
-0.137171065329159
-0.561829980182422
-1.66217109220125
-1.13582288044299
0.323016693337122
1.05384780712494
-1.92397411621605
-0.228103425428685
-1.25195882965956
0.149730854410326
-2.8944202507805
-1.24438202755146
-4.56133565232183
-4.2067295595543
-2.15301668757423
-1.65032364188718
1.12620807513894
2.43048674579828
1.11474844834701
2.94431717135581
3.54748682584115
3.63401285385331
-0.604158200832513
-1.88024264909022
-1.55046073470099
1.92858985176405
0.894220543169328
0.80884739567966
0.297785017380786
-1.49417066007531
2.23440440472415
-1.77895250144311
0.279591993595337
-0.217623774013659
-1.80433088691216
-0.468703163379706
2.17375480361114
-0.265521220569778
-0.325823444284777
-1.13528940793216
0.9665840056952
-1.97524433686303
0.781110094312696
0.80978161001459
-0.335498491254268
0.413267784447182
-0.711562611606422
-0.576842222463796
0.137946030476108
-0.135158197575486
0.136365708745759
-0.0977067433471114
2.48738913677601
-0.687466545920131
2.732326109019
0.0619710361972287
1.29058926404551
-1.24413417937676
1.75542446652589
0.947805466741012
-2.17115133720489
4.44794940347249
1.41864808234303
-1.70667425002502
-1.46585338252166
-2.70874679439296
-0.249858963338335
1.27825285839541
0.463051967377979
-0.419581134263171
2.81906706999537
3.36224295355457
0.562911770479262
-1.20414230507498
-0.555006498016491
-2.24744859793171
-2.13293247441337
-1.584625477142
-0.835068415951498
-0.535965800838086
-2.07700430495846
-0.817102438337248
-1.35700467412674
1.30492340518969
-0.433895584667103
-3.26319547000204
-4.58256104393207
-1.86323058247473
-0.803412215590071
0.757556924352722
0.339671743456281
-2.96917016116497
-0.0662772535767056
0.646461780086873
-1.06920924814394
-2.17671340386349
-0.896738335315052
-0.299238062740239
1.41641474628635
2.19247509620594
-1.04735903221744
-0.391374767637695
-0.540053967058107
1.84568212336356
1.75166368762421
-1.18830407972596
-0.598393008720354
0.0380624133622077
2.36458746650057
4.98375695326285
3.61688561677858
-0.702888750736917
0.364845202144838
-1.14247270297474
0.999015243343098
1.67938342770338
0.0516317486225349
-0.886119677804818
0.555304648217726
1.26567175564269
0.624264891546497
-0.478212690164933
1.05065149931665
-0.774526079960747
0.305354593399772
0.0698837319756986
1.37348672800685
-0.187823501541635
-0.925358783386235
-0.0699006735733823
-0.416162321060875
0.00208921374249003
-1.29222510186805
-0.924301276005148
-0.234751258553233
0.927566400604864
-0.454413029670097
0.879485654726947
-0.0460219541520934
0.257208656410953
0.365617936478873
-0.125997892502178
0.859134310410906
-1.10189532184069
0.699201679985363
-0.209205957359412
-0.966457604588216
-1.66854361427736
-0.392028149931446
1.54582327073714
-0.743368827664045
1.00694591250264
-0.401293815627445
2.67073855317481
0.108493807348229
-0.435810921052002
1.0895958525959
0.592909766353872
0.226821674304582
0.517542237112741
-0.996087974336691
0.470914166653867
-1.33071082239757
-0.433685263560383
2.04498233794233
1.57869647818946
2.4736920239741
0.582557940065505
0.832941481190248
1.96013993387565
2.02557835149522
0.688132944817234
-2.68014433706159
0.0764926351718768
0.81121114485614
-0.415133839435158
-2.14831851726655
-1.58395327230409
-0.904669197062166
1.20024012493163
3.89415484764741
-0.0138934845653235
0.125193766124128
0.0557436663712733
0.767204125281295
0.24318224594265
-1.44712929027526
0.196779419377681
0.493849373851929
0.27833081623365
-0.234057691349107
-0.268410214918939
0.30067345345171
-0.44689436440384
-1.16308927996129
-2.32840352117149
-5.11507357423638
-4.41000606932362
-0.697522564919052
1.88379020842636
2.77612825402758
-2.45561866017862
-0.580872797191062
-0.492502652277484
0.163546460218075
-0.365120775284382
1.57511015178005
0.203946776058429
-2.51253358080293
-3.85357683044662
-1.61674818183607
0.79055347982409
1.42295003651124
3.75573162635451
2.97827092003366
2.65745136127328
-0.82165917815366
0.201376095479525
-2.28155679992463
-0.772061709856469
0.765915368344046
-0.219503884696504
0.434539505269843
0.723051791725267
-1.3943366101884
0.282355898091367
-1.94094129046453
-0.160695907385829
0.656424769023666
-0.687760505960593
0.605680662947352
-0.409589697324345
1.17033741023257
-1.31588384600636
2.66642436922342
1.88885210045731
1.64301206491397
-0.624673834522829
-0.0899738386479673
2.36488353562465
0.72255683891804
-1.33404843551565
-1.10089646400214
-0.89054658758747
-0.677183659855614
1.6452714781644
-1.06385426693106
2.05813803007745
-0.491010422292254
1.59487385788738
-0.678269653318133
1.74154347373367
0.0338820395032559
0.542542142630455
0.259608078978078
0.709306215879351
-0.293327693932242
0.365579315505842
0.143523802993592
-0.0376659003916664
1.55447408749108
-0.0773281726348453
-0.975010570577668
-0.928056947266353
1.17932745998063
1.97843022046962
3.12927035327367
4.25712954577594
-1.66097399588844
-1.28420618686443
0.718867723552787
-1.4081382086754
0.909628405240972
2.6682726706035
1.03842757079245
0.65515152353436
-0.178842271184329
-0.140470833554683
-1.5414595202242
-3.20308112578188
0.423995395637528
2.70616532149654
-1.44749008215777
-1.59512737998214
0.813880519397104
-0.714908954860342
-1.67516145416801
-1.65757973656275
0.38612086752269
2.26073883599558
-1.62293831292121
2.15706188328065
0.949775654518374
-0.4164538368208
0.251583111891851
0.728906465318918
2.30078997771536
1.81979099576326
-0.54392940812868
-1.4845514935988
-0.989814600579031
0.277718368165368
0.929131132110802
0.587616852968562
1.88152821382793
3.11412363469677
1.54801678482368
4.66939495313802
0.498641754812153
1.99565667664617
0.703782736178454
0.949916127753499
1.10293719990114
-0.925169840710725
-1.72913353270993
2.74383161874579
-1.93145944009481
-0.771682664284963
-0.322039878848198
-0.93561192288108
0.197996881165822
3.80942074567981
-0.892947176662749
-0.229426008945654
-1.38902178067469
-0.625650543082839
-0.013796228686221
-1.18295420742008
2.40443019399448
-1.94197026132777
1.77627787733138
0.967255357298091
-2.18400979695974
0.647867003007734
-2.28090008714583
-3.54939278811775
-0.774207146855114
-3.33568414822179
-3.76990851706968
-5.74584148558325
-5.84865990502731
-3.22895220565335
-2.59059988978597
-2.410608865084
1.45700789579228
2.02171606551264
1.09701213894714
1.90367596837962
2.60809434087599
0.894006508185258
0.328923359781368
-0.603455701416708
0.0828521889920293
1.97532804432751
1.68051989556018
-1.86215981430869
-0.744440986161134
-0.526380672226263
1.44948592335403
-0.872242331938745
-0.474242412196726
0.266631869005051
1.45000298426933
0.533791605667328
-1.80578733500965
0.318583527064912
-0.995452174682465
-0.416340785203048
2.33422123410407
-1.00554332614528
1.86582905229819
-0.132540962304067
1.29242641801899
0.59930799504918
-1.94152356222313
-0.619758346840901
1.20895959170748
-2.31744106501739
-3.21250971058734
0.820112872123441
0.677872555868427
-0.373301794131004
-3.03907680926676
-0.315335374417672
-0.0514007821705736
2.97034998184258
-2.11959951782884
-1.67190815861685
0.366201049831366
-0.70408830822444
1.55852217723027
1.91212409401845
0.226722535489831
-0.567061799466136
-1.53201419288687
3.44208169987616
-0.294415723466055
1.08863784186415
-0.898472080849264
-0.307561907034481
-1.78589791724816
2.81386931767872
-3.47182086120433
-2.20204488404381
2.78599887629599
1.11293624303133
1.93640268270748
4.75560264202156
3.69862871046896
1.20870960594568
2.69708840211596
2.21768046106299
-1.78844627113992
0.905264016763604
-0.928717007959853
2.37488818030872
-4.59873845239096
1.96516158561475
0.871030257016268
-0.910121872187658
0.780520583052636
1.58831188297049
-1.34171623623225
1.31410064837651
-0.327611329284477
0.545350402563614
-0.972691386037465
-1.77904302887639
0.634828851135227
0.801455897887875
-2.42893412623817
0.271690274515964
-0.579391067626647
-0.224947388849007
0.336811349798815
0.110648341315423
-1.01374546290612
1.01081992877587
1.20125227951563
-0.256414888847662
1.01149576697334
-0.115363242506658
1.58046064010504
0.89344062730921
-0.00124518601388463
-3.14419980988836
-0.239302527123195
1.62986580006884
-0.627629145543881
-1.70001245007675
0.358319714231225
-2.23177936877709
1.80495853010565
0.0913038225750427
0.122183820907947
-1.3794770074792
-0.0168553093571673
-0.404883730291805
-2.33085791220666
-0.749191662298846
-0.282170457321693
-1.37374755809336
1.51137019171529
3.07379120473072
3.29335501037605
0.608466000749404
3.4897987692002
-1.34704021423561
1.76173280209216
-0.484485856969936
-1.42616872351438
0.777770165493555
-1.02548245553158
-0.378305801061323
-1.52912767470675
-1.08696088388709
-1.42769282549283
2.96897633532271
1.39544665508525
-0.946851584496628
-0.0377020081004402
2.45846190609528
1.31734339754134
-3.73400314480906
1.53108605277039
-0.8768141823087
-0.0899301567726192
-0.864223777936688
0.35706592730417
-1.20228029424994
2.72932601390219
-4.11485983148919
1.99412968987561
-1.23845934204815
0.67763856204789
0.237390363042836
1.38745984781096
-1.26082510152816
0.521437847242246
-0.592704884577302
-0.154273705627325
1.28173356303739
0.288655986221444
1.31816656086939
1.64968568231259
-1.45677026446521
-1.00578226277515
-1.59828731874284
-1.07888286738963
-3.02819197561689
0.398369154392834
-0.262446148993102
0.660357511895627
-0.517951404145998
-2.06300289670494
-0.0617411178147395
-1.73874967891235
1.61321187616044
0.666348808188944
-2.08120626280355
-1.04018518537924
0.91854220242277
-0.933721759492628
0.313271339217732
2.19303997928283
2.24466212807419
1.25545698649267
-0.844814768260962
1.06603728460339
0.386084393920788
1.21816121474681
-0.218183311144663
-0.633254955029346
1.73138069896416
-0.67200969332661
-0.739858709659654
0.626171420799861
0.440162738642613
4.19136649227104
-1.1435929418771
-0.644872757418347
-3.60715636976125
3.63406005576784
0.40208771143434
1.53262259698704
-1.57025348721473
2.00948899182014
1.35409159895802
-0.716473618756222
1.65838331947045
0.288810318170059
0.143683833059074
-2.25895829240834
0.753247829645059
1.65010510858789
0.238070504454526
0.80391051885285
1.43865908764514
4.51750360100239
-0.141354018633363
1.61583508978445
-0.357777971080518
0.608487291875206
1.79179555151506
0.00945981227148339
-0.93208332661854
-2.66944354375484
0.295402675765077
4.39439315313638
-0.268363882691839
0.534306506866543
-0.495965945811025
-2.15422194419015
0.563108949924944
-0.560979142668249
-0.511263887660135
-1.21015585938936
0.149850622668373
3.73128710825139
-2.6799103693509
0.681469067409772
0.402158249050016
-0.439750578703444
-0.539563502062161
-1.71713429604526
2.53325603090192
-1.09966522258656
-0.807861595145743
0.84472178076594
-1.47255921691561
-0.499993151933531
-0.485366071152815
0.230526005143522
-0.0821806814411605
0.171633257300848
2.43278557794256
-0.0353957632769397
-1.29231161788155
-1.36296615433455
0.142495880178891
-3.51689090729591
-0.706726591018203
-3.42034646283147
-0.69761218718263
-1.29724145224473
0.108602431624681
-1.42232207739275
-0.254501625521714
1.23468177469924
0.3723229684776
-2.77472411313683
3.80250000566099
-1.14578780182723
-0.817705830056828
0.47053471423656
-0.428915633279799
-1.74430233621701
0.364144220416541
0.146836546509764
-0.286630166249879
-1.21383026043161
-2.72854165613746
-0.470508019199325
0.396871552964516
-0.106416103034712
1.26434703834127
-0.375923670184449
1.96753389627922
2.72549367325596
-1.29303662458226
-0.307227850237688
-1.73259992515622
-0.832297438943331
3.77582661247358
2.49148009489822
1.85557943538149
-2.69030049554028
-3.2856298848972
-1.70833846837944
-1.49975568180372
-0.399214928875525
-0.646824967070037
2.60037027890785
-1.93176838805144
2.20208548897433
2.37672636898536
-1.27749635021484
-0.197030588756189
0.0764459231106371
0.0783339897767801
-0.504692253145247
0.734202431277423
1.01106168946408
0.510690337411881
-1.65461570633624
0.93485088152991
-0.392875159577062
0.214682492131473
-1.49596135497585
1.01386599160455
-0.921000643129825
-0.0656999279668907
-0.0889911258166974
-0.349902157543432
-1.11274226663281
0.960433853227274
-0.878115416495218
2.75445715399401
-2.54659360791539
3.26147168460538
-0.929749897411267
-0.215892933864927
0.00842316761872112
-0.586528799082683
-2.55374066549145
-0.857867653394918
0.488869075373636
2.98127499785938
-3.14086586499438
1.02854628495788
-0.26684998254509
0.817097734317317
0.0435960403969043
-0.116674280645704
0.986182482919119
1.24422326548026
-0.776335197083513
-0.102927410026797
-0.634313497710042
1.64798469303142
-2.01343455074207
-0.241082147454613
0.896830323804412
-1.39752196534487
0.176753419112763
-0.313825901116029
0.881792580970962
0.991349766629448
1.78771333337793
-0.601191551072251
0.449765324266954
0.00428293770630278
0.739607042004273
-0.0841920891352741
0.860851260775438
-1.15661702895296
-0.656470508084459
0.280599032172827
-1.10641348856101
0.904351024304573
-0.220390673596727
0.550089512934712
2.82373204397958
4.32053038827744
0.0954363913555847
-1.81774475837442
-0.938830654976735
-0.50744179099153
-0.454153662384716
-0.0211472430208596
0.318000108953346
-1.22956068227266
-1.49561876183623
0.32646701020488
0.488663876091423
-1.29721420423179
0.61236395817352
-0.803038042973483
-2.4413130700921
0.0655460628343231
1.41977640619262
-1.15295634246437
0.571555641955441
0.128043177116672
-1.18618473752197
-2.15268688165682
-2.70559936020046
-0.148787509899473
-1.01273754203162
0.806714469988581
-2.54134444326611
-1.87652106215265
-0.123277422200196
0.968785132296645
3.69554230653469
-0.382678015981068
-2.29459816585631
-0.0385354210497447
0.961548878672634
-0.516309551460178
0.918857884348453
2.19612347514219
-4.01721330606149
-1.92199559835665
-1.92906806909588
-0.682213170778715
1.30470236875048
-0.992944464496443
0.488224552723945
0.872071362995656
0.00793422948786594
-0.602879857763189
3.41907625757038
2.1727014995668
0.734611994882766
-0.960983111518929
-0.884317183680366
1.61994799981825
0.940080402550492
-2.02199148883109
2.08171305995603
1.84196188013835
-3.40759942092042
0.802473291040029
-0.889947156707095
-0.918033848706464
-0.650459633473202
-1.95463623351128
-0.960448323224979
1.46327833413302
2.9660713048839
-1.77840495986682
-0.498276632528015
0.929172475535736
-0.714931344872269
0.295845392980742
-1.31160947855642
0.410981750188077
-0.0567832132638184
1.52734499412381
-2.32551892457261
2.28065007695521
0.253105761042048
0.00358497141330704
-0.564984644040719
0.684916369999232
-1.6014432002344
-0.329820052413864
1.22659915423238
0.656433861637295
1.89448949705211
0.791280139982769
-1.02294785110894
-1.12830448835688
-0.034651031072608
1.41605463328216
-0.359106227233321
-1.4420854001794
-5.00382058469545
-2.89453980642106
-0.893308645074923
0.577453747632864
-1.01958964500906
-1.32354435585207
-1.36688243443547
0.660947778747403
2.2099659271352
-0.0352934494077679
-0.961835624287598
-0.600135551626527
-2.34823367115724
-0.960103393693407
-2.38518096645596
-1.67710061532818
2.15956690995733
-0.406700530237353
0.787878866269682
-0.213572597407618
-0.308630359942178
0.188157746123877
-1.64523387710879
0.280039512667464
-0.063224337238587
0.650840051561221
-0.181989419965687
2.0519997278748
-0.392296184890181
2.69623146968507
1.49574364501259
3.83263135160516
1.63601731105188
-4.57569449423428
-0.302329938632786
1.24431748920819
-3.10477238217062
1.72867424374665
0.83183739662014
2.87209726838381
2.36250150311671
-1.50827226581426
-0.0460793522522187
1.23773475334552
1.38754573396981
0.0576645183331909
1.06979385588297
-0.900781631816037
1.32823671714727
0.273174115065569
1.15259553363493
0.455264789971649
-0.37547077229526
1.20745001604014
-0.655645626994384
-1.13262144217087
2.68620702061582
1.73565377187022
-0.255079938128888
0.78573397230654
-2.31483214033421
1.06458758366162
-0.635180813004911
0.193166032733003
0.425943667736576
-0.621491206053192
2.63491722396705
-2.42672126655585
-0.962719662043662
-1.35369494557866
0.0527643107835523
-0.624004912281183
-2.07271289204038
1.46677082995475
-3.57658287835838
0.569765156506097
0.823672124739765
1.20630756867513
3.47629878170814
0.732471738502739
-4.29145690079809
0.228534831800696
4.0880528533337
0.636996762511407
-0.0971391526472804
-1.94333774371151
-0.985391718506944
2.7993330784696
3.01197298131306
0.390606863458439
0.538139617481248
2.09263546405731
-1.17888674509943
0.147539362958318
0.667105172991992
-3.11315809952392
-1.35036653576253
1.05508494527065
3.85770345829407
2.76001193120939
-2.29436702710166
-1.30687286988928
4.05488421845886
1.11363526711958
-0.0622162899411685
-0.549008596813972
-0.292987959641052
1.28606153448454
-0.351602456361886
1.36839041433996
-0.897452571461385
1.18592860607884
-0.650129433015082
0.711284852945727
-0.192771365047378
-4.71607321192733
-5.59750619011013
-6.17878497127712
-0.177982815948231
-2.26037688452232
1.59465219432593
0.988359477894436
0.614986828697851
1.10323045983103
-2.19471346999789
-1.31191508123099
-0.994927216685531
-0.380882950155676
0.764803758430415
0.126770682474352
0.168540499097926
-0.826330599077591
0.459484528176569
2.24134857638633
3.32669907234111
-1.93956544038274
-1.28264220509941
0.340577323592038
0.568208429871905
-1.9422136012109
2.87269666171142
0.829108596191254
-0.597890628465734
-0.368925467610524
-0.680903649283079
0.210058185869022
0.0752212175296692
0.886111411842978
-0.225309166915973
0.508326335585504
-0.434246176235247
0.892533833111748
0.327313412758912
-0.210723131252203
1.98335130288976
-0.147176487965419
-0.143748725722502
-0.658857284595339
0.0547108431612355
-0.389720936043517
3.31820764071841
1.97894334281581
-0.533691182150631
0.178603238623257
0.438507888118132
0.56027812033044
0.316702877086344
1.90790282526149
1.58617899977886
-2.46479182675607
1.73097274571314
-0.769138939833741
0.382499545669833
0.291051274965806
0.549899980905532
1.06956988174068
2.98817083015584
1.74514487182123
2.88961275475678
-0.225494820014595
-1.3963694249045
0.189665614972333
-1.59803640362393
-0.474336635327353
2.07157486389491
-1.02226929474281
1.31778028016028
-0.576317230935924
-1.02584299783511
0.158888587968314
-0.136235715303204
-1.4894729352358
0.77274663871517
1.93495359115145
0.309523313232942
-0.898436254508774
1.98543341941946
-1.59368936097351
1.59107002347502
-1.02269194690916
-0.554739271385559
1.21287250117063
2.31312415388385
1.10562745840208
0.321863720097948
0.123306521555459
-0.827007737619412
0.782024271489926
-0.234124907427893
-1.5552607951325
-0.601978379391194
1.38088191576468
5.53531639181083
1.1234893922245
0.644020977976163
0.562235159831091
-3.25142423343703
-2.75152993780198
0.971079958690762
-2.12279151746341
0.371898164918182
-0.0362656453944741
-3.10845897915049
1.13022229550787
2.71041517000862
-3.14350599747727
0.0624648496963583
-0.911997459907742
0.079582357488939
2.25479042741799
0.959951465223177
0.651639609428802
2.38767050528197
-1.12614346842304
0.249471372541036
-0.9831139709455
-1.10963647315348
-0.662545339248667
-0.234592132535569
1.05713465404203
-2.16883309828079
-1.93239282372912
-0.543167936675976
-0.917129272772752
1.52793771975439
2.6551167215892
0.235087228763446
0.0377719982917202
0.367030130105432
-0.228299362032603
0.70850777959035
0.70706740682833
-0.814013696752282
-1.09484713429062
2.54758481585585
-0.074205941680015
1.15368268028495
-1.70965978698465
0.968272034648229
-1.25956940461603
1.62255492144859
5.20721439024589
5.50995896850844
2.57728098187476
0.261179146800569
2.146125109775
2.24358776944792
2.06222128936934
1.53078632780627
1.83372032661736
5.4162138838342
3.46494302634537
2.33970762247421
0.213652351414824
3.65027235751387
3.60767907921337
3.75044845292182
3.22798144311829
1.67971420966652
0.80589100147106
-1.5184458923058
-0.449990807336291
1.14212703326987
-1.30868048686631
-0.822286701042226
0.290551732618571
0.305996595161292
-0.287569141699949
1.58550663975161
-0.458643081368562
-1.72793997548062
-1.27181842627646
-1.47250834463618
-1.11388034454119
1.00608471427654
2.99412448291218
1.40506857197411
0.750934689430138
0.807112280765898
-1.0805028028772
0.760003843116655
0.945835491098656
-1.10800240919893
1.50387099148752
-1.60053016649787
-0.402398467419949
1.12091445592473
-2.78429022502555
-0.124263587020818
0.0236399477764121
-0.130634062422744
1.02761515750622
-1.87440364060433
0.43438058663374
-3.9843917189345
-0.709897311381881
-0.462522441704097
-0.156681054608866
0.885456400671098
-0.489321744210226
-0.629175069304636
0.711735730670019
0.0698887002084537
1.29184947853897
-0.290287775697094
-1.07407595323311
-0.57409633749023
1.77861461342506
-1.78892734434169
-0.339760309720628
-0.92141583509412
0.18941190889515
0.691524423532804
1.69451062606079
-1.60397776147096
3.66071689095514
1.4474596104943
-1.93868789490576
-1.98239221373514
-2.26465282144059
3.19887867151457
1.3709685648163
-2.25567765399668
2.23973070979811
-2.03826974487365
0.187599583708655
-1.95388990759856
0.922938893103733
-1.14102347558268
-1.70014187651484
-2.77483000247506
-3.45456966427566
-1.86448952047249
-1.44072520653866
2.84436908518098
0.55252913095247
1.69753951059431
0.50151115001226
-1.83048629140434
-0.955979478227532
3.44091784545157
0.289808545755233
-0.586741076355694
0.19111419489131
0.085471136439961
1.43152858264223
1.68854666291162
0.282269305230713
0.119356815159456
-2.20459045729879
-0.377255460861919
-0.799557379203216
5.05913586475714
-1.35116571879754
-1.57971988628741
0.445976166633858
0.395637352236948
1.54692686885256
0.723634710749903
0.192699375742701
-2.08575018219846
-1.27062152704059
-0.804670581425507
0.818182034499923
1.27452808855692
0.473599884473094
-0.539248540953085
-1.33000423838401
-1.22749316924333
1.26974463893852
-0.146069310177254
0.232919030752145
1.69458062109515
0.665064386244945
0.172006763214732
0.268738506988916
2.37983693481122
-1.56567331489069
0.498357911342611
-3.26030808972416
2.63210264545777
-1.33747607639868
0.985824120506991
-0.199936786634144
-0.697393293605743
-0.479222036294207
0.879403928994331
0.597375540396569
-0.836121919355501
0.95285278165058
0.678387296785278
4.55251733751253
7.04697792958512
2.17989687344954
-1.54705452265151
-0.0943130859647878
-3.43441592332313
-1.09308033813081
-1.53254464747845
-0.105198879162879
1.13062939757324
-0.93817162746936
-0.401374600878432
-2.19539952426159
1.13964354060649
1.17525507118247
0.0147009605283714
-3.18918494374268
-1.36527072235637
-2.38622613421746
-1.04812880466729
-0.323645148650061
1.04719846241556
-2.62829625190699
-3.66052002757582
-1.45317479834791
1.85658588796816
1.20875590127647
-1.05240094060936
2.10883409181485
-2.94406827446443
1.33085867699952
0.521982831421992
-0.308628519113269
2.37496060928261
-0.591640888518294
-2.22279239446994
0.762804902290018
0.0575663783805533
0.791423475782937
-2.12930654041377
0.720162973317049
-0.339945272672194
-1.16414510987756
1.96450674135662
0.306095766012669
2.76077140207161
-0.646716584452575
0.295571044253657
-0.445334333658267
-2.66827422625942
2.68431977691385
2.5152065253039
-0.968975322697037
-1.22137479335795
-0.730990909857186
0.961086249595172
0.938064556322545
-0.0992547417707639
1.66844247110956
0.770148671838961
0.687716948816548
-2.75147920529219
0.490343174391147
-1.30080214039662
-0.273119892040052
1.42828203520121
-0.453250719126516
4.02910997739258
0.0925112476029017
-2.7206313950448
-0.302227384797683
-1.95244525026924
-1.10816652619001
-2.80575063038594
-2.1184684852681
-2.45818963768469
-2.26202668776429
-3.0788706684995
0.194422371424269
-2.76179026063923
-2.39607049787984
-1.22852957378792
-0.420672373684434
-0.0137425391912022
-0.773099188837991
-0.379373737812805
-0.756247128165448
0.0283030162782314
-0.177716742473651
-0.883817709488675
1.86662728568934
-0.783622690927442
0.364776598348166
0.219293179183709
-0.176702980874581
-0.644480884192965
-0.359037684095814
1.35427731316316
0.117778599434437
3.20572180296615
1.61247290368875
1.90978686405262
-1.1620280430413
-0.474202229791141
-3.42265048800054
0.243261220080712
-1.78755084007557
-0.0421443107731867
0.338876637181758
-2.25053370156003
1.79935687821176
2.20507949651828
1.42213974986657
0.916704673439555
0.968558507026128
-3.73538363685732
-1.05169490828266
-0.704732296311932
-1.36056924507877
-3.74703975157085
1.66991076827926
0.418663433294458
-0.478496312994897
-0.946972342904837
1.80780519582548
0.130212536998931
-3.08363690913207
1.56708897931855
3.56126164874633
3.88007458923768
1.10045135910628
0.427210848817864
-3.33202383489846
0.17124789907296
-0.0867477602470251
0.132808574597454
-0.286709744746486
-0.0404735287105203
-0.167371728067563
-1.5169775450496
-0.529318736082678
0.0525869606567188
-0.81152766674436
1.01076647046768
-0.797090381950972
-0.828315226359662
-0.838383512431843
-2.16982027512874
1.86598177942628
-0.431503503001739
-0.73736463901935
-0.470497901528523
2.5524945702043
-0.0817172883101956
-0.848407917656345
-0.348733166477069
1.39874264558119
-0.910214787677679
-0.131375313407032
1.3308206377982
-0.444629116048505
0.818709311843771
-0.539017346072851
-0.423871021434756
-2.03211384926977
-0.26261393017521
1.502083482757
-0.124396589942553
-1.85560405319542
-0.900559416823568
1.18362200131556
-0.491462519852833
0.88317861055515
-1.6682183136164
-2.10167319654203
-3.59427764473758
0.250627068752723
-0.0447007991199845
-1.28681647158149
1.9547300269603
1.63618494869871
-2.13142204241646
-1.67105609286817
0.848545280975461
-0.880523213904709
-3.9560130752788
-1.75321624503596
-0.796822852257899
0.26795906939465
-1.52987125624772
0.243023677018298
0.694679419725811
0.526570461595162
2.57271919634517
-2.34190748526472
-0.335096293119797
1.1157072273793
2.99610678642583
-0.5779510668824
-3.16901698236326
1.43663189339573
0.912598314866465
-0.583501889857298
1.14976724924397
-0.570272512572518
-0.523484998153341
-0.227598359793309
-0.744364301614817
0.000955306288381688
-2.34645835220328
0.353745438271566
-3.00741576765054
-1.35644778911667
1.8242297203033
-0.232041197108635
-0.282369941037429
1.56174049704432
-0.18342887230579
1.93276647252107
1.65441996610641
1.02422234498125
-2.5013491494053
-0.227902806335765
-1.26490334807142
2.24252300782753
0.078518895892666
-0.892257742954865
1.39176732519485
0.76678352142665
0.415761016873679
-1.52622688780741
1.66180130270057
-1.6705596828454
-0.109525130773403
2.52982011636411
0.223102990453624
-0.0673206202582396
-1.07904891330932
-2.74332524530518
-2.30510743379605
-4.16752279468709
-1.74833357482378
-0.792991732597345
1.46202602758145
-2.55714269432932
-1.06645736673906
-0.759372602303503
-0.240579166875439
-1.98553586579806
1.53577247004181
1.68372734799488
-1.62846392902271
0.53186743072631
-2.04659282004126
0.730214652410367
1.6389347718729
0.689147645579584
-0.965568049519536
-0.543357417528536
0.672570329346924
-4.38852709426359
-1.90996206147839
-1.70356092396346
-2.32380319839227
1.10006858184852
0.879029741184197
2.17199578202579
0.86816142824531
-1.96697375121117
-0.0444239446225435
1.76955340224296
1.85123729360318
1.14124819210106
0.550957233847266
-0.674169726613484
-1.55200996969015
0.981286520344597
0.013264087215954
-1.45271505202928
-0.795552548607596
1.33432447305278
1.89689469763419
3.84687603900536
3.30847022529711
3.74287351610739
-1.51222685569187
-2.33912451385438
0.401903831564348
-1.02526839884717
-0.088955715337094
-0.257277243774514
0.00658603249517127
-0.488423119032
-0.478831988657087
0.835890711132924
-1.43582561916384
-0.0387310098194712
-0.285423796761179
-0.0379448991335309
0.400915032530493
-1.05640728274729
-0.290261553952163
-0.876087823421383
-0.68587630005416
-1.53868504288087
-0.572298040735426
2.01509796937522
3.1037554601038
1.19809543207301
0.723909043555086
-2.50124182867909
-1.30844505819059
-2.94407453853344
-1.10124646451198
-1.80365422142149
-3.20563130388389
-0.619786717030203
-1.95724601568833
-2.15115319095396
3.08739148025364
-0.655326087109726
-1.43685279679062
0.445209687028753
-1.36709246492431
-0.13636021755716
-1.59772487988307
1.2842451634164
0.0347503265026443
1.30927115741331
-3.14872858849079
-0.729178083279522
-1.81794627171387
-1.44809158466448
-1.81231060904144
0.29875510999962
0.338935066562244
-2.65204649540807
2.57538008267013
-0.954842173938166
2.29988504805619
-0.822566355780949
1.36267941870682
0.902986529291266
-0.196408679982348
0.775486264089547
-0.183196257697522
-0.737208494672082
3.66455597271612
-2.76930981200663
-0.0874175284136606
-1.44067126445366
-2.57736830264368
1.35313161706225
1.52533010630742
-2.7813124063787
-0.664189549297873
-1.60877564173478
-4.17073408588707
1.16865794606668
1.18206972411513
1.55095130222005
-1.94237483992397
1.92980188370393
-1.60189518877065
1.77644085575468
-0.878159551510874
0.36411101162709
0.573090400421067
-1.1023444633142
1.97583069480758
-3.18312074446054
1.62742875843738
-0.737949484972406
0.607812117003269
-1.0598540946228
-1.39699108642405
0.48111482973825
-0.266891642564408
0.19742778909557
1.10958975152383
-2.44739920585103
-0.370683466828636
0.662024138390204
1.13289974802617
-1.56879542435969
-1.51634939184264
-2.28018801994331
-1.1788629061341
-1.25637925044081
-0.468126924860571
1.47995795465722
4.01527465964036
2.69428965348839
2.71875357306211
-1.73217286772931
-3.3136363621127
1.6300526010311
0.586139772744907
0.676206758815407
2.69107215417119
-0.1019834877921
0.717949938885666
0.576091544853674
1.9106019000091
0.540648156758281
2.21318844469803
-1.45178982478735
-0.287680049115834
-0.86273513224447
0.61118861427549
-0.766669163417975
-0.652709341047743
0.461060855737178
-1.82630461976447
0.593215726517302
-1.59173041186262
2.19074064164117
0.636966751931269
3.19459030146448
-0.73220932525792
0.702199876182313
-3.08768986209517
-0.623589675967716
-0.591533315745779
-1.89041590465953
0.110117605260717
2.86063667937831
-0.348961765827187
1.38679886209687
1.18216463750342
-0.982248143810687
-0.184141550956583
-1.22164314086114
1.06505366212067
-0.248854342323485
-2.19288992624603
2.73545918451143
1.75550575980939
-2.10139572058528
0.790536480339636
-1.03163202457309
0.423953634891489
0.257120382447443
0.132323114027621
2.47988403796589
1.69649357437316
-1.03671978118717
-1.93448481289173
0.452579324810692
-0.221543152481118
-1.30339201707492
-0.381668604836505
1.96168605686153
-0.221465890258902
1.5842484600664
0.634813550540886
-0.141528435073497
-0.505578741737024
-0.135611844848254
-0.0217419780889732
-0.0478871708683104
2.62402633917234
-2.14524377222733
0.753242333651837
-1.28326555070942
-1.34250554440212
0.307048605652482
-0.227974419117691
-0.174328716326897
1.26865127631134
2.58017619579283
1.52304651994261
-0.265273358606479
3.06490425574219
0.661072624881807
-0.674884597395813
-3.33021206579199
-3.141865427642
0.324027292297308
0.270446393004516
-0.900735077394911
-0.180452746877483
-1.70824507627405
-1.17751409742222
-0.39849271183261
0.385103875409472
-0.831224878481992
-0.237358224348479
2.1955287271483
-2.40469525537866
0.0763163672497147
0.678822690706964
0.666384363372619
-0.338207293795119
0.669411758435054
-0.710237306938861
0.637083538005964
0.0339843177103654
0.794726144167057
-1.28699189299055
-1.04954009575635
-0.963566119250693
-2.32820796573523
0.246488014741965
-0.874607659586731
2.84749036633312
2.54911750384325
0.679708871723531
-0.93432444706802
2.78560400047405
-0.938267025676282
0.756209759712049
-2.01008801200978
0.108564255183546
1.64697847856658
-0.0666819874462107
-2.05320807133613
-0.0612711138215794
1.20812549601986
-2.71325773991284
-0.599935442382753
1.29205865512932
-2.04457630264296
-0.287031670797788
1.42302579331272
-0.979006954327291
0.64659427162886
-0.0682213128202314
-1.48097303445141
-0.776268231076933
0.357947169885586
0.322807993451984
-0.673322860603758
-2.12003088854519
-0.358383295156958
0.867001003114208
0.785124554163296
-0.451742646658593
-1.65675871371783
-0.53664171207734
-0.593614717217538
0.323922179351337
0.996991554035533
1.23848112016723
1.77810634337792
2.38028039821211
0.574129442909089
-0.130252172781532
1.66141755133868
-3.08931080181686
-1.40128614926734
3.40951442689283
-1.11881958930049
3.26673172814464
0.111955104684267
1.61434015643078
-1.07037373632819
0.517421336712619
0.694065078371667
0.242945755341264
2.16795550694393
0.267899091312548
-2.05044722674071
-0.50052310064377
-1.37226010867203
1.99036509121607
-0.180421515625802
2.61612031920131
4.04957001799958
5.13718563544253
1.71308455336844
-0.686012558467203
-1.96817065992731
0.438254391853587
-0.435026215065992
0.575519434492648
0.488619947512347
-3.89777551296403
-2.77019095291216
2.37222819957073
0.298346080791488
2.43992915216464
-0.655314445579253
-0.230546116361291
1.34338377270287
2.82960690658983
-1.6439356359515
0.765060582104866
-0.783716811084965
-0.457657725746151
1.34493147965881
-3.25070977845671
-0.581668263411064
1.62069075168429
-0.0391576715049889
1.95657137627695
5.02903462648975
6.22900467546844
1.19439102042622
0.746680466808359
0.948759629337636
1.18601966026538
-2.03985637417468
-0.47560680158032
-0.563382091971087
0.232175699404831
-0.17801390943021
-1.77835554147194
0.442552386433587
0.170418693548002
0.798598976563238
-2.33761069528709
-0.457549051190979
-4.36049635153868
-0.0398607302385967
-2.17561283722321
2.82388592276213
-1.69226430102438
0.909390142222246
-1.55923089955896
0.277707055463006
2.37548506726634
0.24468405938609
-1.87501697150663
-0.365105605968939
0.753013535227541
0.871716937783781
-3.2819463170904
-0.152901062389804
0.830432721447673
0.538428353542456
-0.18490287691875
-0.294941654661912
-1.12536657014645
0.218157749440756
-1.24570611475641
-1.15081771041564
2.25294432319857
0.00316392080536576
-0.742183019048282
1.70202732364136
1.90153639581079
-0.162363648548787
-2.9708968318552
3.28509719626897
3.67549054714467
0.780652151995004
2.22911167080664
0.221255829947338
-1.18591791023131
1.29789495940117
-1.43424599507903
-0.567754973474354
0.0484637323384364
0.685299948655887
2.04887641996474
0.0382461216976627
0.0870394333200197
-0.811531989037046
-0.321194162056957
-0.689138401922493
-1.04776186982827
0.0565426482834921
-1.57964606512409
0.625682877831051
0.444049793298309
-1.06151962124237
-0.413687371180087
-0.454771877858241
0.0862038298942934
-1.26749467972208
2.01123737033461
1.0138829364989
3.1619842507661
-0.622902428847505
-0.182909444478258
0.782931321871579
0.744457379126746
0.341956293561176
0.272132847441265
-0.15256933274118
-0.114862704107609
1.68065766464587
-0.462278773265309
1.80097225612232
-1.73325788706528
2.08200869681978
-0.444663741924727
-0.162629987669655
-0.147032002452069
-2.43152351512081
-2.50761042413272
-3.65750559677527
-0.404794872865776
-3.22068863735888
1.87238476110676
-0.205660597629823
-0.269057782111162
1.36150101301895
-2.28122029028698
2.80526692449185
-1.18919259429947
-0.398109231585653
-0.335176053590653
0.213334837941244
-0.992383226548547
-2.15474353126157
-0.656922192609755
-4.20124358075604
-1.5123184794261
1.4549723788993
-1.7351609293511
-1.22930472255062
-1.99192923357642
-0.0185088178108066
-3.93323187019998
-2.70981179988786
0.563642253861466
0.58179450747632
0.0739668021771904
-3.42289348466494
-3.08462056760406
2.35640130087907
2.71440089059187
-1.2554440992899
0.634071735570586
3.1407074620981
3.56951529133833
0.454683589782825
0.702976116150469
0.393755096096769
0.0505918691748105
-0.34223668121827
-0.03068647227498
-0.317358700172009
-0.708337996083216
-1.74072333173073
-2.04940419623785
-0.529132281821569
2.14031632906853
1.2970409343828
-1.77201586064224
-0.0719757242739354
-2.20805176543522
0.616465929406015
0.659130773909111
0.635925502175506
-3.20408456474918
1.11445696472376
-4.17323788873639
-0.387201335460106
-3.61730840037266
-2.11926807310853
2.63254213127146
2.38820707366926
2.89252075621742
2.31801150999598
0.514132064034885
2.38550842268239
2.29580947490687
0.648313059407458
-0.0111245729863483
-2.03106836649491
3.09608454955915
2.1993472404613
1.18547857407879
-0.77762598558726
-2.02783100211888
1.52299340750496
-2.06484241136264
-2.41936254310858
2.47023881282801
2.75234640227682
-1.6679309489825
-2.80890654406206
-1.4056157822611
0.103830402268355
-0.436675481579027
-0.604815460690314
-1.73353252022935
0.723786663837406
-0.587436140057564
0.219966636436876
-1.32250669312267
2.22820563271536
-3.26909540418235
0.0919095808751401
-0.249470116877342
0.982780362575503
-0.179376992691326
-0.266091434043192
-0.962969500582512
-1.94307523975936
0.039005219368915
-1.64084924651786
-0.503422924396732
-2.55051952295613
-3.78782655796248
-3.74331910424842
-2.66792083021123
-0.73632458501098
0.711840582233797
0.470870950633171
-2.55312380953352
-1.13906678702761
1.01195981479777
-2.02795050950722
-1.13742954283125
0.470064630895236
-0.655568683043478
3.63878278323032
-0.654782142842048
0.873904828217705
0.348217016558687
-0.759851462521926
0.700381045399631
-0.119889306688201
-1.26095401208161
1.30513064904613
-1.41067823616895
1.20232864579642
-0.559122487817599
-0.113497066500314
-1.0307244858165
1.64970224546949
1.44433856936956
-0.180165267351246
0.821039133635318
-0.943056500073527
-1.25721621486043
-0.0748538533358087
0.411048410604853
0.0140243812774677
1.75596287683989
-0.953029823072124
-0.515985418178233
-3.18390935554792
-1.21390074924219
-0.730579042114614
-0.307374741649847
-0.417260643008587
1.71545264346466
-1.96832627093568
-1.40524724873908
-0.296730674082601
-1.68749731108541
0.074417798870292
-1.0902373750645
2.89033177437384
-2.01432480010579
0.802224876306612
2.609605899926
0.366058291153739
-0.597014203698139
-0.639480675839989
1.06932689904577
-0.0144694199506509
1.46881478288895
-0.43987489970861
-0.405635442064157
-0.354386389438088
-1.39004473998595
0.902586169531495
0.125817634512522
0.393497332867971
-1.90546234463825
-3.54489122926606
-0.820345140713492
0.35043400412148
0.0522939970876735
0.206875920645374
0.479093700228949
0.661244176453604
0.85197150583126
0.957911909471509
-0.80738845363216
-0.00611275646502843
1.70680973778625
-0.260511045232023
1.66288848370731
-1.15556658311657
0.393966919999392
1.13622391980046
-2.02150441611044
1.16545097005221
-1.28623492937977
1.06748655124571
-0.566701062472278
-1.06094188514983
2.80245961630117
-2.99539658001788
-0.00207279352417034
-0.338515435302999
-3.53689198595734
-0.751628830379779
1.01030141594588
-0.662232673438377
1.57232012775188
-0.843772867793533
-0.61319067601331
-0.693454904933651
-0.393945708408794
0.356169083156933
-2.37074345191501
-1.16005380171257
-0.144165614292386
-0.626726899819615
2.37875793642233
-2.92138544470678
0.481928945664239
1.15526048887733
-0.045971068919836
0.553633940610561
0.877504071263808
2.07412577445807
-0.6647804027932
1.1452896026747
0.945658215774147
1.85795377829284
2.87668742999684
-1.0918586873923
0.870555221319559
1.532843297774
1.5434478576905
-1.34362853104075
0.947312083054584
-0.865218645378687
1.65101664404148
0.577495616455163
0.589369835983819
0.629932063750113
0.593636446022576
-1.77540428892693
1.35531341525202
-0.320841521440463
-0.170569029169279
-1.0098347387884
1.69481089607294
-1.07609085319088
-1.1823055200237
-0.804298429847334
-2.07000637563819
0.527323037070244
-3.01673366618629
-2.05308945457828
-1.28886423725037
-1.80771683923761
-1.40781362156519
2.14887711772351
0.270681127114046
-1.2836338052212
1.0541123139532
-0.613091958981931
1.69950251917861
-1.58887977453844
-0.338760789427776
-1.5214559826138
0.668838686963803
-0.543993961967806
-2.4634013440092
-1.04362416647815
2.33305374818092
0.610695636028085
0.913862638512025
1.75948480301889
1.92149549272838
-1.28206261604737
2.67091564598691
-1.80506947581404
0.379625883488102
-0.618158407035468
1.45038440567423
0.281171871315228
-0.851679137302111
-1.43331332370099
1.92426310659909
-0.599610426195444
0.912128955589854
-0.32753988575284
-0.0137256699495154
-0.961285815205238
-0.100819005274233
0.00654858329727455
1.16418931520336
-0.713443334436862
0.371082482102351
1.08960072176637
0.693380800021124
-0.697369388393392
-2.03784970593126
-0.326178266012346
-1.25124071056056
-1.53501483070196
-0.345461168928907
0.775639569973588
-1.57721385299133
0.378326940826242
-1.10602271591361
0.528679693836543
0.32934976121072
1.3844959297613
-1.71562356900643
1.93780413020301
0.279887519203158
-2.20809789588091
0.978231491650867
-1.25203834200538
-2.51692889467297
-2.32917430015035
-0.458626045570418
2.73025940830892
-1.83216556100794
0.53723833403165
1.59919381263661
1.85857595019638
0.726951691414112
1.29674629032661
-0.203938064334125
-1.10299200124283
2.2281759374357
0.156717628993082
-2.55031846515404
1.0300376027836
-1.13769138531049
0.715755646677365
-0.201273557422593
0.361263776742167
-1.39408309019646
-1.65645616194428
1.51683346425272
-0.979979529221552
-0.5208876855594
-0.547114437393132
-1.60047996621875
-0.29304572378675
0.0134525209698255
-0.0614176736901795
1.22323298200321
-0.778940341822637
-0.928900023796334
1.89771124960253
-1.78130081083529
-0.291040817369453
0.640979251199101
-0.484463029036231
-2.27725396435288
-1.02496724707499
0.450155592012815
-1.7727810836727
-3.96343897051829
-1.08875756466306
0.309463408207047
-1.76712641926453
-1.8857694979241
0.814513504422288
0.00206005263842035
-0.832830472676827
-1.43573032149762
-4.77640596141717
-3.26748286738873
0.315186806097962
-2.77753597119042
-1.87953524631353
1.50707775161916
-1.86118999171713
-2.27959258728552
1.74781361474311
1.20519068853253
-0.8381769883439
1.51569614017777
-1.19964834563632
1.42964738136176
-3.13262730311404
-0.240848873004497
1.9574721929329
2.31602518373816
0.512104131038978
0.946056111868114
1.67748620180646
2.53912878405669
1.47993351791534
3.01804864512793
-1.44714630920215
0.0163923853935607
1.14503829633318
1.0261871767043
-0.502726115294592
-2.12419575078951
0.299267483086585
-0.463880876604343
0.798524894369784
-0.0406374733230253
2.18138646823071
3.30015081303962
-1.36276501656399
0.281256161250417
-1.26245411084158
1.98245243539012
0.235046761183522
0.935358946127118
1.49827986174568
-1.772025858292
-0.00190177770873801
1.494062235466
-0.865636622460781
0.0504798392548955
0.473858580521031
0.93015249625631
1.36071538572335
-2.60442759699177
-2.74421927212658
-2.64193982586497
-2.97252658874254
0.819675936432831
-1.21551160451408
-2.26231996706962
1.74999747913516
1.57793122536748
1.95681425260847
2.03003210141116
2.48701071476662
1.79390316400724
-0.906621578220716
-1.33699220934159
-1.39369391849606
-3.03748279386155
0.349769769314378
-1.59826969582253
0.847011153295989
0.456068395321145
-2.37475422157896
-1.65217745646438
0.911143906895408
2.16384100649958
-1.88391504452137
-0.624895514316392
0.522043642472887
0.970117907778769
0.820123183658055
0.0900617149495909
0.779944949694669
-0.592392568135378
-0.619160338405466
-1.74186982095036
1.26700236877188
-0.743556783770228
-1.55222238477662
0.355435885486917
0.286649961074978
-0.560595301849703
-0.125723657644721
-1.27336897489674
0.490385726038962
-1.21034639876109
0.327769665201047
-0.364425997937573
-0.562089796024627
-1.66453187605236
-1.1789436101041
3.43102726811716
-1.85948958365575
-1.10342595788069
-2.27369165896964
-4.31379645192052
-0.983214184361984
-1.11937895957512
0.622459215923982
2.93419998694044
-1.44317030275946
-1.87290954485381
1.43190463169521
-0.426833849004619
-1.80443594461375
-2.82595306550543
-0.914444940579305
-1.1554546931466
-4.0935430732224
-2.4292054050185
-3.5798123470025
-0.0201975663009879
1.78755088832925
3.77620409527403
1.79443349937515
-0.521634346403247
1.51484348163576
1.93279189795867
1.12115247076945
-1.32616566208372
-0.536539011932944
3.43084975372444
-0.605165989225959
0.926559908330949
-0.0994906563165937
1.79513829027812
1.54895296472954
-1.66500930169253
0.818762670467475
-0.308677413493025
0.331614822499183
1.14958653207938
-0.12284363774003
0.700388055619896
0.994656210763017
0.589051222905427
-0.491809886565034
-2.07858176255265
-3.83814651356773
-0.517278011776984
-2.2476183829213
2.69577757338069
-0.70938308808134
-0.21487585515917
-0.809625781158837
1.97285557728376
-1.0085791621161
1.51767928787808
-0.267908079410724
1.07036088227397
0.967270366444255
-0.0331509359517781
-0.974047135953311
1.6291786443516
-0.496338370502439
-3.34340256494643
0.0578196976094025
1.42710025896358
-0.268197952890521
-1.2955259538465
-0.603775361832563
-0.461525089431526
-0.537596778961059
-1.26814450882085
0.39847459381358
-0.835728560779068
3.1444471946223
2.22910560905268
3.39343959643142
-1.75301437571799
-2.80853850243139
-2.53077540235211
-0.866824363489253
-0.812348492137107
-3.15369364936625
-1.51409464408749
3.18623997386826
0.235537342363828
-2.29496864818655
-1.16395572181952
0.0313567534502567
1.09343219859072
-0.886726977974128
1.20256371940002
-1.11077359428126
-1.08450046769508
2.143504231258
1.70395950976314
-1.23921549888772
-2.19651721455435
-1.78453119884642
2.2366724848439
1.24389055093271
1.15451145889349
1.24089865676632
-4.16426411285916
0.438224578021182
-1.24360599424703
0.856462873042594
-1.31595985791329
1.60394951884629
-2.34773918434705
-2.10297393201793
-3.66374075352718
-1.35035510646129
1.09788815152305
-0.471356741884064
2.58833274139552
-1.65033522942308
0.435608943741957
-0.295633372542464
1.59227323355099
-0.727228919176325
-0.0225739864952592
0.575338375218594
0.752348487606508
-0.704803711063374
0.219567399212661
1.36366240675535
0.0892551509513658
1.1418141947597
-1.42388307026488
-0.55392205848374
-2.53150770303154
2.8904863511065
-0.606893356155843
1.64349361741418
-0.330473178499688
-1.56292976234757
-0.759315069857784
-0.460834498809976
-0.289835516100992
-3.25934181060009
-0.735788466045166
-4.12877274844939
-2.97175368075302
-1.35236687219698
-0.442373759815807
-0.0337068811738977
-2.70413994634096
0.420411308184321
0.0696325997156619
0.331831644171029
-0.0751906852590048
-0.824726145112723
-0.87021222076378
-0.540267707297687
-1.09492660949974
1.06779214550304
-0.366642740695049
-0.728561514273299
-1.05287460230516
1.50394501115301
0.444570697262387
-2.55166007681586
1.82395524173052
-0.802487560165077
1.00352366681454
0.509543980373575
-1.2605347597879
0.73455122528934
-0.0863182892440815
0.672360831330945
0.283636206029501
-1.11882531836089
2.02001410873053
-0.107710101792631
1.9702711426155
-3.45121569815329
0.96519471789944
0.927072972342949
-0.386171781572148
-2.65046968283203
1.21356217349241
0.130091838819957
-0.673115214633324
-1.12685356630405
-2.20055239280959
-0.580704167508557
0.0696294644816093
0.172046542109641
-2.46024167883076
-2.03153476442803
1.09211411221989
0.517618112329272
-2.19329295562883
0.148857151397639
-2.48765411631224
-0.0348137706605585
-0.656565625386691
1.34505531875438
1.64916517012067
1.30766188278306
2.02857676752664
2.83459650999833
-0.207255115445095
1.60801580895502
-0.10969517344975
-0.508412233868365
-0.668236995768333
-0.750137311447145
0.0545340966483579
1.39329455707766
1.26539323766707
-1.46776138580186
0.475570323742915
0.875643114179238
-0.774212359241513
-1.52108447329248
-1.81743972975241
0.0059820700741394
-0.0543481422816672
2.0431353903437
-0.0393181479865194
2.45305094629661
1.29643828009129
-0.513109885972985
0.963483886988411
-0.255370294640318
1.7806643947504
0.761900034149419
0.385456661564067
-2.51419582288645
0.425269990327865
-2.01364025239339
-0.607576414413451
0.777732095586781
-0.157884114975358
-2.20405769146737
-0.852090264390377
-2.49586346881558
-0.554539993500865
-3.86822298593717
1.28321054624791
0.280030626237342
-2.57581181265845
-1.2982483140492
-1.0819898657686
1.59660562954641
-0.131012355710703
-0.141658440277592
1.45635562642784
-0.735200729194583
-2.5993686834349
1.35050801163751
2.0514771255004
-0.737527495489814
-0.638006728141412
-1.90314272360668
0.906258557247711
-2.16916166443262
3.95018862811105
-1.00259153308909
-0.284450553186519
-0.0970216815842889
0.719972412167464
-2.04476658316811
0.554268254084784
-0.99498589279851
1.13519260234008
-0.449280071260166
-0.587263110614105
1.36538861032537
-0.523484535622854
-1.06585158099007
0.0668659603090302
0.305648079877793
0.206425055337871
1.58445564797129
-0.013110721471462
-2.69620343460508
3.29888068069736
-2.0064236240446
2.28847254890908
-1.91555970702993
0.0990729972622235
0.387812726155294
0.542338024700518
0.675211378585217
-2.74778715348724
0.224645315714883
-1.5937646022338
1.35867274578721
0.89593583339568
1.18885675117775
-2.04766720317209
1.65785130999599
3.2653902366847
1.86734395719607
1.55095665866259
2.0369945605494
-0.331999751574946
1.77930777083191
0.10034870954519
0.715707147878051
-3.22442168350978
1.65075489632661
-0.802922705588326
-0.836376226051405
-0.293406901161176
1.14875128254589
3.08933148380997
-1.32277678122183
-0.134655533911001
-1.31130163645901
0.440962591058014
-0.272241700181088
0.980296166567143
-1.60218914909264
-0.811526885251691
1.36859267633411
-0.156877988115086
-1.09277906067746
0.619237690728227
-0.841073329818628
1.39748876573688
-3.16526402310806
1.65816392229657
-0.833522638304263
1.25500829378239
-0.913509818187509
1.09261951900793
-0.677768297263917
0.118727835184732
0.17574390423219
0.155388796549929
1.05826879705254
-1.29571424457413
0.77822918332021
1.50168852443898
0.351123851220592
-0.257511762907979
1.2150140314864
-0.301375814355199
-2.24465136970457
1.54077801916669
-1.24795784122957
-0.320661604926799
0.275310525147577
-3.5960986431459
0.321276994128671
0.919751099855237
0.206582534394888
1.36587139861009
-1.89666001221116
-3.06883456230727
0.872251082828719
0.840171797692696
0.00833209404823892
-0.20351887429825
0.502131085850775
-0.957305672779982
-2.19988519384206
-3.94912317825826
-3.14757979775674
0.710777728934158
-2.2353275367012
-1.40029379654643
1.65296655032848
0.172758030121711
-1.67205475303905
-1.98950536098861
1.21405471327666
0.388040109210962
0.896717258961477
-3.55186527926489
0.518918520258049
-1.15547655323134
-1.49357915777747
1.12661500372297
1.31448411291337
-2.55600872344219
0.626296670039593
1.55359129884303
0.434190037615383
-2.85444862064348
1.38252532763024
-0.591624296255578
-1.47065427109115
0.897935900376824
-0.834199072636696
0.426062649518899
0.430242867260106
1.2094950662534
-0.864276096181091
-0.251394752368957
0.886614445000777
-0.0326820062829983
-1.51943365005823
-0.641591310669586
0.70445365257953
2.59352462770619
-1.29281199466005
-1.47207904333666
1.15726328565636
-0.430360825494394
0.793754140087505
-1.79759232554762
0.120035300814302
0.627607540223543
-0.489189657084258
-0.0473811324816828
1.1728436457394
-1.86503447143644
1.70307404892564
-0.189488298452163
-1.97728452766168
-1.33942395295544
-1.77708147605732
-0.582257536217088
0.20845799278396
-0.195780333172646
3.0254476021393
3.59880904378559
0.136200616141879
-0.99248834854188
-0.207185379838764
-0.997598480119643
0.805592402209746
1.16785927020846
-0.178731600585552
0.359017986905241
1.37551098525444
2.15656896258175
1.15041176274225
0.932279860972058
0.449359845334083
-0.508364725217413
3.10159380648653
2.14270043507692
0.89972340078518
-2.6295632049335
-0.773099096626732
-2.23703509696965
0.974987608263921
-0.407419871571609
1.22201751472926
1.75163002217538
-0.0802900472843
-0.995509916222213
0.544400279207003
0.548389248361244
-0.312825706304195
0.997841260081238
3.49005168097098
-2.10953039655295
0.128079350324682
-1.49913099973105
1.96022611671638
1.25323477932589
1.91522847621407
-0.55353033840805
2.40629197677862
0.508494476523885
-0.0928477867495578
-1.31940294484159
-0.427270899048253
3.42355491545125
-1.94013868464207
1.79289207421937
-0.786891335409792
0.853723329488903
-1.04717467415631
-1.20863004811435
-0.133572530315559
1.41551838859979
0.634747765528016
-0.310539840183031
-1.49855786768945
1.08314944505058
-1.24305644521007
-0.96815550068262
-1.04814332044227
0.67288165434213
-1.42231115688311
0.607518910232283
-1.32877776981806
0.70266372978982
-0.866220465661492
1.13521469333632
-0.0840791488770527
-1.14389562415019
0.919924176399332
-0.782159586381292
0.379858447094067
0.114760358398894
0.281447485788735
-0.77120751200546
0.790291000765918
-0.807922036548325
-0.126457473230994
-1.88756450844211
0.450174068306127
-0.275615774017897
-0.289224504142075
2.80637054005152
-1.53262541623422
-1.7091850302579
0.940334096266969
-1.18729005271979
0.937976877290689
2.85734812344135
1.23716110468114
-0.0121008833985928
-5.80291645892493
2.0999507148037
-0.379790075101466
-3.01450627327424
1.94992234267992
0.334226433818898
2.49595778035652
4.05175406047612
0.363158233425151
0.771463500692791
1.77851649190157
-0.146900060903702
-2.16127675145899
-1.37919138786887
1.91261347066926
-1.36086996918978
-0.240262188518707
-0.530970747163045
0.901659402213789
-1.02901558204975
-2.81068174736364
-2.7676399827222
0.434048795407116
-1.82726413879848
-0.8386279680185
2.75423715774677
2.71196462980678
0.647508846566607
1.96973670011549
1.58272494826303
-4.06140139472016
-3.24402117690449
0.784193360548751
2.732987293339
0.294491851695367
0.140953633445074
-4.20933805762542
-0.085681346381846
-1.56720009724919
1.06472912582867
-0.696671302032583
1.0607248252029
0.0384895046832899
-0.41382180278773
-2.91671109808184
-0.429095503181946
0.530141360187556
-0.375512841397549
-2.73785792184239
-1.21469121366586
0.185789791097227
-3.06733889633564
-2.86006140242231
-2.42782189344681
-2.55873393038673
0.848847612044094
1.07220155683804
0.164133448923665
-2.8375027233236
3.35829713499814
0.733930167754699
-1.32818353377893
-4.57929035737103
-1.98107443187904
-1.17380157612049
-1.30134807483991
-1.07832414110806
1.05375740776895
-0.494752870157896
-0.254372979892529
1.76476010887103
-1.99214525481174
-0.0268786357164436
0.236423133245884
0.0954227755267135
-1.0166562289853
0.302187008193031
0.0723864461443688
-0.0435133916517081
0.772434814952591
1.68360517989333
-1.2648416975351
0.479486412484067
0.887032095257426
-1.89753436939152
-0.295316058768911
-1.5659238067393
0.598006832761895
1.13774614609834
-2.02835281266035
0.0197478731814816
0.14782811785812
2.12328968626599
0.216308330847035
0.964953340010516
1.94787211838951
-0.412222011505667
-0.296192486470061
3.25014480357219
1.51193504057853
1.58948617835735
0.40616962708824
1.25000794548373
0.166427186943289
-0.295754780184491
-0.21172774298878
-2.29820581750659
2.10890559341246
-2.30664008265721
-0.414285161011222
2.4306932677691
1.15740617911575
0.411340143484033
-0.181484299455267
-0.354471307193621
0.0993715729807993
-0.178013244414641
-0.725303371882022
-1.15170753617633
-0.527526034356782
1.72183289785378
-0.717116388343612
-1.38252181675399
-2.05707642846339
1.75072695907856
-0.211119734812705
0.588176010533511
0.584352932062459
-2.60152442853715
-1.77021129951961
1.99361348513639
0.185906580829848
0.616719795987437
0.216029537401691
-0.780216027509887
-0.703515042076725
1.17900767032492
0.169370401603618
0.4136548897509
-3.4052306339981
0.663931253244783
-0.00692575582907887
-0.52899960282524
0.168563776311183
0.422454690335515
0.338695674276445
0.502951472723714
-1.71808840042232
2.89837940774392
-1.40916236960758
3.63012379371315
-0.826827209817566
-1.46034412562381
1.58118954617502
-0.199092613306219
-0.694159570421548
0.418721035496709
-0.796755062349086
1.22352639493002
-0.0444981411908989
-1.20033724785084
1.57856870108563
-1.32021435351516
0.436937896042026
0.732725917276365
1.39011059052995
-0.157480849934239
-0.84313518410117
-0.125451382149033
-0.0619333773266825
0.675583529091117
0.459089925474336
-1.96253471802544
2.18366757435845
-1.84123522614162
-0.536426213986292
1.77598456276524
1.15065358941383
-2.45829816711604
0.89726385760261
0.979906315492837
-1.06351314427675
2.19552797714028
3.24494719216979
-1.40964020264708
0.230734347607474
-1.74998867811156
1.04339442557837
-0.850669470190321
1.28026757153424
3.19852264908149
0.419417760217494
-0.200142506753363
-4.02365717245769
-4.3745885725526
-2.35816410648277
-1.39102135872326
1.24766431972305
-0.417646977203031
2.64347034670643
-1.35251800937414
-0.340019767957333
0.327441828906834
-1.21501200837025
0.12424949004378
-1.18410119354883
-0.591987516273153
0.362489808247404
-0.854531550985611
0.255164661434893
-0.931052305298555
-0.165483087558542
1.1574745631207
-2.93679142446252
2.28882689016304
1.29341679520235
0.304660820809959
-1.81949187853342
-0.0874051002533638
-1.53279786486612
0.11676840273407
-1.82378975040439
0.85646672019421
0.180029559839133
-0.316460401799772
0.998457419342803
-2.27708382318429
-1.0425065821988
-0.503922014230702
0.177315525918324
0.146566998994741
0.593225880935941
-0.221771224424734
-0.0226678941582708
2.00741963916117
-0.289607225478449
1.34403039283964
1.30601213679207
0.768857816446977
0.00568084525852329
-0.61079396298609
-0.336582166349199
-1.02248701365967
0.753052907378616
-0.571074150592954
0.839569460522535
-0.266635842985503
0.18637800916287
-1.58299731127033
-2.25794215301425
0.848802068267273
-2.19950540604595
-0.157501613841493
0.215503860363793
3.2993618620485
3.80950997820664
-0.589620824719801
-1.22234626192288
0.507484955444075
-1.50208067252523
-0.00516414978770385
1.06475246760463
-2.10590612666549
-1.02753431639109
0.763095305880112
-0.901764299882073
-0.0123763329726326
-0.00856929185146968
-0.277573561977122
-2.01589520391339
2.17993311927119
-0.253974917362126
0.0626158872739773
-0.187199025588578
-2.71127801169244
0.764719090149693
0.486021441665003
-0.39268255896073
-2.26074394172137
2.31278392470534
-0.487772385328061
-1.05591358547173
0.412511802278547
-0.462207935417525
0.0988952464658584
-0.492554675165309
0.409344040411824
-0.814013385940706
-0.239514427922816
1.76465168968311
-0.672780022087071
1.5612456041191
0.184150680176015
1.38999515928609
-3.5057349777317
-0.502849753638351
-1.51393481048082
-0.864825117770531
0.601956586362443
-0.507570459269304
1.39613498880806
-0.758309022369337
-1.19111836989276
-2.56051200418517
-2.05264121492623
-0.280760406543355
-0.396611812539468
-0.539180669295278
-0.746577931351595
2.31868230032801
0.226733135696844
-1.00187034094854
-0.0186417311783661
0.318594082148213
-0.198532081115766
-0.641733734819828
1.26427432187862
1.90901708237569
0.156072229711871
-1.26547193667021
-0.838047496372037
-0.530167161923855
-0.776735037109134
1.90825028827869
3.95669619010504
-0.178653893393218
1.01484404536982
-1.89332276763593
-2.26444541455386
-4.49717373243073
-0.318793187147002
2.92770027285118
-2.55196069098532
0.552570602090396
-0.0645834448152277
0.635697572364285
-0.631581912105248
0.517163791509936
-1.23928166029858
1.32780385461602
-1.2472513216343
-0.440133758895879
-2.04818767452915
-2.61410009137061
-2.45663180340979
0.792594896680314
-1.76889786871873
-3.29246351520717
-1.48766158971571
1.03087015778179
1.54111956540988
0.262709903474816
2.08810214038924
0.493710368718551
-0.089331820320443
-0.0559524567315626
-0.227924990763377
1.55568365708393
-2.67469932636099
-3.69961628504834
-0.953756566000973
-0.823999821307482
-2.63672813196402
-1.88059531542566
-0.732239314584219
1.50282211745203
-3.6832986544174
1.18340852489108
1.32259272873922
-0.700322674913483
2.1470602345024
-0.786048402541818
-0.811789753904052
-0.719384593747236
-0.336354749789658
-0.0680177281134397
-0.453244604925272
-0.247386797445163
-1.83965449255021
-0.39785053139119
-1.3230044993331
-0.973728651329539
0.184647293272814
-3.5915171901487
0.149601698185884
1.01697795686955
-3.01942169611662
0.515268812282456
1.04345078284074
-3.46178741757846
-1.75685180904623
2.56838245685579
0.857306698704268
0.542731161848791
2.12867927359409
-0.364684394234622
0.713863267030455
-1.20370041578848
1.16620510651776
2.05765143750616
0.165974111470502
-0.974434821595349
0.42688229131062
1.56667666477962
-0.683275478459301
-1.50609131432366
1.18076320732832
-0.0244059847584914
-0.0622601953254704
2.66939086506725
3.03215338281675
0.066399099857998
1.63787143890629
2.58815546687762
1.20333341364493
-0.185321945993196
-0.266906096190767
0.24309001639459
4.05223792481242
-0.222451724801371
-3.33498721489533
0.737725668333322
-1.81769355844925
2.84653300344722
0.280728118591187
2.03354591421977
0.0762797821048347
1.37205309571568
-0.373187679783173
0.442218594118729
0.0388286029304663
0.278607629741923
-0.865627640116695
1.69528017382653
-0.792257696572153
1.41000222555305
1.41081085420729
-0.622527711304476
0.30085255695581
-1.35892276356247
-0.554807051622685
-6.12454001948797
-2.63805752590939
-0.435366457150518
1.39867823728718
-1.5658906196058
-0.17023997705443
2.26553871344589
0.395269230798931
0.377218402374866
-1.12992352340316
1.38807696434456
-0.0218625587677586
0.285545972522217
-0.165219201165702
-0.683465735692977
-0.599558200853946
2.31521640869514
0.659357955025029
-1.3206359374312
-0.564937755198592
-1.33423561184116
2.24530132334954
-0.237673015007962
-1.47988476952549
-0.526332361570427
0.792666485432795
0.389475193937085
-0.280678496032584
2.77515050273546
-2.34503426061737
2.22503927745031
0.53057707626033
-0.876469288081547
-0.303479589452314
0.366534627264405
-0.147808167199744
0.151114054949041
1.25479727359589
1.95744466268881
0.0489513935880757
0.224456251723642
2.07231207480536
-0.423942203483013
2.83278020790236
3.81648202082989
-0.866360587361738
-2.06721749888263
0.827425443952914
2.24678418457958
1.26598001012501
-1.41081634269999
0.593777653688103
-0.717021087247417
-1.17521009120684
1.58298977146373
-1.8825658429904
2.35178217470098
0.0621553166109284
0.342959826576379
-0.3870889921942
0.392991827311649
-1.10265928605495
-1.48162278636238
-2.09076246845439
1.30716411037383
-0.630818109071766
-0.572223472255384
-0.903600023642978
-0.716010759813009
0.283912925894913
0.415646296520462
-0.84313835201556
0.580917025807576
-1.15723845701521
0.455305919806065
-1.24208923421711
0.773249989951223
0.715370810452908
0.419086609423227
-3.03804800322832
1.03726849584001
-1.37335945863806
-1.38670960465131
-1.01509609441581
-2.29419951386709
-0.0381680873390843
1.65057594762582
-1.21374202841308
0.695609368158039
-0.426805163684552
0.132455502825511
-1.82289670754357
3.07773747898796
-1.9713427903336
-0.254268615163063
2.02255377872718
-1.2091299320128
0.381337425446837
0.0466121119802647
-0.20379288908778
-2.32305885691085
-0.490017129209422
-0.898480437502689
-0.78605226931714
0.942884729464708
-1.76389318742617
2.09019434363366
-0.752255001935017
0.139919347278596
-0.372070653148123
0.722051833937445
-3.37939150826308
-0.181079023676248
-0.649754270434424
-2.27347027563147
0.77761052610167
1.63673233992416
1.59432885887823
3.38975508143442
-0.882945686764362
-1.81567681585077
0.933305904676293
1.32048299742026
0.618562903032122
-1.39690776729435
1.07143349501322
-0.765274469875179
0.44164642296723
-0.228799984088301
0.500207993425485
1.31845970395349
2.97973089866617
1.81676618084975
1.11815345740408
-0.123463269313174
1.68644953530674
-1.16739316891354
2.18758435437043
-3.97472814570392
-1.26641041692101
1.80675223226357
1.56461272508728
3.64695160662168
3.3143219859793
-1.18204062126386
0.509594563442659
-1.45166450846697
0.61650123804746
-1.64301253581768
-0.247895832157912
-1.19564414558917
0.802502643008867
-0.118159330032984
-1.42690899245314
-0.870591347586395
0.529086031258946
0.193693487759354
0.42521050575556
-1.15772011030966
2.37255244571022
0.824513155269906
1.01519651994316
0.455610164972425
2.25055881850131
1.06477253886254
2.97411384402901
-0.0894525392950916
0.329133461863956
-1.81662464427685
1.44836950533542
-0.798096732373317
0.306172206611085
-1.15244961214773
-1.78394728125572
0.137097074848776
-0.457472289209256
-0.849185126394824
2.33975885411601
-2.54907540802663
1.13125620538098
-0.107330054787696
-1.41438033195132
0.741820122386987
-1.4204837106266
1.13685814624625
-1.91264916719242
0.343496526302675
-1.49684909030894
-0.652289640027756
0.072780741592744
-1.54234978592227
0.290411542204373
2.8343375973757
7.22443462178962
3.66591903842377
2.43869146587176
-0.189657351658311
-1.08817045324967
-0.89426962738974
0.310776149139542
0.709230759639256
3.36797626172203
-2.05785486235866
-0.00867161771390945
1.36859220690262
-1.15802196034129
0.56894320062776
-0.845907851543238
-1.46650334620001
3.59533594205914
1.23171723069373
-1.82396593925146
-0.360681902774846
0.567916975592627
-2.57463522605931
1.49309853978358
-2.68966380827943
-3.15043366455054
-3.97466907628568
-4.54607423298888
-4.17396961039089
0.33258041409513
-1.09362136789829
0.0834030590316629
-0.0441031006647661
-0.80429360844811
0.257200444974255
-0.235748474961107
0.543036492113318
-0.560613206401796
-0.30836229520738
-0.18951171368928
1.05710848197444
-0.202618092451717
1.84704729609039
-0.102819903005081
-1.1757728995428
0.176723052201313
-1.18082934071657
1.08223386786276
1.36964118612466
0.654471092162685
-1.40664342545393
0.668411895271715
-2.29765147068073
1.97153847173984
2.66574603857935
-0.874129145168403
1.4153375141361
1.66206822080563
0.896197153281673
-0.395541770848422
1.52982659384864
0.584671171164259
0.919612765016999
1.87125104104508
-1.60249057923215
0.48443381369074
-0.0300173858374394
0.531748809226128
-0.352727743365917
0.133814105370913
-0.606789175366949
2.84671920225367
0.217523425908908
1.98336888257177
-2.82639524936161
0.334009174354037
3.00331094350239
1.21086682273445
1.70326323406613
0.980219782786153
-0.513087158374368
-0.624473101345774
0.86727083022461
0.697224301636784
1.1181147930134
0.875425352893028
0.614590855241938
-0.805218163186955
-0.792838645794749
2.19903462926288
1.96082379430872
0.914059773540273
0.725753461455461
0.23091206085702
-1.18633770715171
1.1180374418603
0.732252290824219
-2.2114102889311
-0.51327874429989
-1.17181525636556
1.29241548332607
-2.39461982374469
-2.60820595099174
-0.426737296388742
0.389118485137935
0.925347911142421
-1.45342378875833
-0.0139048630730239
-1.35765445572514
2.46294014780728
-2.89138585860363
1.9767581282377
-1.44768233978988
-1.4313235650724
3.28598986510702
-1.43160480414725
1.4773914634765
-0.862754401254614
-0.65605776687233
-2.99843739699272
0.208356901839519
3.20135301094627
1.77856978505603
-2.26709445910715
3.08673858458754
3.11815383468737
2.76805565595538
5.65187832890179
4.63273380209665
5.85441320306758
4.28630441831499
1.37465728583237
1.9989219747589
-0.888695252465546
2.9252859350875
0.892023959105154
0.202277506324915
-0.59307945297144
0.781846727988208
6.24012460686129
4.80934362721458
0.79696107408083
0.992422519886775
-3.60862816040137
-1.05980516575364
-1.4090713474281
-2.61499681905427
1.53396476054645
-3.57178103795598
-6.49681590924681
0.0471643485455066
0.265337739954243
0.167627851683585
0.909888991915542
-0.863907840310753
1.24456555512997
0.225327211373071
-0.523712199108025
-4.70754613220593
-2.43232651897253
-1.87928521263089
-0.425881082900191
-0.464351319074889
-1.25501488862793
-0.707344131894964
0.135941077997738
0.805353205586403
-1.10068340579207
-0.337710153851556
0.866513733681476
-0.205555408597688
0.0948714285794856
0.534678461826394
-0.585474442650668
-1.84396681764104
0.966238989458775
-1.88641659409532
3.05578454167575
-1.74250866319882
-2.33407431972623
-0.548420395006576
2.06133915752237
0.0836395722352721
0.422289510338915
-1.62397577573498
-2.61413748692082
-0.122355927883314
-0.889378344456416
-0.171012612527969
-0.649207694134924
-4.73218327863196
3.41722527355221
1.22635459367625
0.729939902472057
1.2176141383531
-1.3523972135542
2.55327194369346
3.53194291749434
-2.59674270519391
-0.515066926560898
2.1306543819678
-0.928733542674711
-1.2223507855998
0.983731847740588
0.531120936880345
1.53902961357788
-0.350899796227533
2.23644361794371
5.30785547069075
2.38466309874998
-1.84997763183395
-0.201320971950807
-1.2950230020916
-0.992935166347192
2.02113672641374
3.15625507351827
-2.14633813595679
-0.451635979061804
-0.354380937565963
1.44485781393581
-2.63668744332105
0.402185592308014
-1.67205459690869
1.11941319852347
-0.150051410758067
1.27405202153044
1.97810757645317
-2.71280210698999
0.924911818328176
3.51451449562599
3.94723586524706
-1.12913678156342
0.726544239114127
1.31140991402752
-0.211283047976491
-0.401844829384909
-1.42104708113526
-5.29331763210367
4.19913732899541
1.54029685282886
0.584532475086835
-1.9875045967279
-2.45273271110563
-0.880178653882836
-3.15887628801971
-1.38652042353999
-3.53148914569606
-1.21298320168795
-1.03268941279295
-0.942785233550369
0.214983501917189
-1.34860842872144
-0.0658752655992805
-0.588631028902924
0.417373317523787
-0.153324416646133
1.72388440225386
0.673225800155029
-1.27343110724784
0.989905085105508
-2.33383239114381
2.6756540766904
-2.32205306142606
-0.452990843481299
-2.18444380810481
0.679335043048436
-0.479329278151402
-0.758203923732447
1.41723054741599
1.68622360330167
-0.370529315841943
1.47383676282815
-0.818529248288916
-1.58727327792267
0.391165619524401
1.56146238261544
-1.39578912296317
3.33293330814395
-0.325443778877906
-0.523438135229027
-0.111642667367318
-1.40140014960059
-0.0942918828013584
-0.546270053757537
-1.46626534742223
3.0583761672283
-2.61934356831098
1.78489133488693
1.39475772386208
-1.1679777542862
1.03485438747583
-0.140512945717381
0.0901551413413553
2.05264695706149
0.132624910760831
-0.868893202720148
-0.883073275942138
0.83845168364423
-3.27936651250448
1.88941514034232
-0.51540317198926
0.538696350725486
1.34521870110788
-2.0387244005118
-1.81140653338814
0.873355911555941
0.280044609751806
-0.227419663561197
-0.117859538172829
-0.723171914460448
-2.13542213841221
-3.8536522272676
-2.93001104902211
-2.2086817405477
0.230686387738793
-1.12525896802308
-2.4395285722052
-5.17918593207866
-3.49418794750433
-2.17649270874616
0.47966614662672
-0.554746532138013
-3.41689406966509
-2.30072413183742
-0.640317538810665
1.92443750749212
2.23266580899226
0.689344346508487
-3.27712353428494
-2.54874570986343
1.29711044645504
-0.151364987766002
0.69882783247965
-0.186590651175535
2.43704053783219
0.00840217906080265
-1.25313382056625
-0.00307420132863881
2.622166665238
0.743280401602961
0.100150843147417
-2.23471926204519
0.334395032262636
-0.0877884638642535
1.42547156823079
2.2700510339904
3.06665928730236
3.46515233618186
-1.00985358614669
-2.10145043923664
2.2551735424445
-2.11051842420692
1.11293806638256
-1.34555941660984
-0.61433926980737
-0.146884079659269
0.515746785782559
0.641048074935904
1.49248970405858
-0.387476720797948
0.609026170801781
-0.230812982174704
1.96226681756472
-0.92303830992423
-0.765957564684433
-3.16360937106344
0.947292918282514
0.293056201130542
-1.80018588195695
0.0346164000983063
0.831698297160323
0.0472438113782228
-2.07696968429263
-1.81444609005613
-0.57947667174215
-1.52753588543535
-4.3836110564777
0.0911476263234017
-0.432925127174581
0.930665738639025
0.140559712872221
-1.032275181491
1.66159418240291
-0.589123576371118
-1.98159006146243
-3.66967859608826
0.373761300919509
1.92663482221986
2.09212934204488
1.72438525354972
1.08317689678211
2.88696352629749
-2.30893627582111
-2.77753842259943
-0.0976912280888185
-0.518057981834162
0.0592419905615061
1.05924587425505
-1.02129584580755
1.00075228318197
0.57166857223323
-0.386996373167402
0.171700351795812
1.07007652809722
1.32907160500125
-2.42789723303715
-1.64526642187253
-0.0984390740951718
-0.140120759336768
1.56875310239452
1.22107080867614
-0.127794552543529
1.12054562741092
1.84784494732132
0.00506025042284327
-0.228999369399416
-0.976532127035777
0.849476211524389
-0.411184244452401
0.12863001948151
-0.763288164688552
2.01962535854349
-2.68464846372248
0.451799971065497
0.00367009298136159
-1.18199301755647
1.12813080323114
-2.04803676393724
0.821789194826992
-2.21368958098301
0.918766430098542
-0.590576819444301
-0.549137964742624
1.13701640009186
-0.306066080584709
0.274198045835601
-0.856042312105437
0.848631317207885
2.6664283278886
1.40989213743862
0.7402445417766
1.30324537970919
-1.00298029498271
1.03248497071215
-0.255481806230442
1.98355852571613
1.57987635109109
0.50132157688747
-0.948792688890451
0.612007278976067
0.403692403878664
1.72886201804145
-0.695810523416998
-0.4433302548176
0.908744412440882
1.05186762688341
-1.0786887884353
-0.540391997984088
-0.0479458490625172
-0.959875169734287
2.07540303141284
1.10413068650509
0.226016155491286
-0.777952194431602
-1.7106291286711
-1.8996296653925
-1.76010925797135
-3.38241537885841
-5.50327963197759
0.701434025214336
0.367773320149961
-1.24554688356396
1.90083293578418
-1.25017416587983
-1.69070877959644
1.06287620612871
-2.40481511762365
-0.229369871068041
0.103587856352313
0.284534118363968
0.794039009240672
1.13286664033271
0.30744543691477
-2.52173600401526
-0.184113436753195
-0.292806781018401
-0.563298248302625
-0.175008924985985
1.77241478516824
3.79180879888193
2.68504016033546
-0.832126969625674
-2.62009593540897
-0.88362706041752
-1.52081881548723
-4.12942048451702
1.09194211591993
-0.656494408858732
-0.975180181959977
1.64918427444656
-2.41431108069878
-0.13137959299509
0.0170851173579317
0.950327881667352
1.90008403650444
-0.717090068247025
0.585480994387542
-1.05976497840517
-0.118487598205998
-0.231536301468085
0.281553687285615
-0.476477023144565
-0.623017540619564
0.197507509125059
0.287481703652885
-0.574690419062522
0.119131515636995
1.05570222485915
-0.91455873971824
-2.09924435599522
0.647335755984096
2.99928828711104
2.38246677251908
0.869719096920839
2.20221749447943
-0.126180377897544
-1.84213634359306
0.75479148874288
1.93387476118902
-0.116703485282272
-0.372312823275046
0.645234428267688
1.00652920607196
1.01724234158622
-0.135928386363914
-0.494943047691052
-0.870972623200255
-2.41490587355703
1.29346784801231
1.20530987352561
0.406080917621007
0.179046320965518
0.226115209936747
0.816931823160472
0.746173414875088
1.37179106134785
-0.565788872636134
-0.267583035943476
-2.50877266517036
-0.995253626698888
0.905629625512169
2.7581756939655
1.00172117259558
-1.68065313238236
1.80130678019332
2.06877481183728
-1.34126957654261
1.68305840520288
-0.980937411181214
3.46636373294533
1.30042827507994
2.66063736839983
-1.089566812815
-1.38810937213924
-1.37785078760931
0.884053821164494
-0.577418884977612
-0.114491845109045
-0.685810601304055
0.101679448424311
-1.96302215335008
0.593703657633683
-0.956495693845762
0.680689356585938
-1.98923193630707
0.37029787300196
0.60592235414479
-2.39338321873307
0.773137007710636
-1.70664546978277
-0.499699221340641
-0.102819736663559
-0.900279017879388
1.94737652455051
-0.754791343520804
2.39464183522842
-2.91098928890655
0.962021465006108
-1.43397749274089
-1.4729066297491
0.206057434929988
-0.338999232023611
1.29701679519521
1.16897050715041
2.3615914866294
1.83490045689097
0.80441664223804
0.643738091229571
3.35989523473633
-1.62729921272673
1.83595683400579
1.2195055337694
-1.11769622309242
1.11069702906254
-0.121729503999048
-3.39474307707021
-2.23543846743046
-1.91333687700995
-1.96908127745553
-0.493008449767133
-0.0800518764276669
1.33099541091864
-1.20977826125408
0.145499113712685
-2.58032124025916
-0.936514241298529
-0.634633696382034
-3.2262392378087
-0.533768844762411
0.89071710901359
0.817593957563059
0.678317965721815
3.77413963702059
-1.18362222934567
-0.592236518351921
1.45093381213191
-1.76213908370352
-1.1970482041063
0.237006901044961
-0.296043465796446
0.0439532340563473
0.0498060622910078
-0.581404694313394
0.178931398908941
0.145303145838926
4.25666936002349
-0.39565320596503
2.50084014234189
2.13347965415533
2.32893985085222
0.926127453717378
3.19440862160874
3.65735861923695
2.8921212068105
2.11957808506063
0.980608075089559
0.734058969314109
-0.264942091749352
-4.5404692102413
-1.87144247436459
-0.0796218418554102
-1.65767387554352
0.371421545750285
-0.48554909150716
-0.34549500840385
0.557687329945704
-1.61874268966166
-1.57793690814576
-0.995797752896055
-2.80300233618851
2.03388781061312
-2.14278966727474
0.887123126613584
0.602993275043731
-0.0229420555413915
0.442775870495736
2.27608497016578
2.77278495411728
1.24013550207287
0.428683628626136
2.75503962613238
1.2094515223254
-2.02669079498547
-1.53913519304911
-1.21679169985412
-3.0646666081529
0.873518014866795
0.786627583285739
-0.573911720585287
1.80475616049631
0.228558481889619
1.04276766951755
2.00875143969967
1.44690122230995
0.404546487018928
1.22147264396401
-0.992997017314901
-0.0867733767784734
1.79236334647243
-0.37065597214437
-1.90444711168269
1.64119541438013
0.778691143552768
-0.7243738192555
-0.266056181730733
-2.98932173604947
-2.36850176132868
2.39571804960044
0.937626262981217
-2.95836698506902
-2.30465311639076
0.647269371557375
0.625421337183399
1.66990698205405
2.45275226623538
1.36207791813374
-0.786779212557541
0.441708003473815
-1.74277031423196
-3.17283897139422
2.56348263554858
3.39884672892407
2.08411955026478
4.26541165624175
0.192459653157609
0.428576353888495
-1.24998649085931
-2.4649415186362
1.17262804195119
-0.646886444369238
1.24743104769987
1.1136578066049
2.94292816398007
2.00991517496815
2.47893334346593
-0.302090828917884
-2.08445716359602
-0.556695979788933
1.41194255447931
-1.25828507383539
-0.314688746729812
-0.740616773849419
-1.27425624235539
0.484731660692574
-0.0292026686263104
-0.235192583877586
2.13161618571696
-1.86321436587818
2.13968830822191
-2.50575040089408
1.67178021801735
0.214090959036424
1.43014195631768
0.386898148396677
-0.495084778250047
-2.27142004280402
0.867991704944728
3.2638073413672
1.87937556671373
-0.752312360450129
-0.879822741111546
0.548638287977882
-4.49873510716408
-4.62685699922804
-4.51266172299098
-3.21076601210377
0.134690483468629
-0.57846962400369
-1.61510848556057
0.525139115875003
-3.05294203271506
-3.45065628051297
1.20138390348958
-0.728591762022616
-2.43602081590284
0.853488631875672
1.38340121426655
4.23979061271554
2.6725420011043
-1.10909004398776
-3.20517624132762
-0.0530969857192942
0.474072641654922
-1.48580721119655
-0.977787320922636
1.87528607529414
-1.70334448914343
1.33264663267196
0.954073766513903
0.795498136679229
-2.48200218689922
2.83952349500448
1.01857781941062
-0.27547536264313
-0.979735274332137
-0.198318961419472
-2.54316300848376
-0.394771006340221
-0.341394700529381
-0.545473043279874
-0.225257681941393
-0.0490952155794904
0.673925624236683
-3.23083102424056
4.81704366660809
-2.63552553163034
-0.443327599604401
0.424368857756301
-0.830492490855787
-2.24828148198449
-0.0560487193087454
-1.50586815139689
2.28142508612256
-2.10454232827996
-0.74368811142087
0.509193487015784
-0.772390749622681
-0.139278241060991
-0.533399381750036
1.15565511200521
1.46243066445879
1.75634151772432
0.980479374762009
-0.810341887135455
-2.71915360599466
-5.14864435328492
-3.33541731051786
-0.157473372540617
0.082929055318524
-2.91509928068976
-1.58519679292811
0.898820639033616
-1.10160088138747
-1.14553031929894
1.70489148577339
-2.15626897718915
-5.10295177942985
-1.34549765390605
0.520301823719642
-1.97150761396276
1.31392389537818
-0.0687616463147441
-1.19097903418132
-0.361629555822873
0.574542025692427
-2.71095109322926
-1.43621067259378
-0.894525301233607
-1.8414111749218
-1.67081486752802
-0.231871507323413
2.59465003499226
0.323421297513368
0.436235637510654
-1.6996596382031
-1.34463574357238
-1.71695791583313
-0.438057136102416
1.22201717556799
1.18207050388929
1.00154128689759
-1.36494145715145
-1.17175909948566
-0.396741238612869
0.599029083891205
-1.18978984410186
1.08944639974679
1.65818788447972
-0.701638922702276
1.31395861924054
0.585418921906116
-0.231876828345415
-1.32452454149958
-1.43170866336044
2.13687692333152
-0.499596103313159
0.0774416669845145
-1.16737179025297
1.69965466111028
0.0432775936222609
-0.797888270331081
0.3113898287821
-1.37262738311047
1.71229659297613
-2.21076278972303
1.68693548310689
-1.85395533889189
-0.857645939462247
1.2207871673644
-1.52384891633621
0.684192799632273
-0.445000367276584
1.46172646769027
-0.714254891031473
0.992210378441076
-1.04072501450187
0.62891792597791
-0.139902217082336
-0.8026849597148
1.37134218486648
-0.482393128617115
0.624613592571806
2.13399817150823
2.05679145334738
-2.94826340591964
-4.56273699385834
-4.47708111307564
-5.85372805102955
-1.91173051182048
-0.0682119279415945
-3.89610790818394
-4.7184646534756
-1.69534912654713
-0.0141880354145275
-2.45457851951103
-5.78461515674815
-5.04830969524654
-3.30163110954559
-1.12956635527545
-3.58599317045862
0.141044992091514
2.91287014584135
0.891378135847205
0.996729583390013
-0.652288015681737
-0.658246280645593
0.387794571750816
-1.77603219658451
1.36821704341465
1.23533262556009
1.97447295340479
-1.51602106916234
0.165917206859633
-1.26244859724524
-1.4563158003557
0.714050243800095
1.68079883904357
-2.30600556341587
-1.02437807526484
-3.15184801435901
-1.402378763988
0.215183859148458
1.26427296377436
0.260780766567452
-0.708063161643556
1.80486028468073
1.9396703306911
2.78411217893585
1.9362070787588
2.95089768489011
-1.02531198283521
-1.12853239861311
-0.0524104452978249
1.3430613452319
-0.0292089560791279
-0.40334267165178
-0.593682361968005
0.128615758467917
0.691098115332801
0.696073924392156
0.223852103887993
1.4596620044185
1.38788485797834
0.565444732059231
0.0538609056897591
0.630937551490775
2.50799323635398
-1.03083347366082
0.0670171702129756
-2.28456343615831
2.37624253501902
1.5619011271254
-0.760107915022935
0.675926529009824
-0.830051152968015
-1.13370479213035
0.225198612273157
-0.22651751140143
-2.07019312603765
-2.43269893133382
-1.92551018839387
-0.975850936656852
-0.0563185408496964
-0.668702744154675
4.91071575836538
-1.64397226808618
-0.426631470200029
-0.607871417110571
0.180570640953135
-1.26966465030533
1.41844475158064
-1.37805163662661
-1.86595029446313
-1.9837947628173
1.60097385488715
0.309246026495648
-3.22827904149391
1.57029351446586
-0.169950587951682
2.79504505527774
-3.64355708619951
0.466271243590421
-0.635907467750214
-1.08615742387366
1.37274410327428
1.10357171635204
0.892450290013455
-1.68323212722417
1.26746607333259
3.00718792712538
0.933792348412976
-0.300721258557144
-2.11276912714978
-2.31698672339879
0.102446753298812
-0.210562136168632
1.11041876043532
-0.445922875769869
1.15254162172767
0.63186545206508
-2.58704438110924
-0.700177067905368
0.634709348786808
1.76286010502723
1.318844874061
-1.33507518767065
-3.56181817209017
-0.518093427142935
0.164040887051083
0.212330517574401
-0.0704945847834694
0.768738132280888
-0.189455288774558
0.503257144900122
-0.11974185323234
0.0372094260339573
-1.34724512218526
-0.172597949882683
-0.993094823615791
2.28971821008225
-3.49692795426499
1.32429285297082
-1.11434613709602
-4.17232820848198
-0.474881582400578
-1.06537652622039
0.200425841263877
2.52745244069185
2.95115194114176
1.21536592889799
2.86686878654209
3.91771075790045
1.69009127665002
0.946530420582845
4.02740280112559
1.26763720279653
0.943533992583744
1.72965784659003
-2.38847001030045
-1.49522916989549
-0.601296018819637
-0.875182453520596
-1.35352319298795
-1.43236565591556
-0.0852782689225037
-0.204564623055572
0.228464576702676
-0.972516316798458
-0.456736502355064
0.784241618409842
1.81424939734976
1.45768873541275
-1.55835043368611
0.18297419622605
