1.06432817365382
1.0808934005832
1.69459599409707
-1.85814080314398
2.0096585703233
0.497125058893297
-1.1405956795004
2.43193394532373
-0.433381902040547
0.43115573882878
-2.34840416609614
1.4609433894091
1.04454115809546
-0.838005214692274
-1.31567532711536
1.68388599712494
-1.06660317382005
-0.953617359498098
-0.28606546825503
0.850590041212615
1.16479996281782
-2.54614858014483
1.67204162405739
-1.35298443594155
-2.22378248055471
1.07563856980813
1.12656852166557
-1.86142422757271
1.63680789385233
0.0755051020201959
0.224192579648208
0.190609271476798
-0.223169546831084
0.359514731972876
1.14195713289823
0.740106725947756
1.20695266942629
-2.2491508577711
0.474584931518626
-0.156568777908842
0.69126258854399
-2.13009042630226
3.02010211164226
2.02225161298065
-0.338854175259448
0.273724895924258
0.344772232645153
1.89848440751941
2.14470773939555
2.11467471663078
-0.890541130505801
1.42847369283202
-0.392961103399895
-0.387436909702995
0.661187036211029
-1.4580446496849
0.377506422342116
2.43564016442811
-0.808817204752275
0.891780361461069
-0.768829949042793
0.183985240999203
-0.201542409735333
1.54463876077914
2.45549135544255
0.986930278759335
0.91645178764927
3.33432594688808
0.595464450897256
-1.41515811734965
0.159437246536979
0.219175548612569
-1.7858008909148
-1.09761274876223
-0.102525181182603
1.48441937508523
-0.079848506538396
0.0268983701980189
-0.9604233792887
-0.0581560340090672
-0.123723815245298
0.612169394059821
-0.186944107951135
-0.362334414749395
-1.15408909691786
1.26458298375323
1.22794051302279
0.601869251157577
-0.810581367605675
4.38779119215208
4.30526627835373
-0.980231251771886
3.80191281386334
0.654429429587495
1.13445882385238
-0.907073734464308
-3.57416066843134
0.572966737544429
-0.536693668183928
0.961708890611634
-1.18789370064575
1.74602312384678
0.562523946177589
-0.475652571495028
0.292539763321392
0.764202611258257
-0.536052591656287
0.600610226146295
1.76106843111463
-0.0381986147640661
0.695213603046981
-3.689451467862
2.64183630341706
-0.996702148559661
2.42701235698534
-1.83985716683751
1.69636003849486
-0.448523800814401
1.06186281697769
-1.14855776205011
-0.202230440618092
0.63062323944739
1.0915339423147
2.49830868398294
-1.24852614396474
-3.08960631904223
-0.0659272091975694
-0.321365115801865
1.02287174902272
-1.89621830526149
-1.15563658455603
0.810948668453553
0.351328249636852
-0.394045718687742
0.601896262536871
-0.661547816855941
0.52286515006904
-1.22756952983874
0.142159814114151
-0.799833838665767
0.190843312694589
2.24089906400088
1.12585330844335
0.365500685720392
-2.29244919235095
0.978065189821021
-2.57433345394612
1.53308281072626
0.358925109779886
-1.56407793710648
0.15322415549762
1.63821257989114
0.115801854460927
-0.181751647562341
1.18844520793951
-0.453774892048031
0.0132749732812918
-0.427461768173071
-3.98460703743849
0.186775632469354
0.00597356536341611
0.986034047520144
2.24781044450036
3.99781539330083
1.20822149180098
-0.307267495381819
0.0143989153052681
-2.15454766501935
0.253946338100173
0.403236230499763
1.09892749712424
1.97280192642597
-1.99746456949742
0.846245996957719
-1.44277488026449
0.689369401983648
2.08458240050993
0.841534162738597
0.144085627726626
-0.448346394308427
-0.636477739637817
-1.01409309008545
0.833896365252313
2.65417191316981
0.650799491634858
-1.41992905689896
-0.448012802423977
-1.54601420451936
-4.88619371664918
-5.41535416185062
-3.3076599443541
1.06783815837736
1.00189614825012
0.566842386691082
-1.23668644525204
-0.985730744527912
1.1834410295891
0.722434015416661
-2.97006509228676
-0.0109309256864479
-0.0312504792448327
-0.0996105973341125
-1.45672832668873
1.17526378469974
-1.87858144590584
-1.20169740368509
-0.521259682298515
0.368673177937496
0.259711496952354
-0.718420180828432
3.33298099370941
0.142085088820442
1.0564163974348
-1.40366638051185
-0.7107083561917
0.699593692785967
1.92511333066814
-0.405644946448306
0.661308151875796
-0.968551461098126
-3.74814571735976
-1.98742181777251
-1.6734106035739
1.45896205010558
2.2208684779081
-0.197629155801557
1.08336483707081
-4.2865539062705
1.8344752228235
0.657677982498222
-1.86625826131107
1.34692173482934
-0.598983599856224
-0.0109064729967684
-1.6874521382837
0.46575436731828
-2.69249936064283
1.58314576701812
1.39568512818003
0.693316026205181
-0.333461069755619
-0.111732418162748
0.282726911642535
-3.59926422485148
-0.530337976050626
-2.25040351109181
1.9814560979384
-1.71544517244468
-2.29265946880794
-0.449791825803584
-2.79903057500216
0.507456718079146
-0.657226225484294
-2.62674708456877
-0.333216877270094
-0.0232104207392143
2.10604801330997
1.60240674987788
0.068505583908554
0.014787873645002
-0.809130725908732
2.08907633361524
0.479323020272956
1.33251678269086
0.343279807920167
-1.27128545590009
1.01252792172502
1.04065752741711
-0.867680070675406
3.25558032122396
-0.350303230732937
-0.532255450990618
0.245919030883923
-0.999535542753204
0.980209087500254
-2.25790560603004
1.60198967280597
1.17416584641133
-0.329128805545216
4.25806892133231
0.926203517252624
0.434251320639665
-0.00662241029982366
0.736725339294687
1.44566555032271
0.325672580838439
1.68423302920512
-0.72932546259467
1.3554469293498
0.144848537031836
-1.35223976902011
1.43409849909882
-0.864047873871529
-0.0276350887303355
-1.46252782365115
-0.900695485488724
-0.583490231110315
-0.951479838081016
0.357641622886425
4.48333101176749
-1.88010626965897
-0.4491571689777
1.83227171504587
1.55795592422382
0.485764549199209
1.30155094171808
-1.01564715051956
-0.555232377081143
-1.72616961665679
0.38346351423236
0.274616567200017
1.97317026113495
-0.138782616647746
2.35216674302515
0.456616339501241
-0.783703564903481
-0.191991892877173
1.11427368783007
-0.860031644284295
0.62596549835066
-2.42688421393012
-0.647904555578048
1.42322020281993
1.26197251517078
-0.938814758746956
-0.351200526996009
1.06431858851462
-0.367335590611237
0.86378533854896
0.00668270936082081
0.658895730395371
0.1493455246323
0.439796177663212
-1.08092964264818
-0.209330284830124
0.952174102233832
-0.603809978163638
0.817679540321889
0.358258423259058
-0.77162190056493
0.635095544735454
-0.168915289727644
-1.41975334115012
-0.510604674648535
-0.0703411036166984
0.506161082695957
0.379613514144448
-0.578516288886592
-0.822361442478832
1.95627600614616
-2.20090863975133
-1.14093419376157
1.75687826362374
-0.672490913965826
0.923694754819431
1.33452315521094
-0.302746867171389
0.822254514150798
0.321218398824177
0.348449399822881
0.620848173670165
0.815327669915403
0.158155819834683
-1.00236241688218
-0.309343035480887
-0.0917729251601021
1.77955145598251
-0.415386535246541
-0.643512525876658
2.28308332450961
-0.621579647751154
-2.44779357927254
2.94952195781727
0.184034076720435
-0.460140882312112
-1.44638031642006
-0.487657164464519
0.0224027939206015
3.91895455476695
1.29560935165981
0.31777537886722
1.38693630554203
-2.07444457695025
0.239731592751279
0.848119612555819
0.920567736294788
1.91444955227984
1.99667739895572
-2.03029826185577
0.545964849181507
-1.58522370903455
0.309426595124291
-1.92548264544292
1.90083198920764
0.689340088184395
0.447311072335002
1.71778136335053
-1.11787483371581
-0.128603152180344
1.69897742276793
2.84586579021701
2.0967190426901
-0.0619855348496224
2.02073889116787
1.78267313321341
-3.27714912871034
3.08547226090901
-0.967199329823648
3.54179196720003
2.8817158502916
-1.1778659421216
-0.380539823162776
3.11106550623966
-1.1800769687075
1.34908200230022
-1.64978863618693
-0.271741382392778
0.234889724355318
-0.28591386000897
-0.64501168087966
1.4625981619113
-1.79746974699634
-4.87190938473494
-1.95143736173479
0.181740357496544
1.41102202841784
-0.98932062107194
0.579303013762907
2.36019783398642
0.410994706856205
2.03703611659926
-0.688668740407903
1.33276469997627
-0.903516236489861
-0.343385650244304
-0.426139491644689
0.694805592918354
-0.00628358250665436
-0.475332092144059
0.162058892360322
0.587222579847417
-0.874562828626483
2.04255323208089
1.044674215906
1.58672158400972
-0.0261920094659495
-0.282020143512651
-2.05487924579823
-0.815446557324776
-4.24346651870861
1.34786030429769
-1.80846601854811
2.13036023358797
1.48573896423547
-0.290985926899341
1.43240274210999
-0.427532835836098
0.532630266154279
-1.24296988911688
-0.210654634335675
0.00479405817926743
1.55778317277772
-0.692978245478367
-0.706156667307316
-3.0910744268475
-1.82294939167695
1.35349163185279
-1.99692829954126
0.25170061698016
-1.2896143045706
0.71231978373118
0.943123611256745
-3.00664311376915
0.606562045443353
2.29119736024675
-1.05292978960239
-0.199844361845388
-2.97988858001428
-0.279151458365977
-1.54753623690882
2.51582492499545
1.06208446323242
-0.535166387244917
-1.47001708306408
-1.01797312490319
4.31921217712847
2.78468291219403
0.49686351050629
-2.76676679938558
0.179971002479851
-1.63803475192129
0.581837658209909
-0.216996109040549
-1.22807994755284
0.150322307335474
-0.333328335071599
0.766835637681698
-0.514785823447554
-2.13782869109217
0.147680138928099
-1.46642410044976
-1.0729825466994
-0.559703959568414
-3.36376516039691
-0.430112527119215
0.56749592448912
-0.594162828097193
0.508960278254789
2.2292727711175
0.0293396005035892
0.323013667598951
0.865515576816424
2.39801778821705
-2.48996451767007
2.1279394477418
1.96112229719195
-0.0085068873562249
-3.94650325096485
0.05874761045573
-1.22349881001601
-0.982321621939459
-0.440480275106459
1.88332319728913
0.0428782546664705
-0.772204581333578
-1.0486853971756
1.43201701302419
-1.68571575999432
-0.194014260867931
-1.4649711954081
-0.633767133116602
-2.16480131546906
0.357584430646044
-0.18051192439936
-0.431775001453229
1.67809155268216
2.25844728471617
0.516736750019924
0.879269296456901
-1.62564369770395
-0.45965550794843
0.249799089849276
0.368941284593403
-0.493630535290866
0.530067266642139
0.0258396727030664
-1.55374292414725
-0.34759488250012
0.508539770783931
1.26280736236512
-0.998884192641663
0.893355923838314
-3.77509905558332
-2.60901296532788
-0.0123462709884447
1.41723756161674
0.541748195862199
0.397116006956925
-1.51417090582936
2.27045716628857
0.279137315489432
-1.04858802885763
-0.255764943834259
1.48732531600406
1.59472941840081
-1.76934587525543
-0.0450775931099177
-0.605937672854847
1.76613472140336
0.434840698674613
0.492683388068644
-0.810405623061158
3.39819824175877
-1.96474557514705
-1.01653218968362
2.10673697786826
-2.37936598251311
0.0579911836411053
-0.95940444921495
3.13849963285769
-1.26545082340296
1.1684735626846
-0.715552452236689
-1.38048329085527
1.86513983297554
0.949352916111947
-1.57403844346842
0.403166253048032
3.86991857347242
1.86186685503724
3.46132054188803
-0.207116643935394
-2.2279490458821
-3.29704649663676
-2.74970298896152
1.83930496732982
-0.911347076273147
-1.19517215988574
-0.840179103802338
-3.2229433463256
-0.17190419014937
-1.22859685171654
2.32061751535924
-0.0951920338744418
1.07820501065645
0.945027097805987
-1.71236560733838
-0.164560012521486
0.0187087573279601
0.403682776549331
0.363385755577235
-0.272025866382446
2.74098709017614
1.06823666894604
1.81017833758946
-0.0756632416383682
2.17936446652048
3.0184555186123
0.755774852539798
-1.96537542360544
-2.41358832613959
-1.35741198904425
-3.08964756367996
-0.264691462627942
1.99404911975173
2.46580696518722
1.06304402104816
-0.0883931045409502
1.59752483501207
2.55387518190671
0.103101385173066
2.7344582759879
0.374279947976211
-4.47009546832055
2.3986765898707
-0.504931295440199
1.11257889145087
-0.466907784796225
-2.96392397117952
-3.6222168684586
-2.69692730231726
-0.476349789121009
-2.16255384484215
-3.19361963688211
1.18211762513934
0.117852737692362
0.409275645263163
-0.373101590368063
0.431002363412706
-2.41421194957528
3.650966425267
-0.523155785711953
-0.245791042472685
-0.00764995389958851
-0.800501410621584
1.01354616289417
-1.91042493072104
-3.36078003790446
-1.56654579888446
-0.871407033629385
2.17267905153752
-1.23211784807733
1.27386593058767
-1.39655827142371
2.69250786790186
-0.171458995564958
1.77340828125428
-1.42920282346425
0.99316582118088
0.878513460148335
-1.30295006753055
1.16001637461717
-1.34569241777289
-2.70706713922285
-5.51820733955438
-1.44691376631491
-2.90543503019026
-0.609110705965751
-1.69944297380316
-0.184740008846412
0.962951203472149
2.92009372668274
1.33427368268857
0.767043975398246
-0.670324535471617
-2.62046866112327
-0.496089006387144
-3.37802085115884
3.36205221275935
3.44124170921608
5.32957112205697
3.47001755589475
-1.1989460556996
-4.43632150964903
-2.07134747047048
0.5141680317928
-1.36515601982855
0.188926228663064
-1.75550820514058
-0.973718026948149
-4.42027507625323
1.78951250148493
1.79815836851598
0.351858565628388
1.13957128484048
0.834726126232912
3.37240388200594
2.50441014407253
2.74053824651626
0.230117595484718
0.42002563080243
-1.11866698369529
-1.01817838736847
1.48215347660398
-2.29350098678347
-1.15125114506292
0.724551143500025
-0.615401878474598
0.757419673244559
0.0919412211392149
0.114914050905358
0.179657010786821
-2.51135901553111
1.76643653484024
-1.25599996346005
0.336032953098548
-0.125449022680617
0.777455217859091
1.21166409442117
1.43736804542543
-0.814396114591241
2.06204028295002
-0.64699254825972
1.07781083936791
-1.05824472494588
-1.0070655281632
-0.30735917292636
-0.849287399556815
-3.63950527143018
0.0433538557765852
1.0128739721178
-3.17450083885333
2.53723457409505
-1.69386420737606
0.587896154406626
2.26512857626421
-1.16725539182892
0.386307274032502
-0.978718612523812
-0.76269146248562
-0.00196076190018096
1.48856850908664
0.57487990163725
0.392050899398456
-1.64379610138319
1.95924241048453
0.220666332207253
-0.589896468172465
-1.22270727522865
-0.6671382141853
2.45764174135879
0.552523342948672
0.355212166271776
1.26591351642116
-1.37558883772711
-0.968360567368412
0.341494029860669
0.447454510670169
0.456169248502559
0.0325317037766513
0.685850451428374
0.246018598944586
-0.997229824875093
-0.75280457581936
1.62125010344569
0.0167922106383499
1.78942492971613
0.230276012881102
0.0976481293355417
1.81705082515365
-0.929559521922208
0.729990262337045
-0.777457395120614
2.75879586797685
0.646934386037798
-1.18290589974043
-0.476290167142824
-0.662161606431511
2.54046388179467
-3.26221646839011
1.64645202294537
-1.18989117083853
-0.0579582220873127
0.124299320658692
0.0711144273781333
0.506601144325479
-1.24065968265805
-0.253172776169213
-1.64848349089166
-0.871338406977046
0.863733676761931
0.0553856150187005
-3.86441378419427
1.71478408962767
0.0942395181140317
0.524820729831993
1.61611053760576
1.45986591786661
0.230897013885174
-1.08973202555454
-0.938012071121299
1.2366230132668
-1.1549314174091
-1.40271143366504
-0.969739215544814
0.398874090545801
-1.11076718432696
-0.834383059325238
-0.142687637764089
-0.356301226192724
3.39402812815371
1.36886130171368
1.66331372254641
1.78123421506084
-0.39564179252462
0.347760056307886
-2.192380691882
0.353353584358255
-0.0701302591537321
0.728568752446271
2.90097268261605
-0.0960690560057492
0.157901692020101
-1.12121631621611
-0.770804103927652
1.21686364731007
-2.55802113427935
-0.862669409340296
3.72228874419118
-0.254133201355627
-0.497508946340836
-0.257395468295241
-2.45796432261588
2.17510099480584
-1.5909626369349
-0.0769692429032507
0.301211778148124
-0.778403256929772
-1.68974517595976
-1.29838410670562
1.89064050147785
-0.204295236029606
3.99472911662325
1.8383154030441
2.15098056887286
-2.15332774145934
-2.71516447525206
-5.60044786681859
-4.3601877170433
-0.172321864489275
1.56685708693001
-3.28944688370867
-1.96278283858911
-1.38176325826518
-1.31631820723554
0.682780005028091
-1.28567020351455
0.191351298132922
0.563958042396262
0.914767848047765
3.37264092024127
-0.873177584877783
1.38088508362529
-0.733542649822342
0.641898949932877
-1.26085730597386
0.507539918218143
0.806504529790679
0.707047329927354
0.237892516631975
-2.71059345785167
-0.43020651099888
1.85640452207278
-1.78182446981453
-0.94861022140169
1.11823829344971
-0.335558444547119
0.189406214548783
0.486357535896168
0.0316762464042761
-0.295385467147562
-0.509704065624316
0.627162468086924
-0.861766716845054
-1.53800489177927
0.414871299889017
-0.657066575161863
-0.345516294884516
0.644075228305769
0.112954965751272
-1.18110262562489
0.264166233491388
-1.29090975281854
0.490942565069093
0.309777199636626
-1.38597821697826
-0.841911163433068
0.20830554316746
-1.37693448963687
-0.369765433277541
0.209762751238501
0.556345987371554
0.877205612821051
-0.263077785334271
2.02177319616451
-2.60483556596269
0.382734504341393
2.33711793115599
-1.61634348507513
-1.55496881485421
-0.666432973922677
1.20249151064452
2.39840543378658
-1.99202810313539
-0.311630543286579
0.734409054642291
0.145932099269886
-0.51918972711168
-0.711058931564746
3.41428468775422
-1.84769454653205
1.92173150322604
0.643898094297526
-1.16320863265301
-0.896739097367075
-1.87671644977896
1.649200550077
1.95148359086465
-2.36322189291003
1.71377679473583
-0.173417155769697
2.02935239363239
1.02353045877752
0.254945084680608
-2.21185284158257
-1.48239208619048
-1.29917188532021
-2.39818927695293
-1.25206963538072
-3.73776337256455
0.551314716746713
-2.15121798126997
-0.194331587679008
-0.0979162671611549
-0.669807853773244
0.309415173336824
-1.19214474147768
-1.52869584002477
0.315273071510642
-0.790492948566251
1.33871613837253
0.437249707144864
-0.270124230621495
-0.531115387822689
-0.253506568788312
-0.753344818050108
-3.34809528901575
0.16993026544514
-1.06680224718181
1.69322830373894
-1.59928053509313
-0.490181102315752
-1.724773964597
0.935219081985421
-2.76326596373406
1.41020641725483
-0.58219922448434
0.273251113104224
0.772338942649087
2.79436922994028
0.911540420900368
1.5161548552313
1.71467489376112
2.55474617706338
1.83580087465382
2.24072129947415
0.503030456978039
-0.191109157716796
-0.113289357439442
0.449643322650016
0.280572469258559
1.92991803009208
-0.75975354486289
0.264712666676433
0.736825666991327
0.234031163676264
-1.19929682566546
1.03627341433588
0.880658818709883
1.90056039384247
4.16949576418557
2.50995858954595
0.438421474473377
-0.801938176654096
-0.115864501026179
0.917970953895962
3.50772856678759
0.986350737394919
1.38710287244247
2.73822928020279
1.92116811491866
-2.38828235803532
-0.951552874465148
-1.16488643679364
-2.2638938100757
-2.36390827373827
-3.46262752333902
1.60048835662599
2.4114767864531
-1.32092215958197
0.719187505130587
0.390246938191245
0.0731254554030957
2.10159089020867
-0.999535969199923
0.0477431870259487
0.206431045074183
-1.01033698206104
2.24699372308301
3.76907499548923
6.48611843422
5.15605250733988
2.82394156410864
-0.833478777328071
1.68747518579951
-0.167066957140315
1.17547503437286
-1.88436510174576
-1.13573491152078
1.32396391099881
0.164553996533824
-0.568308054105036
-0.932597469421112
-0.6495980163918
-0.0389427057614612
-1.0876032794645
-0.420480332432923
-0.964550324454232
-0.204838194949772
0.741799010240387
-0.745703201504011
0.451059753985259
0.646759403130085
-1.4966772292319
0.903503703756687
-0.236436009055289
0.94083955016108
0.20818495780129
-0.828348596432487
-1.61045505031776
-2.47479857250854
0.297776640284746
1.93501630584843
3.59916957826237
0.0917570767690654
1.25901508016548
1.49589563818591
-1.33107445661628
0.481355966044839
-1.31910410106771
0.534926341616605
-0.66359277768994
-0.195523496390146
-2.54360885415663
-0.161934224056514
0.831041959714458
0.582536980058374
0.494057615093352
0.797033453917205
-0.0439699487415722
1.73727691318032
0.414517604759108
-0.342427233338852
-1.36000058044244
0.800443566522364
-0.340011425285806
-2.02664320140207
-3.74813159367687
-2.50838166533353
2.75985477033413
2.25889818283679
3.48762983677619
0.984189407112862
-3.88782659465962
-3.05809523076002
-2.80723928519487
0.308454489389055
1.01583657017776
-2.08637982338152
1.15131428539839
-0.321449177016721
0.36869362922995
-1.08201326244708
0.04211258142951
-0.748079807500261
-0.146580077338606
1.5018418450243
-2.56631139496094
0.231955836852851
-1.45275132039849
-0.569845230434359
-0.459444064637715
2.92051380704644
-1.227213393467
-0.983547309411504
0.315306490048528
0.16891053169746
2.73080112858735
1.72960785652977
-1.20282998071472
1.68130513337138
-0.476792751178227
-1.88605983750706
1.3360355203388
-0.683910590452311
-0.610908029651218
-0.403866855299883
2.30610860979525
-1.50580429542996
0.920391700906437
-0.454104780564258
-1.92783930598143
2.35565065909959
1.45673489070712
1.83008999411627
3.71442418021616
1.16724168166933
-0.550317212309469
-0.500648492798201
-0.498019922259976
-1.38845711227542
1.40538975645086
-1.39656569546653
-0.889537504316937
-0.0346504585762328
0.151791382387003
0.270881739882136
1.2662443657158
0.892358566312162
-0.0226110763184738
-0.006854961563264
0.465956142915643
0.957717259168126
-2.79960856014702
-0.481203023050934
-0.734667880288911
0.511243219411055
-0.719537784946182
1.10919896981717
-0.27267495146662
-1.99490957562234
-1.2552648170128
-1.15787901192556
1.73471868660381
-0.242613527493909
-3.39144525755595
-2.83322921022035
0.932435701818281
0.617020110638857
-0.420392678591298
-1.42845559440831
-0.195200463165441
0.20793491843889
-0.056128138232113
-1.40348493725747
0.00320232179919111
-1.01781934368446
0.0436784912541892
1.99416953071924
-0.645717638987851
2.998695792225
-0.466846333044145
0.161025314399123
1.87643199309398
-1.36841662913787
1.74945330807409
-2.22342301948481
1.81739354866481
-3.35583176166422
3.05482061931309
-2.5206468862555
2.16781469733846
-1.22826297928582
-0.456361806192922
-1.15640347254497
0.951892805605439
3.00073313710537
1.73428557398668
1.36358978865713
-0.994224970645061
0.0585580358499966
0.267634879725835
1.45753051566575
-1.82864763886494
-1.01932530080902
3.39487386146527
-0.577770952611867
0.00576656819837662
3.54939616990542
1.58095807964256
0.725635963390058
0.73812544054239
0.881530465506145
0.964045366646838
3.96114364193657
1.79498648339231
4.0094676160379
0.885844484929312
-0.686449136750891
-0.638017949612538
-3.55370955170065
-2.44474454717877
-5.10931064898951
-2.99691827914709
-2.81840618285986
-1.71954047402729
2.08293422483542
-0.655351839990353
-2.17308443374897
1.62917099984212
1.25452366174751
-1.41242570526261
1.98771782631878
-0.807047414882908
1.22480897369353
2.19571502396682
1.70478289453175
2.95211905749125
-0.309180533789583
-1.93273160898295
0.990358443300199
-1.18946095661353
1.79856724327374
-2.07401106302794
-0.956582291304473
0.0218258341704461
1.83724755129117
2.37799428582356
0.688153195271428
-0.709528791626168
-0.108981183186619
0.734648016755829
-0.11851295190156
-0.8268199389558
-0.795642969840596
-0.352361796441827
-0.152071969885953
0.202525823901101
-1.3007853066987
0.155161302856054
0.206815801390222
1.47849176717635
3.14178100659655
-1.67727242334179
-0.598715049330459
-3.86101679662107
-1.31782242048556
-1.98079486539166
-1.43861176665762
-3.45733394369054
1.109783491674
1.35170910922805
0.047203483282042
3.24888555327817
1.66350246400248
3.97271525339837
2.11234165271218
-0.0624843504696738
-0.944130091225695
0.281697776161181
-1.7510862323353
-1.82236740213061
2.31062641867793
2.79442195567585
-0.0906649258608679
2.23597682298618
-2.16174431030265
-2.49731058824797
-0.8825803850029
-0.511291022621502
3.82672533414804
3.65271509254177
0.997844161653904
-1.27786837843785
-0.477475382647424
-2.30512975147474
-0.48624718127741
-2.70387892063891
-1.04587018786734
-2.31170516954084
0.646037175588906
-0.848038388333063
0.236777715818603
-0.435221710716143
0.609525223474727
-1.32139835106475
0.968934800810412
0.896316085927701
-5.64834213792574
1.19511132304725
0.791469885704695
-0.753035549383212
1.12003176631167
-1.07330918294085
1.60565083209154
-1.42555683273403
0.606868262441189
-1.20777487451424
1.92759132403028
-0.895635767055594
0.0818414539071357
-0.908793707310514
0.464109201140802
0.591248488273522
1.35809036182709
-1.75181002722591
-0.0152657214649108
0.140474738235355
0.551382802885561
-0.983095963931419
2.92909490925358
2.52328927833274
1.05469790555825
0.954656217514581
1.65092598415338
1.47169012540155
-0.698697670477376
-0.556874521510562
1.09984548167718
0.670559098369495
-4.06200595422264
-0.301167053572248
0.817221322641939
1.36499877554649
-0.799733021108524
1.05530043751583
-2.52744151173057
2.49384389109192
-2.17879414590176
1.76410941527594
-2.36823890238087
-0.0289960930479342
-1.13364831113597
-0.803518882926604
-3.68493787806024
-1.37272298467242
0.750400914250987
-0.998290771292856
1.02170795446575
6.25788181380274
0.682193856574323
1.36922634072143
-1.70486641099363
0.0691049679431005
-0.892950099091404
-3.36278092450132
-1.8116997145309
-0.842745121790218
-1.48607510679998
-0.613614467090652
-1.30492299858391
1.55550557875249
0.68791764911108
-0.661552861368675
1.21837411935578
-0.326215783626934
-0.497366222463297
2.19860666781116
-0.50209982400448
2.31958301594913
-1.61355765769763
-0.167619081751138
-1.22391141293738
0.243764436834456
-0.000703019184954468
1.7977303795351
-0.146209621250406
1.46296233465784
-0.955831336082037
-0.362353952217794
2.68288701732258
1.97677067489574
-0.362909045931818
-0.756258677652363
1.13210587278027
-0.00647031360758288
0.310250190632631
-1.25266823984948
1.25458536430474
0.993694279794414
-0.767643926998642
0.16105171909492
-0.786901919478554
1.33170161246739
-0.537893600752039
-0.768063356482557
0.708083664608072
0.864133773069096
0.24049322909516
-1.14799648118262
-3.47416398118683
0.396871777523108
2.08973522006872
-0.879976499381478
0.660326928560837
-1.66861660793412
1.69547646366675
-1.52550049370934
2.34298793548232
-0.639037116894904
0.522625392774497
-0.279659784412614
2.72140410611393
2.05214725834325
-1.36644767168918
1.38658951834906
-0.822089251392381
1.88573668641414
-0.416416068877676
0.520793506565282
-0.505182367811998
-0.474639678211027
2.16670447808682
1.30585101285384
0.234319984306365
0.266966316472259
-0.131369837762309
1.03510408229345
0.265677221237933
-0.28924361784534
-0.592833253274992
0.536457281123209
1.61268188320604
1.55937158632693
-0.913163389735921
-2.01889070718697
-1.50320825533929
-1.20907816409177
-4.06409867917529
-2.48314883117488
0.690257629195715
1.81312999942735
0.590532635302675
0.391588857072635
-1.8534566650784
0.331267145275607
-1.61270847735361
0.893783483708728
1.09472234358765
-1.8669415677709
1.4451502910899
0.575175753395795
-1.80905748825513
0.0992757684501518
-1.02788371727433
0.601418978174159
1.14482481210408
-0.320158152319513
-0.634400416175152
2.35261398327403
1.32643946636831
0.760895950654841
-0.638127474651368
2.21461067519106
2.2162438466532
2.99721189079975
-2.22376832204746
2.43239160729769
0.144514959464019
0.843650125089536
-0.0509836699351207
0.922163999617902
0.0535772782306517
1.01559093249178
-1.90483753013633
-1.7287901755964
-1.11528334005817
1.75242765587736
-2.28614915519693
-1.32634185149848
-3.28298184032516
-3.29319055658552
-3.70052634905486
-2.61709017539792
3.18791651497572
1.15534947524487
0.521706482853044
1.26303981772715
-1.03118269767555
-0.107749194113824
2.01808947937207
1.96281506817825
1.60889570493876
0.566487874378573
3.21537468967464
-0.104350966099592
-1.00053566186788
-0.916476710749536
-0.248300736058361
-3.79055196381172
-1.65866453149796
0.767232859512128
0.09243529210665
-0.576126892103738
2.52328313174617
0.703115645512203
-0.0542601798277347
-1.91578212371753
-0.321682549205836
-1.24787283846712
1.42125731586185
1.23238311788669
-0.271554450078758
-0.354358439452847
-0.389164356690702
0.76832301690862
0.0191933754565152
-0.556518349355349
-0.0610926418616417
-1.41390958217122
0.196859800241798
-0.235491712019509
-2.9667916198581
1.05770923305857
3.19782760208813
1.82966199313796
0.839528490211604
1.25284983634721
0.567240523745187
1.59550799633041
-0.0606321050711144
0.377256601618657
-1.24669747789404
-2.57509636255796
1.87871446075815
-1.46968945664512
1.17898152757557
0.208491080488135
0.803475111577658
-0.116406154592501
0.765477568774137
-0.272783351797142
0.107179619234116
0.445311016826844
-0.622753952174115
0.675557456441287
0.103321777351901
0.71231105360999
0.98515700566627
3.69544960295684
2.57263175741859
3.51246485697114
-0.259108910147356
1.33678440808112
-1.81193761756605
-1.18461295340719
-1.32807699088297
-1.18696113791374
1.31582743872269
-1.50452500157542
3.67432411310609
-2.85764260507734
-1.86062078600909
1.22899959962587
-1.99484504165735
-3.06308043843785
0.78198742440995
3.0584761717344
0.25708363344193
-1.87472190716887
-4.12154540622437
-1.17545628657035
-1.66908381037449
0.0328074084931912
1.5968358262008
-0.0120428552544621
-3.53187570975925
-0.766964075878256
-0.866610870080335
1.0919373597807
0.52573615056014
1.71793009648656
0.582161512553947
2.07488047329317
1.07622908414921
-0.066160655799881
2.15231654475485
-2.0624154248561
-2.54488203638747
-1.99433760740442
-0.0290064141598103
0.831775549582534
-0.184694099471439
-2.29732759256882
2.62629233656887
-0.889970811463414
-0.169296745940978
0.426899714746974
0.135515025867971
-1.18851923794532
2.36974515770577
-1.25548459814624
2.18380357667264
2.9294406153449
-0.410478611638574
-1.97019365733825
1.41268928158149
0.0686047436266297
-1.86008678105304
2.35795075548212
-1.43645003087846
1.26955558858936
-1.02499371041956
0.509658219540177
1.08555759588771
0.879273776658744
-0.923868184615531
-3.80939582475113
-1.22776224120972
1.49844111285702
-0.608467533474711
0.491749514048101
-0.221749254111242
0.894665416289494
-0.277702884276614
0.558000036040847
-0.676261412902785
-0.540205208348786
-1.588609649693
1.17263616114695
-2.11429886870414
0.90799381179941
1.48657865025284
1.94515527576184
4.58245809131049
0.0883239871659686
2.83479606083184
0.859349848296369
2.20874142314265
2.3363835153375
1.26830015946587
0.247164015513356
-0.945480769469833
-1.50026883209897
-0.793650963835998
3.13574069551562
1.8719417411921
0.579112482078961
-1.13108921648561
1.46815789997146
0.480330494404702
-2.12760614657803
0.895260853935091
-1.07358397016685
-2.55041030187514
2.06437372028554
1.38009481015902
0.177395504496516
2.83294531998415
1.90199103363068
-4.13618193691098
-0.909244514150362
-0.151360522796396
-2.20327697097442
1.49535104736338
-4.13194489116758
1.24580210561878
-1.0558573649939
0.229125211428271
3.70931185153641
1.59726069832981
1.24633655729986
-1.20661685504318
0.513446858067684
-3.22797227866587
-0.576926537016443
0.862211338156197
0.477362048911287
-0.29498187067278
-1.68864205027056
1.82232304803542
-1.38184750898154
-2.53348082789187
1.61580511143142
0.409005088512565
0.406637895282477
0.241638424248123
-1.85609617964902
1.64481877120054
-1.53358013304887
0.535564557414181
-0.733465733735427
-0.639131733332214
1.61691807293605
-2.11821891079321
2.44705545178097
0.0667179126558769
-1.87169287806464
-1.15841741518699
1.08488287998292
-0.879106967582047
0.201819870452451
1.8280209262592
-2.31820690815287
0.2619556641695
0.551044024470468
0.367983146690275
3.27876723167119
-0.102242976952659
2.27799463322607
0.0505492502590543
-0.666188236234341
0.00338946121199452
1.27721757943548
1.26648744190851
-0.667830401741678
0.240346888293731
1.25987668747357
6.5977389917296
2.92568103384094
-1.05961092558288
1.29197426351933
0.199080226178569
2.07515101490924
-0.788912148295577
-0.668706312743
0.691394357348084
-0.753561627531728
1.10114182816712
-0.121806405774208
0.532049046836935
0.283928710033783
1.30238465558915
-1.28867720590368
-0.297779808986281
-0.220624029753484
1.67004740613618
0.364972406719349
-0.564165440859568
0.745112193916553
-0.0477325197978057
-0.528669602675277
1.81424338602808
1.99130051587306
-3.22948906819004
-1.16689932451424
-2.50130685371153
0.348708231986501
-0.909989370888839
1.13968407028916
-1.23157289541926
1.58556452686968
-0.895244066085469
-3.61670944612668
0.868065839333507
-2.89424539106139
1.98665008967147
0.82001607942261
1.43545198939766
-1.48740228083984
-1.57350128975187
2.82111327103491
3.26035801749001
0.0100679153929508
-0.00582643986578693
1.3827646987061
-0.395102015238892
0.114631862301114
-0.868360617895507
1.48395428145713
0.0139220865382055
-0.472457256146845
0.883148918520895
0.903263943187986
-1.64172755894777
1.32239471539555
-0.0998655127738774
0.10735434795595
0.650569606973468
-1.47383984853068
-0.392182740920193
-0.227383625079121
-1.34363475227226
-1.64295100078707
-0.68482898008132
0.231755354152583
-0.347820866873625
-1.03548828275535
-0.116444142509544
2.31709658842805
-0.120507746687271
1.77573925626076
2.22768153273653
4.39739211060656
1.07028439550739
1.03785192935067
-0.23677459440238
2.06048429195486
-1.43204867176212
-1.44070804783594
-1.77422963596748
-0.994637643783444
2.72697154260213
3.04978545223568
-0.502624881994418
-0.13166817900646
1.97072977156934
1.72026131476038
-0.216068850528854
-3.66964764041923
-1.18360325403141
0.568589564507659
1.77969002576187
-2.01928536138477
0.314733039859907
-0.469650910695672
0.924346763540623
-0.00257552185950724
-0.956437739055298
1.18655888116481
-1.83289786690286
0.827287197359214
-2.26000989458814
0.184204269659119
1.37450116800722
0.850549844954039
-2.19519733732704
0.80263565871993
-1.98346235220306
1.13687217644921
0.201769607818724
0.989576415513161
3.42481447724567
-0.256930545376613
-0.883044702785669
0.0541183228525189
1.25044892742207
4.18730520442632
3.0106422718618
2.40837027289964
-0.631993394213822
0.867738864341965
1.17148144395961
0.370482421373354
0.0157303294423626
-1.16326947517683
-0.517649362091666
-1.40685785888723
1.19876905756143
-0.335715129198677
1.39540901493265
0.578215081639214
-1.53864534934062
0.175908032386084
-0.922437742870572
0.576462259153078
0.458409437459755
-1.60388598586151
0.67224468437753
0.13781649987879
-0.137832238683289
1.14053052531643
-1.57966258720891
1.36759147753932
-0.164303759757166
1.9276947326475
-0.942482364174329
0.571890150378764
0.271032365855385
0.873813251573913
-1.45714302912216
-0.195066257246883
2.03635805503104
-1.54930396587327
0.456020440896596
-0.692359450360731
-2.54943700380407
-0.474028858960207
-1.46617013592432
-0.266162330592573
-0.777929436824289
-0.992511138238451
-2.8587239628504
0.536304809250372
-2.93554916234592
-1.62589795440869
-1.52975383866165
-3.02446004626174
0.0718060218421424
2.37041819895732
-0.319371164214305
1.426147032531
-0.489633911251314
-0.390170335097669
2.33892560015631
3.39148890489633
3.47345691029729
-0.567668081936643
-1.31742199725511
1.23552002034016
0.520363636055574
-1.24644236868782
1.28106288460241
0.833602094121431
-0.874086950367759
0.294100805471906
1.69541747497491
-1.3868927817917
-1.71807062100641
0.152844765323087
-5.19590019829
1.78153474399684
-1.40552603978863
1.65737056279752
-0.733731887494953
-0.29887077726772
-2.75437303959042
-2.75154673900192
1.69405466070537
0.643004942097879
-0.301937458246353
-1.90354143067751
0.757700047228971
-1.99235652788834
-1.09938699004008
0.598487603085246
-0.345290704480277
2.98344409840661
-1.83756335337158
0.462699720837344
-0.079720298555806
-1.08061176797643
0.194496823032661
-0.773302386337247
0.536097263335669
-3.68352751853736
0.0378477067587723
-0.988553228852067
0.519349864613306
1.2231998167146
-1.74074738490418
-2.92400531198221
-0.595766289540486
-3.86392164335919
-0.197297423664708
-3.44911247603569
0.486514482073023
-0.785061878811815
1.60833029132862
0.414923238172554
1.23028460544715
0.709656040250415
-0.795101366678845
1.02037804934879
0.876840721650492
0.292338087995553
-0.677523441572296
1.41842890252729
-2.35443869807623
0.819935594103706
0.196620455833292
0.0267875116839027
-0.022872574120636
0.534534721789562
1.09170891446366
0.14773892638842
2.01960200443916
0.937044898074848
4.25413400916903
2.53295185852557
-0.490522354781765
1.00723168272201
1.28181352606636
0.124084118638482
1.62371372814071
-0.890032568529259
0.942855358035092
-0.309895194552056
1.25336870783197
-0.229012598394028
-0.504469813942962
-0.618843676032066
-2.27419700559458
0.362404901928818
2.09418726040068
0.289746997477579
-1.04585961136907
-0.677310141110744
0.727653118573849
1.6864009531778
1.35725549508756
-1.94005570493269
-2.45578966287959
-1.23626751940251
2.27895293712062
1.41151643141548
3.22745416375697
1.3585907553354
-0.0910730373677752
-2.57434566496074
-2.21213413226707
-3.30520779195015
-4.36830863402014
-1.8082540454143
-2.14371130734552
0.0482510019206329
0.953225401660945
0.834399315831985
1.0278624510654
-1.26568711235852
1.29392803145359
0.665547699911061
2.50859198537944
-3.18801838271062
1.48892357231081
-0.628068273121401
1.44406053979292
0.0287890313530005
0.668346361328581
-0.757346876639329
1.06582633802823
0.412636299285919
-3.17629282060093
0.315351813655539
2.46704442040568
4.27147887199668
0.268632102341761
-0.697462656702354
0.196338426159014
3.12154495416189
5.59599480020753
3.45058102402106
2.61218567099465
-1.10222928479355
0.871576963268744
0.683335016287603
-1.49192262276117
1.92507254475584
-1.07745655520898
1.80333889755236
-2.02117924453863
2.41753302724987
-0.108250367281352
1.99569388875942
0.30841443855609
-1.42012147342345
4.69098424721207
3.94791456395111
1.47367440436164
1.97282524561782
-3.04881234380125
1.45719430575572
-2.27025630974302
-2.52819837581185
-0.58097594192804
1.78705766790213
-1.58333043839531
-0.616472278978886
-3.24317746753001
1.36155100001931
-0.526988197215202
0.683413672570111
0.61597055097161
1.21070183888714
-2.15641723005651
-1.83064386001716
0.0140524777402192
-2.02838997351938
-1.30780832277814
-0.400484679172353
-0.661634905589958
-1.22500443502647
0.838020972422802
-1.78277106959426
0.749034667147122
-0.0540654858872558
-1.2763025224611
-1.19960294570137
1.82762589665178
-1.61300119002495
-1.14927765609386
0.105459678853843
1.79738812584892
2.63518574878949
0.582213084366092
0.0751525050161617
-0.0860526474236907
-1.34629405244426
2.05015952225532
-2.04629724958541
2.05496860667718
-1.28641693334095
1.47299457138417
-1.00735786775786
-0.977425144824765
-0.724904444517959
-1.70933143645096
-2.36211348272147
-0.297942966313947
0.431729956068907
-0.416119550903962
0.327914474949024
-0.167333978125535
0.627902327797034
-2.76880623088407
1.74553531016983
-0.332284821707893
0.542600294451125
-2.95553210203994
-0.454995167273876
-0.17368032232301
-1.45183542504627
-4.17851465163493
-4.09862929143874
0.114657128489582
-1.07281078781738
-2.46084623373868
-1.9689240536707
-3.19364957502007
-1.05138309549948
-1.0923510541032
-0.397104428572937
-3.38270348941154
-2.05835081238901
2.65594393755447
0.735972773698276
2.6366812863453
-1.79417519964308
2.27333067837653
0.224071547791208
-1.73734741342033
-0.690143873769003
0.537398172209814
-0.870956815098769
-0.015304160703607
0.502779708420845
0.645059576852021
2.24619827189361
-0.456941943700507
-0.129458223594417
-1.23609782166986
-0.659041087359911
0.188160349612281
-1.68305445530633
3.21463655531297
-0.170132875067468
-1.68954238939398
-3.39586401394598
-2.78210762630475
-0.0152231999218836
-0.499147985569926
0.95258663180588
-0.969486743156985
1.00225926926331
0.175004945030294
0.164008193730037
1.84212025252398
-0.744922460693361
-0.355355070946374
0.162461226097687
2.76829512335534
-0.800144875590109
0.522107632506317
-0.0323741949595865
3.22525734432116
0.685763907708008
-1.03862311188868
1.33210928808359
-1.35535286867136
1.99342415033401
-1.2792651874159
0.705242607101931
-1.03321262812912
0.32934999280561
-1.14992723595344
-0.155376765721986
-1.80398351527201
-0.586004983023976
0.246261364508847
-0.663043822029794
-1.11731042832156
0.360016806135063
-0.62514006899892
-2.38759353383417
-0.325645812965507
-3.96710971905867
-4.63392893325188
-4.87977707961144
-1.33982713125981
-0.462969642668743
-1.24471484864773
-0.241341829668349
-1.7616112663304
-1.58023716543942
-0.261486918128187
1.51911083660358
-0.701058374760501
0.176462271139157
0.119909463694879
-0.642823973673065
-0.33791021826252
-1.02744265382936
-0.288040733288981
-0.362856294467242
-0.0635911047343589
-1.16424733799179
1.71362467297334
-0.837806744511382
0.787273483863439
-0.779277839794917
1.25231779208554
-1.0091836868867
-0.825711960810865
-1.19398938388101
-0.779019768246603
-3.43284283203781
3.56833595860136
-1.49722600753839
-1.15111058496156
0.937815064267617
0.934793604778366
-0.255757240334063
-1.57596421370023
2.80208982152067
-2.5350992276841
0.428584974165158
-0.193295492599225
0.600544426372415
-2.32247141402578
0.0182991769974493
-1.13967683481097
0.0223927820870846
-0.753656787590439
2.32905714604494
1.65375324217672
0.762974824821567
2.27721512593485
-1.14236740722405
-0.205291186980307
2.19585164958112
2.45688266380696
1.71290645654069
0.387745615348855
-0.432239880875142
0.388488994726233
-2.89196590771977
-1.63694903613913
0.599102339267532
3.99696952789192
0.0480670365165737
-0.704852120154887
2.12379283873574
0.124252848219513
-1.03319819829777
-1.04643626823535
-0.827049262022246
-1.62195466171962
2.46985897858551
-0.153302151313125
0.487033149867209
0.688407985813569
1.11117886097311
-1.66110799887946
-1.89881314427768
-2.36108860164024
-1.98792504358979
-1.46975079665662
0.661539371684793
0.34808436410561
1.04811946819401
0.880762301823234
-0.71878077493562
-0.756489852321689
0.247656239270362
-0.19075697664603
0.898417597459384
-0.554413059676675
1.38401091846039
1.49008655572896
-0.0838451960349676
1.77302439376292
-2.10908457053779
0.189820523109405
-1.8084429615473
0.0760827771745135
-0.155417940881773
1.16651510506152
-1.66287175525675
0.0122729397175618
0.995173943868365
-1.48108580379952
2.43334770148185
-0.512110497967483
-1.22070996845638
1.19732576029672
-1.54381817252701
-1.31204554019295
2.09580997872726
-0.0211067927934658
0.196936170029902
0.51832226350794
0.976630769497893
2.11179499400749
-1.87013805446193
0.770981505423664
0.50582489320054
-0.209523274485508
0.0529930367245304
-0.152340429542862
-0.109174815168655
-0.070251196725999
3.83214815437319
4.14928870867011
3.47754337947267
-1.51100954873308
-1.29843263490484
4.02492252780612
-2.57539820049505
-0.203064308872115
-1.32854563303585
1.55388185180066
-2.63132510965787
3.11816116873287
-2.32566720876999
2.51584523737653
-0.576587103964621
-1.15352110467985
-1.13389799812701
1.78792876883222
0.527594870492485
-0.0889264386527168
0.87733517257608
-1.1839515517766
-0.253746004326975
0.0615659464644531
-3.07843839328529
-1.35486935925104
-1.66988149076907
1.07115602278166
2.0785395523686
3.57913688474077
0.0747393311725965
3.24575581015075
-0.529962645716622
0.122161640793043
0.41004975756573
0.946944870244583
-0.278763533622018
2.26102767211131
0.164103679159076
-1.43099237712829
0.377268922173361
-2.28346979519873
0.203450041014014
1.09269669468064
0.51031391255283
-0.165419847660035
0.0594481996804805
0.932886973714225
0.223642544058945
3.29698413999418
0.862063972988334
-0.365310841694037
-0.49296666196845
0.960607598530502
1.1551445360505
2.19974832203052
-2.33040301320275
1.11911549069425
-0.55753402743354
1.86202194932641
-3.31852280948309
-0.953043891733909
1.62425580447694
1.05032798194253
2.08136327092162
0.994648467363172
0.00577804753052587
-3.22059161638107
-1.13124684363818
-0.196056690768822
1.31318341944798
0.7981035391468
0.890724101623229
-2.0432159513928
0.180144778223727
1.17095967772054
-1.76169632264106
0.467804821758137
0.958299752856279
2.64818987630972
-0.67148037490564
-0.22421610337425
-1.7342354162313
1.68049061424336
0.247428303234437
0.916786442538032
-1.80738438783547
1.59781482390044
0.541719306003965
1.46144653698109
-1.82589348446295
1.80128577076651
-2.63043576777101
1.10718080275237
-0.00540040398442582
-0.11515920171956
0.0966331023486224
0.735368400865806
-0.314274212308064
-2.97799055205288
-2.52547838656269
-0.394843978298413
-0.324670366916589
-0.504070490921932
-1.08998381532316
1.19205746875884
-0.104653728920164
0.358723867936562
0.563866013480692
-0.532980286623146
1.24780530053012
-0.67921671336981
0.845583028654983
0.713998697759142
3.4882432150624
5.9023195763258
2.60001035797404
3.11054389785734
0.597448454681345
1.83966121941853
0.512649445287753
-2.01572439339585
0.608321783553834
0.490641811578372
-1.66746174986709
0.704212986807842
-2.53883835451827
3.12513980506179
-0.745387050222184
0.829609577699672
0.423153855483787
0.764320857864342
-1.19401484398736
-3.12086237110694
0.911896778465795
-1.44114565012281
1.14659946511486
1.44637275091119
1.92841599460388
2.79536738973937
0.724652023989311
-1.33920072258099
1.09974014163044
-1.57130639948084
-0.406587823052994
-0.0860273674898868
0.7164554055929
-0.294408361600862
2.17733808153588
1.33054190036558
-0.202828541122834
-0.0686345982183191
1.63732165267994
3.42215295922962
4.74669787204678
-0.339275101119142
1.88917690937491
1.91950082147374
-0.0731563150431235
2.58978667984498
-0.479196501196099
3.58126826244981
-0.0884733716779559
-2.98936499777734
0.373537695242764
-2.19845360919178
0.626403912539162
1.16139547540299
2.9176198136441
5.9010480774469
2.13247041594169
0.722943539688731
0.422924324321705
0.955120832514046
0.356786910700289
-0.0902216284310269
0.460808166321363
0.797988798178026
0.692022123729589
-0.224543988141421
-1.47342332163279
-2.02517583400191
-0.00604183555973051
-0.309382382741478
-1.90533890376286
1.61383110522506
-1.05814782092097
0.72193283771555
-0.757882518764627
0.699653949708137
-0.157538060170347
0.693672083852992
0.874079443015011
0.722935340895261
-1.10847795184687
1.47588824812626
-1.10791800688225
-1.14167976901948
0.404790174760998
-1.21820770826897
0.159959587121754
-1.14409601590676
1.01561683984176
2.70643151391578
-1.88912247785535
1.78642594480214
-1.38142869862174
3.56776054530509
-2.61657615801217
1.27007621642944
2.0449165185636
-1.61427667472396
-0.701062160396813
-1.2885677518567
0.247048446163834
0.327220177033005
-2.0531557620878
-0.316794767896701
0.460108483389606
-1.66937860122266
1.04696873369174
-1.72498573844503
2.09906356171315
-2.32413625137935
-1.92026880200296
-0.608631965464221
0.397084549092125
0.106851897871052
-2.90239920141973
-0.619867083194447
-0.33846564811326
-2.7297173805616
0.774758806764076
-0.206959320702157
2.53911021756715
-2.18181506527839
-0.310964973100435
3.00913501619275
-1.22961858288087
1.56490990031623
4.09637040712075
1.89287260673185
1.69825010732168
-0.550201967690929
1.15997718590951
0.0287015201124959
-2.80666503801458
-2.73182602136909
0.837457199941044
3.75448065784841
3.57024602355059
-0.937591158319867
-2.58271320638182
-0.973260016986857
1.48465440645593
3.0810214835366
-1.80447579534696
-2.87512105679858
0.563714713684596
1.68825604696287
3.619961570965
3.52799098407428
-0.328175717282906
1.36898340462419
-2.59632257741601
-0.494305879776297
1.4290540010642
-1.73136346421725
1.49170332806781
0.860911743278369
0.222812109213437
-1.20112533669975
-1.18299387634502
-1.69565865749207
2.09375774060137
-1.05571662346088
-1.28658529119592
-0.442029204579614
-0.291147011255835
2.63477395874845
-0.0691669001807304
0.271595229204449
-0.249031690348258
-0.120950757881545
0.393410766043359
2.09291528144272
-1.34830817203701
-0.360916167242236
0.555606498161156
-1.09605201382911
-0.24128682063568
0.80597243420516
-1.7878093973048
0.905064336176651
-0.952906389488581
0.655515508140693
2.54453709819455
-1.96075214245435
0.487181082589694
-0.413348417363278
1.18139967917633
-0.969910035125765
0.587307583452123
-0.867336288709016
0.582441473531021
0.31081355586587
-1.02220366703147
0.582257651151108
0.646921734956151
-0.651381429771622
1.89008452672594
2.93624685650182
-2.00666352764632
-0.641906310209904
-0.484553695718991
-1.44044799005137
1.29871573301337
-0.228330133562508
0.401934432318269
-0.747779929025818
-1.21049345346648
2.0206539784058
-1.31199021155118
-0.610988117999595
-1.03716631381272
-1.37750457920988
2.5982769810931
0.353714376400824
-1.17652351771227
0.555694674216427
-0.458695590778081
1.52953415980274
-2.01868969594894
-0.00958280366418524
-0.564456374498391
0.788329215024193
-1.71729119801826
0.502800309143385
-0.189730108148347
0.190694490200406
-2.82611691565163
1.88822043614214
1.08125461279865
0.341598727466547
-4.34378785245916
3.26156263839351
-0.550449131609812
-0.989673152330246
0.923678033518805
-0.535376812029099
-0.806694547209329
0.211512002451558
0.78203778894081
2.45453258551128
-2.98439070590285
1.4320510720916
-4.42924317614742
1.58573613506041
0.17907095338723
3.09457689823872
1.66984777622243
-0.103972837591985
-1.59225307880672
-3.02980479007174
2.71195416645416
1.74288077456051
-2.07580149905023
-1.82867310547276
1.95503647311969
1.57195344461871
-0.190246795169149
-0.159872069383057
-0.265865389876588
-1.92673643406233
-1.42777325808886
-0.058722446712492
1.01284732974524
1.34496895141059
3.52144673089962
4.00637252956691
-0.200228787439817
0.731931272833748
-4.29143588907336
-3.56140550242
0.393241442978583
-0.180152892963273
1.15798437236771
-1.70703158532421
0.206712306100223
-0.922502455155961
0.199278763561844
0.995503528694133
0.323898293405987
2.63691151401706
1.05415481189447
-2.56310686021712
1.76338058167831
-0.934192727512549
-0.854274265662298
0.71075103323501
1.85206851346476
2.41141562039353
0.22130388475545
0.024064174156025
0.299473104368348
-2.18362882179528
-0.270933772447615
-0.204925457867417
-2.22047596596041
1.58947713896188
-0.774172937729811
1.46303766847517
0.074430670976015
-0.538337979969332
-0.759895344276068
-0.127381583022242
2.81325311149377
3.97350543225633
-0.309462992401636
3.41016226008535
1.82863512975588
-1.51714907306262
1.40875333981111
-1.69729700640364
-1.58103332735278
2.63808291462182
2.28212074273795
2.42510988723998
-0.245177704969111
-2.05116695140354
0.37226719913684
-0.313107600588551
3.20209122939518
0.388939407016937
-0.0819015117220092
-2.00936836826917
1.22272567542176
-2.81361661631268
-3.33141004660085
1.37935751670498
-0.696287655362126
-0.791483676363066
-2.5893563622573
1.68725072711014
-0.434524113751416
-0.874643379640791
-2.47643460731014
-0.731019488082793
-0.658530622428184
0.0209520947715209
0.0405355368014878
-0.451567304662823
-2.72381995780006
1.94390006667162
-1.70008555853503
-0.677299692231314
-1.33986787070682
-0.986878891497125
0.208286231849588
-0.578574154303738
2.57438146840006
-1.93380471518057
0.234054511003322
-0.0251937755687646
0.793065206230629
-1.30601528790143
-1.40831941988793
-1.11049642145352
-1.31583390349888
-5.02193998638654
-0.443293320237497
2.41995244044874
-1.312203614934
1.55526219715514
0.36067514103598
-0.868782646553055
2.04670980458813
0.0335670400803088
-1.30480542711297
0.135586019702292
1.85666616573916
1.75139521932812
-1.40219587831397
-0.298197525676996
0.272525069925036
2.15853571585129
0.651364104828867
-1.14941705237768
1.59583883936073
0.534700380804293
0.167823799779209
3.24356406688346
3.58724892089461
1.5806156628759
3.52971246204113
2.49481457963329
0.507352299103467
-0.147448109430363
1.60039658069002
2.62594886643774
1.67445446948776
-1.8070682205184
-3.12266820787972
1.77651569547868
-1.69979032454306
-3.26152712128199
-1.99515239933826
-0.754815833001273
2.67904995526832
1.12695046433038
-0.317853381041896
-1.27462506050737
1.13794029135732
2.10231250698742
3.99613441699527
-4.25245171240071
2.26556628841119
0.445655219986017
-1.14328835121008
1.32987752336846
-0.217886169049773
-1.86347727094239
-1.02471396675827
1.03435330058695
-1.00543432598815
0.160773178765324
0.853670395914109
-1.62436865222003
1.78439550988044
2.19339566190818
2.13615586619544
-0.683623368493477
0.49399808906343
-3.07993301754475
-2.67582451504949
3.93030635474472
0.834787140727001
1.65231140896292
-0.559335592903843
1.04992158611932
0.199173095015456
-1.79325536286126
-0.576997213292832
-0.191521332939239
0.611712682490577
0.722128877716398
-1.96741444967573
0.0784024138748292
1.11917710605733
-0.376852865327978
1.31764973615763
1.10034427762185
0.773981561687263
-0.269425205122431
-1.00758842658865
0.369812174167173
1.6537693330798
1.03182924557441
-0.90008286807176
-0.432780358284332
0.0248345935091165
0.657053016305553
-1.08803719234939
-0.645788080198287
1.08143829844102
-0.566977850552992
-1.50612458768908
0.409242742569061
-1.6185438494661
2.50756831443409
-0.74677361636342
-0.249586083495258
0.918317442008119
-1.7462853162686
2.04489032719576
-1.82036583038621
-2.05770590393995
0.649733055246425
-0.350179200433169
-0.53260129432595
-0.381851722979308
-1.08843621247792
0.0416394840512264
0.445234462300811
2.18560373230149
0.47592982516806
0.424146097570513
1.31983530479267
-2.41912085646131
2.2225278016229
-0.531988428698446
0.780058379900567
-1.31310222444141
1.13828009991991
-0.0166975376840329
0.183354477046041
-1.05524861024565
0.647600659930405
-0.661655069278495
-0.969684728689453
0.714192795263753
-1.83097215543157
1.08811269877182
-0.754863737742078
1.52403097495851
-2.4193086110401
-0.067943127593893
-2.08124313343487
1.21860854928245
-1.34645667410482
0.782665377517636
-2.17741150643193
2.90377115205376
-0.371632779710072
0.479947265914661
-0.772386301154494
1.14730101932318
0.603582629143218
2.23027311886518
1.63453430000359
1.29522776433569
-0.979655054283336
-2.04734472555486
-3.67407254061275
-0.0248780584054535
-0.565453379025251
-0.546135898700343
0.0830197921857451
-3.43588638537394
0.282136399409171
-2.05434566930772
-2.07919705035838
-0.233886721135531
0.161510796958633
2.31148184068934
-1.03279231200792
-0.800284480489702
0.790888866523361
1.73913322032106
1.52475800755054
-0.9829066105175
0.303551440417254
-0.441065631882444
0.0664590478993759
1.70304610204604
2.99726069487786
1.99753284980725
-1.26609964077495
1.07706371832213
1.73425729614979
-2.78675434052584
-2.41219363380578
-1.66387738706253
0.335235799014131
-3.36536355368248
-0.61795793979189
-1.62014750265951
-0.258488989433924
-1.97291328541102
2.05355981900704
1.15578047460063
2.42299865735207
-1.54677622924732
-0.112207444763639
0.787516961493519
-0.177343094463461
1.34383465155924
-1.58045765813847
0.688717465839912
-0.530926245903303
0.418157996972007
1.07522082079812
0.117157436718205
-0.606550639551014
-0.243801573215233
2.16883969423797
-2.64054316739561
1.01418512151522
1.01155088392498
0.881242141231917
-1.41460778720673
3.35405405752822
-1.51435103008147
1.55403039129654
0.537405472036574
-1.48949868247686
-3.00065462711104
0.298513369840935
-0.452170554988385
-1.52621469196637
-0.860336061868723
-0.764564333799927
0.0536139939925571
2.4241259592822
-0.795882498649011
-0.627886382703299
0.453464787264815
0.643258532358088
-2.59762042399644
2.49642184553404
0.117268145670552
0.944229733220157
0.535262823530304
-1.5903136156962
-2.94730272885863
-0.561163491520609
1.21755734835773
0.465921227768491
0.817495387978823
3.16423810762419
-0.0922895664816525
-4.33774980664611
2.0106109337428
2.68009486309831
0.493629041421224
-2.17400616972693
-0.718868750914193
1.9611438865851
3.09513939841001
2.15559950284783
3.47837337052008
4.62933210654255
0.392009683877781
-0.59766009973042
-0.326174097575718
0.744857117079659
-0.702381138030251
-0.953158201371637
1.6256399058645
-0.459939251231748
-0.84158841016696
1.27906218478702
-0.151087674559275
-1.43762550967089
-0.414918979619905
0.0310504264531069
-0.470859287234162
0.303594253403481
-0.432474028324825
0.913858251386188
-0.492161609758189
-0.851668913843898
0.339307142514825
-1.42293568186508
1.33897110463553
-1.55759875407434
0.72860688771131
2.83869276129186
-2.07036307977089
1.5093833640925
-0.299518676778796
2.65776080881243
-0.704462329439681
2.41401504579612
-0.375303588175663
-0.040855475308231
2.66741129952792
-0.750092358452487
-1.72094586642866
0.660391753233635
0.83745609655803
-1.43497471690557
-1.46880459942859
4.07110935255516
-1.24744400702711
0.203402936229551
-0.0170839540003658
-1.92110276326119
-0.857989507332497
0.409257986005844
1.45521140156347
-0.016689085545461
1.56948228506688
0.446584702909389
-2.49753007087118
-3.01224553860886
-5.08906593928794
-0.974602486665555
-1.88349574150123
0.0920345637081821
-0.886223037845157
-1.09539018901844
0.501887026951336
-2.10652072631281
-3.08776285582258
2.17605043422692
0.491909751229897
1.40574826295703
1.72742699735935
1.08363129034911
0.809669874383574
2.04266950748178
-0.548484699482753
0.00762053741686295
-0.0483185799320986
-0.763178064664383
1.12867022436566
-0.698113767786856
-0.261470215482148
0.725695134300672
1.12605180038004
0.742908618341186
0.175021858498058
2.67913776823671
-1.07333709581419
2.05842590262902
-5.78221961723478
0.92857243836699
1.89158025138918
0.839652112032423
-0.364860825767785
0.623007793432509
-0.158923472227112
1.30859644289153
-0.364248877941475
-2.2417089336834
1.47921521076989
-2.13899428749016
-0.577285326401097
-0.488792482427209
0.638563119220761
-1.77307188363654
-0.923975487889533
-0.273074914898539
-0.0121623925344314
0.56890253600776
0.719671881496419
1.68574298851963
1.97475431621579
2.54011448826488
0.158154140828089
1.10993247310404
-0.817346918918919
-2.36179382345483
-1.35742005889134
-1.93516884088899
-2.99797198472824
-1.68260807249114
-1.04342021786665
2.52773996807173
-0.925165230108535
2.04206953408797
0.844883178254387
1.35152705790259
-1.06043132914762
-0.95195253674111
-1.19814913315521
-1.53026420307924
0.909964040212249
-0.697147301645938
-0.32526836823243
1.17474855835635
0.710624211918769
1.31985458377057
-0.0590298471631738
0.477502200580845
1.66047550024671
-1.48731582358476
0.0196852857967725
0.202909109015381
-1.08121727834064
1.61964419830059
0.949910477089067
1.04276739529385
1.76353291935589
2.72236712586386
0.915821136002852
0.281226356513898
0.968057444085472
0.402159129250905
-1.76353665607101
3.72546036534652
-0.0100580057589404
-1.68518841336544
-3.05351453348373
0.410403516525529
-2.07870371765185
-1.02929263156403
-0.395219406957681
1.53911142414359
-2.56821114106852
-3.08429508178546
-0.647881892979769
0.0147034725351366
-3.21859061879818
-1.96829113536182
-0.623510075627373
-4.01167414224296
-1.26607400107158
1.21149273589858
2.46628453332141
-1.51618072412396
-0.56937660090941
0.0652970014056388
-3.51984994173235
-3.01357422614373
-0.077929212903133
0.381242853539576
-2.48227839771844
-0.543534142660836
-2.23300679742988
1.85969621363634
-0.0473980161198327
-1.9170616940191
-0.209689852385936
-0.741261112488694
-2.32402684546613
-0.265629315874034
-0.271033386422086
-0.23825636316084
0.644224816587658
-2.35553777334025
-0.292848176202265
0.635577020280449
0.847923156994396
-1.16123549747661
1.41227184130515
2.99859975950964
-0.338570101161272
-1.12495923319243
-0.486442867830553
1.36814970186064
5.07002967492358
4.1744306271333
2.65396732934766
1.19252991756205
1.104583351208
1.67229058238475
0.744699885402585
2.04540273607445
-3.98544715420653
-2.25808178964405
-2.36391321428975
-1.73762259581528
2.94911232350986
0.795851898230155
-1.72375949825147
-1.23209092094426
-1.78358102922153
1.78865389327342
-0.868669302591702
-0.0585916546617193
-0.312736243782669
-0.151709901674689
0.355113561830307
1.59862046585002
1.89012406154515
-0.517806875624358
-0.996714870481117
-0.890199662342764
1.75082235751539
1.11030430034916
-0.164214585192512
1.05873984943596
-0.629976165890107
0.858638085722706
-1.23060389899064
-0.473970149501879
-0.124470163112653
-0.211298865848309
-0.639218392290532
1.32667897119727
-0.153127908964255
2.74923562275754
4.51306966865242
3.98216678534205
3.44842791060778
0.580135786669887
-1.11273708433687
-0.718258692890203
0.604032768447187
-0.169162736572962
1.98995760359811
3.87838322499757
1.93560515206132
-0.630784147769569
-1.41897388883706
-0.333890663030695
0.747938988521431
0.371534121507791
2.65961838845696
-1.69603633144313
-0.233241629989173
1.08824902994402
0.274257400931347
-0.741243979026883
-0.217439829108983
0.747608907122585
0.831930016480639
1.33341902338692
2.48655615553852
-0.638533041307815
-0.474206503315042
1.33505550670921
-0.244352352755346
-0.642449617375141
-0.182366250786631
-0.430093524096762
0.500403328370281
0.246487704732427
-0.0115772413848976
-1.79962893766367
1.03525020257648
2.03955673322943
0.912331685398334
0.244583204067203
-1.42964981820463
-0.544204538120623
1.37528826774041
0.378479217076469
-0.744915038934739
0.759540307735605
-0.062667567138222
-1.84640458132509
-2.48643866782317
2.18088403176732
0.979346105210125
-0.179783356261173
0.173677917069996
-0.0105096840873573
0.406344218802729
1.26642031652007
-0.308047741105562
0.839719228234798
-0.789231259215006
0.751040588718626
0.169113815789263
0.495141927877602
0.108562483596823
-1.19747403584662
0.338246846872908
1.32677487835265
0.460518559594393
-2.43762745745075
-1.1028102234705
-1.47603627917742
1.17623813464654
-1.24514017211132
-0.034474659506023
-0.184519748789936
-1.84620770414
2.48272404256104
-2.17911987494843
0.761889661738877
-0.00551502299901421
-0.571114495724927
1.32815273336973
-0.684762175823116
1.06560841377632
-1.38606368064547
1.03629345630196
1.166090777603
-0.357383896156881
1.64751686838569
-0.788437651797975
0.725715435446118
3.00495824511848
0.0957669931226694
-0.712829665461471
-0.723654852377735
-2.64603708966594
-0.0682579104464498
-0.905932608443889
-1.30511829897631
-1.85822600023188
1.51391316134743
-3.65772465555778
0.958255558966445
5.33599471978602
-0.584284647903921
1.60130635605804
3.17851321571104
0.306027927674366
1.54891719353261
-0.214476872351132
0.794232115453079
-0.936306742774013
2.69251487938316
-0.652625845049872
1.31759465085671
-2.05073713371529
0.245848670247446
-1.58511490578432
-1.27268695129212
-3.49195210411643
-1.15983646430934
-2.30392572528303
-1.20860502917831
3.26612367027877
-0.774440113974817
-1.31057921411374
0.32060740891854
-0.475184360439259
3.32610486432852
2.77701820694569
-3.10378537377185
-1.47899015966029
-1.22077101288443
0.497071940803257
2.59257751117542
0.882144410769021
1.78739205776485
-0.557178254985354
-2.4439897384395
-1.47139964528578
-0.738846889895903
-2.18960341690175
-1.6053635474235
3.17202109242149
-0.51270633432043
1.07383889884074
-0.456893642430403
-1.01298231895513
0.968784035924499
1.70141341386418
-0.750577970922419
-1.06533855278651
-0.636124375880402
0.387005981251821
0.255975422039808
-0.758234376709637
-0.15308858084128
-0.39164954680452
-2.03844610831169
0.820036015941976
0.911600014419116
0.633557576238319
0.407649830056072
2.23005810015617
0.196726880870242
1.38942441206028
1.79301212882606
2.26363478408756
0.418317868343865
-0.336568020507428
-0.715649708558747
-3.19785842166289
-2.91160363114773
-4.35620416840934
0.0900827536707171
0.452395967175189
7.30983492168351
3.9715127892707
0.705456442756806
3.5504312552638
0.432078649879892
-0.948825363881069
2.80727481066703
1.11888598854398
-0.554019249146896
1.32778484775712
-0.980608619571211
-2.48353739394383
1.74436741843998
-0.109458815348392
-0.116439462783502
-0.542607280896116
-0.954018152447946
3.00657581875189
-1.63309567712605
1.33902811562387
-1.96056663629231
-0.767328321449687
-0.548566780455572
1.49326509126437
0.669747300106501
0.499041626449129
1.56618795309167
0.0861956449400867
0.305922350035438
-0.436473350383173
2.32144707353968
2.06306307475131
-0.071939629898528
-0.696765515089171
2.97653597714742
3.47599240649659
-0.436542053073866
0.208065471207786
-0.674355710149456
0.395850530524342
-0.100215747827195
1.42027229740458
0.576891611249442
-0.681070700880586
0.522442882167957
2.18430437469265
0.868549720523615
-0.634211765633729
0.205964881553002
-2.29506814430081
-3.29379239575354
-0.800526726615117
3.29801465374634
-1.21040197316496
-1.65873280469073
-0.827971803491588
-0.0334230006328078
1.07744506793182
3.63059509216871
1.95969728827766
-0.0122857911852679
0.282229337032079
0.607865273018136
1.02808651894654
-0.719549771437267
-0.0135691713047285
-0.872585320812127
-0.0556074430932215
-1.16234608120045
0.958612461252977
1.28986626782329
-2.17854775356478
-0.368145805178658
-0.401003149096269
0.0284889415992331
-0.396860926750692
0.242991958554622
-0.410340678268061
1.74902720275589
3.58705082050964
1.76866496106291
2.76229990126586
4.29908471356975
3.42948642329268
-1.05600331269424
1.55552720133238
1.59200384293668
1.54265398332874
2.38502498408746
-3.80122463542339
-2.38200787893154
-2.26085588844707
2.47278858568263
-0.46547542586893
0.646437950854431
0.573178079112495
-0.349884322606984
-3.93836702894484
-4.2468579642337
-3.5012250916783
1.04791203236423
1.45671040461856
1.46959159705332
2.07684505964586
0.735109523220058
-0.395136179489764
-2.43513335957732
-3.23541747990001
-0.235763299387737
0.855482664760411
-1.20166661202409
-2.5801719917761
-3.13194325297392
0.0149358460932784
-1.0278500016241
-0.120398348242876
-1.42427646973987
-1.61205478621569
-0.22345431063855
-0.00368602989595393
0.911657117606086
0.218959591481747
0.411133145010133
0.41791141762683
-0.940259361169049
-0.587451031317984
-0.0669256726854864
2.61603023903907
-1.93666728978582
1.65853936215046
-0.845873523288086
1.59909212325152
1.64880867968501
-0.592443684576822
-1.45874095587825
-2.69855995578344
-1.74879377650808
0.227188381480183
0.144209864509288
-0.132528644401102
-1.57387751499009
-0.198816471017193
-0.801662131487414
0.616669950058028
-1.44388138265682
2.5634335578852
-1.60017890687231
1.24525140223779
-0.591070684623045
0.41598696156002
0.359329639387361
-1.83817162887854
1.20714921323128
-1.00892862940636
1.75772975878369
-2.54282719884003
2.26852313987689
0.546834324705284
-0.758586218257056
-2.73687421545084
-0.213898743728293
0.586494523102053
0.30134074273331
-1.32570585184586
0.956637289722091
0.661703031590783
-0.624234132047773
0.212619361862874
-0.791167539978274
0.508374248338187
-0.196437466247554
0.784622915849714
0.337992144107342
0.0700655717408106
-1.31822788081128
1.34864768881688
0.0169105521069033
-0.483602660004873
-0.485363188528354
0.615362769605773
-0.557550202108239
-0.811158236166875
-0.427944430812805
0.510006349507663
-0.525191710710256
0.139414582912571
2.82095708209806
-0.626286762035802
0.530706288028725
-0.535526414301279
1.19758214798467
-0.726516246100402
-0.396733097577848
-1.47872459765535
-1.15948256729142
-0.739685525063726
0.754356420544683
-0.69948854700546
-2.10520138888623
-0.617718531967673
-1.26725292130087
-0.000355945178846045
-0.447539512386741
-1.94229775043109
-0.951433392206164
-0.534077362895139
0.0466783000939174
1.24000899049743
-0.341642944851415
2.02695743575234
-2.13953137467377
0.50500160893016
0.283767795378572
-1.51795389778513
0.914410255223902
-2.26142330782233
-2.05710168286563
1.93365717063149
2.8087174660469
0.636047511899459
1.56202085467882
1.06439538137282
1.41383007888282
-0.87609930933006
0.130161092792986
-2.7098922858947
-1.08025210692059
-0.11587036609746
-0.0529921663617135
-0.443284082549719
0.648353232478631
-0.79550279819126
-1.93717177237198
0.0895733788125692
-1.31859443636526
0.286273438669338
2.89591585701459
1.47223605682954
0.418039894783558
1.94768051722599
3.19654705498532
0.877062143056431
0.541197052904395
2.2329119600133
4.06277757078919
2.11666857795213
1.55334207944755
4.72661544635676
3.61333096664662
-0.548604010966764
0.601767710359662
0.0972028979813314
0.835207745876358
-1.20566822548184
-0.00570908616802468
-1.7133948632364
-1.3596464668051
1.56353442347818
-2.59155880444241
-0.585162332098105
-0.362868538369101
0.226217456729089
-1.04749115054409
2.28337245461626
-1.67570417471725
0.45125175489569
2.19072316656443
-0.199908372941635
2.68046253628391
2.6282071467617
1.40405898125306
1.63263522257768
-2.62790979890179
-2.94862100617279
-1.84846449314921
-2.14315538007972
-3.93432099546851
0.79765493835792
1.1680994120604
0.163993906500463
0.212964553337032
2.12656412413579
5.12957203153373
0.935119900098752
1.80695425113968
-1.06243785452736
-0.293418922859869
0.0759158793638607
1.11325978121636
2.15982817950986
1.27539051740726
0.24227740599279
0.194530217178898
0.0316582549192283
-0.656400770048412
4.56671137292217
2.4877773504324
0.338237560361647
3.59468727261611
0.840159503392006
-1.05420898645333
2.12288844590785
-1.70096667648401
2.1005024937175
-0.235976025719305
-1.33247919868261
-1.99831001138871
-3.43077540261366
-0.173375670182066
-3.40069187229552
-3.77874607109059
0.248277898362756
3.28925294451744
0.785264147087778
-1.17856319665588
1.60648231929654
0.360498538017503
0.751534208395428
0.814826496824421
1.1987116822032
-3.39474592733618
-0.746477614216541
-0.820039495551596
-0.379600599817315
-1.08259395668402
1.16886823737437
1.53340594713563
0.0995344187678117
0.480943569202957
2.31463497924929
-1.09428154827731
0.859420596649604
-1.11956709345197
0.221962580272616
-1.5626471200412
-1.1168039561143
-1.97079363061407
-0.203908200392143
1.94512423785423
0.197854076629647
0.206453192187849
3.88954773071893
-1.58046213071635
-1.35914880895691
0.571745044948963
-0.558072722090121
1.77263349083004
1.53944418422309
3.34191168407512
-0.0757977182002327
-0.761329158803754
-4.18925592387374
-5.21806239072214
2.10069596460039
-1.3554275769886
-1.95192744174498
0.515680370826142
-0.544084519317616
-0.435953690022803
-1.03910778317462
-1.82762700489589
-0.364902288778789
-1.41420978986842
-0.184695058657753
2.71087090027192
2.76360173993274
2.15565593083292
0.786969229501094
0.431225264259157
2.85215844417301
0.383502136602007
-1.22661896061225
1.17096174841744
-1.7466121714167
-1.17253665757648
-0.215741895705003
-0.101099418067353
-1.81274761629858
2.0294428851344
0.814267985726611
-0.778096754449764
1.4412209306881
0.982864367399182
-0.166423256879906
1.95786621277066
-1.87237708000123
1.08411751788934
-0.327418410294976
0.875042353519796
0.578494923752897
-0.418713889915848
-1.99978028434311
-0.533031624525115
-0.679001780228245
-0.211729108204401
-0.0888840755054817
1.42011224925937
0.610715254368739
-1.58261228323316
0.825519417652267
-1.2236977714558
1.80614536130519
-1.35773714932622
3.25146779561449
1.86639510748773
3.7279578166629
3.80953997684074
4.63652154436355
2.87110255672367
-0.46190638875342
-0.350819630566714
1.73499139165165
0.626420463736327
0.0318471711970401
-1.12376930085996
-1.08825475295638
0.845385640341071
2.19517784178494
-0.723633432227723
-0.555022664125182
-0.812530085503797
0.122822046698036
-2.35902490091737
-0.553245426243455
-0.438954069836527
-0.201104970741814
-0.684772685766236
-0.847910988895617
3.6166635514779
-1.42670174528498
-0.322122567983185
0.303710321396611
0.743901820742341
-0.889913978183926
0.624758288892525
-1.20810443501116
-0.905267513054245
0.400100770948518
-0.742254768706102
2.01017919409718
-0.681820246601106
-0.533956025323068
-2.23011891123741
0.0874124411368731
-1.14196919762203
1.26419124709144
-1.61568128441395
-1.35561244190544
0.576411419576472
-0.191911754367766
-1.47037324451677
-2.54586250467442
-2.69833524795162
-0.310701176772785
0.860746434801949
1.36700735547097
2.91549510009033
0.675317724992383
-3.65903410093372
-0.541203773320342
-1.63733635800836
-1.52721614512878
0.895415480614482
1.79756404440517
-0.553312932442872
1.5678295370008
0.437943685160419
-0.442420608029081
-1.02101321861504
0.699039207924392
0.255058111887
1.44830207834628
2.24443083855042
2.34333274327273
-1.6295340583198
1.29808332413764
-1.22198811246669
-1.51236125805726
-2.95124347373875
-0.46025854463448
-0.726524551983619
-2.80244403062774
3.00870663438356
-0.146466899812635
-1.11434850288067
1.66045099783078
-3.58016922665697
-5.50622260051045
-2.52316392627715
2.20504285668106
-3.16043910079796
-3.06700569631276
-0.140467981071597
-0.715159666313122
-0.538227999853467
1.40298226944517
5.65118973861705
4.09063704231657
3.49434534407484
-2.25024800409461
0.812910331993832
-1.5733934893385
1.3457337882709
-2.30511552958509
0.731889470404047
-0.415559626199775
1.01464778217239
-2.5398743500475
1.19965674803962
-1.61866176708926
-2.20600529592892
1.10930258484651
0.259003034402621
-0.976892310532503
0.668428091555103
0.0919552369169337
-0.28850347765345
-2.8937409194375
2.77476671561913
-1.43991182458173
-0.0875903170110023
1.51130045745762
0.729779560172569
-1.15887994653072
0.965749439720335
-1.26835233746277
-1.18313930373422
-2.51328287082642
-1.57533595474705
-0.758750796641534
-1.63244630975088
0.277416807529775
0.807626771727543
-0.850318636716304
-1.78757930708497
-1.26893232521721
0.99664008779115
-3.5012868589051
-0.170651621528923
-0.849229301795845
0.474051192033537
1.88190531181504
-0.195313317443661
-1.1152619104622
1.01655398862532
0.0772347935789551
-0.547530788354931
-0.504026379468687
-0.809913671873032
1.887708890079
-0.166018427336689
0.134312329154946
-1.19436203715512
3.10330956599703
1.08348184304837
0.703358385476735
-3.52917993983178
-1.97565675346592
-2.3491381669818
-1.96006786346629
-1.13373374104873
1.68071726641116
-1.60698518859368
0.107742232497825
0.520215255338424
0.202768665161213
0.842171618272177
-0.419547208697392
-0.489877623883486
-3.59064665567987
0.183010393256074
-0.868796478429941
0.909273607612307
3.83873392828807
1.21909157806507
1.69376014406448
-0.402135738611124
0.312533653981393
1.94608243208563
2.17296599120495
4.45750459433939
2.60983669921597
0.0851811604695803
1.63156099626092
3.01850607181597
-0.483620986372167
-0.0625598924861354
1.81941078770001
2.51980636672143
-2.19157218569141
-0.142644799688825
-0.813742219142429
0.0902206555799316
-0.782898672971624
1.98283460104136
0.911763767604946
-1.00668512932295
0.872769801202765
0.901451578309598
-2.55721636469603
2.94488046883774
-0.106632956544854
0.713266998442916
-1.68007203927566
-1.24439458925883
1.46275765497787
-1.31850821741223
-0.257939871808664
-1.25015373218443
-4.03704639375401
-6.68652159717304
-0.725117390061052
0.0023259472189974
-2.48821096535236
0.112642479244327
-0.146904887215968
-1.59768309958033
2.07496404718036
-2.25083133569693
2.45829240394792
7.13550675592867e-05
-0.248887008125775
-0.998935973383656
-0.253460343419292
1.21312701721024
0.573498388181451
-2.72978256787944
0.27067216964194
0.199507498488297
0.21339655992844
-2.63231453314166
-2.82748745498954
-2.17834083074031
-2.7546002464724
-1.59189433332339
-0.572076151925153
0.697663842603536
1.38788013048887
-1.03134518749762
-0.372779629068095
1.04503775104091
-2.09695369772039
1.3295148882623
-1.98287519055342
0.65399122327174
-0.444534376283789
5.26104517453182
2.26220069693928
2.60417845220733
3.68851130299228
-0.316028128063148
-0.78204390262405
-1.29999813664755
-0.122037485932176
1.39615203090668
-0.047232652776618
0.317581369854112
-0.674661390755465
0.185529241952179
-0.445375892956467
0.0559372534956718
-0.548216517206245
0.959075483329763
0.507876995488682
1.65306495631993
1.19389509712566
-4.19833517848553
-0.910658723325956
-0.857574896005343
-0.849354438751306
1.16812054255333
-1.02701129080109
1.90701694772107
1.9951479844194
3.81161918159769
0.634356956262354
0.796027772061075
0.873035706070647
0.0100922319340272
-0.192704281698589
-0.491431165480825
2.70651753139664
1.04413078215538
-3.42345640868393
0.281863407624591
0.947083636383875
0.586829448053286
1.09060094300642
-0.715975541512266
0.53565991923692
-0.396595538379964
-1.74015235777604
-0.068891090258209
-2.19623595759979
-2.84448940521362
-1.08546927150775
1.11465269360212
-3.41759083180955
-1.13686309345478
-2.24123070248557
2.14337702052631
2.6449023376207
1.47880650711691
-1.1980736541848
-0.773595854735808
1.8890060692988
3.94756252380606
2.4289163779297
-0.093631610028934
1.59340298540442
0.365861715612038
-0.344775456645124
-2.2828345593974
2.42208968877301
1.1357002185118
-0.359457377119227
0.43810032008927
2.16185979434169
-2.2951284418125
-0.0998484400681285
-0.301607833868915
2.91895351516755
1.85912806435783
-1.58879843400789
-2.91099375266261
2.88838721795133
1.04577714678728
0.964418639022995
0.438927863259304
-0.132492684498061
1.24422928603007
1.28511977884796
0.993006148363516
2.46090802622279
0.781562324824136
-2.54636979152358
0.610735700062242
-3.86841787320213
-2.81652008670349
-0.830480463666031
0.684709884836558
-0.0977413809703744
-2.01934302432087
0.498391457030332
0.841152609447373
-0.0172722706186411
-0.0746806025755245
-0.632977474011178
-1.29043616679312
0.251898883651564
-0.823149092804527
0.80947180507695
0.58273308190617
-0.59837417141663
0.730674221927158
1.00080561025348
0.289804466442354
-0.575071188364691
0.36852565241801
-1.13978123136027
0.0886888695743036
0.417989739097491
-0.32795956208145
0.513142998665061
0.76783164601061
-0.735939190279068
-0.101688219331543
-0.71067296469492
2.91841330256101
1.95524667749481
-0.508274680352282
-3.60526536406438
-3.59323809403821
-4.01640024810964
1.06514960548179
-2.49143430100472
-0.386290093329138
1.76138630834691
0.0150991202689349
0.358284459408687
0.883090505771561
-0.980672216022401
0.456193920376805
0.486841897120832
-0.0585714066771254
-1.13577348665344
0.931552061913584
-1.06041433925524
0.561554286581902
-0.123026145953706
-0.686258284876362
-2.43814620530856
2.42824647301748
-0.0159926183357704
-1.03231267688885
1.63667645556803
-1.55643059977999
1.63257442470074
-1.5049429627015
-0.110334484321573
0.41275340363753
0.372939885358253
-0.291611777022644
1.77806420681174
-0.813526330494354
0.496110227265143
-1.63375230674307
0.596982085696196
-0.954503987893917
1.98533081168426
-0.506378471481747
2.26533866222778
3.0126541688137
-0.922571863983146
-0.833145701418757
-0.197320906477381
3.22253239902491
1.32854367940633
0.716717749836382
-0.50377624949351
2.1984439148213
1.24626251379351
-1.3892176120786
0.423313666902129
0.337377032730037
0.183775484845522
1.26231715900876
-1.97506784343463
3.13697163167927
4.32830178746806
1.27699198675991
1.08796398457817
-2.06717172695134
1.49609456243245
0.37557814796262
-1.87585232639139
-1.15950987848009
3.52482301730394
-0.8574980851296
0.207816696273174
0.747102156379856
0.382173957338122
1.87947326237755
-1.42925832066201
1.42843016292659
-3.54633601187756
1.28558703177252
-2.07933299043167
-1.60515998150173
1.34835486844621
1.38583423901614
1.55294148412284
-0.652259314667692
-0.920372111012431
1.31626427141297
1.95234263992807
-0.375752332710471
-1.08569780973812
0.361584519554411
-0.365117893798707
-1.4413884468909
-3.80225705188707
0.508144145443722
0.139109831210158
-0.690007837978497
-0.781322768867757
-0.770956885962038
-2.0936680824909
0.802304391603672
0.0847805066386165
0.896158125793988
-0.237607676682994
-0.374287029996828
0.226068479257138
-3.11276764195802
-2.95026600735028
0.290783486382285
-1.47787565755677
-3.19143901120752
0.239274601165412
1.69227162443829
-0.149468840326254
-4.64054329749781
-2.00121204252305
-0.869958406546722
1.36348084813303
-0.707784874340603
-1.23467375755138
-3.51252459968788
-4.55468755065183
-0.502391826484712
1.3565860192921
1.7180696644258
-0.447406581873846
0.764490792549217
2.51015163381079
-1.0685445886378
0.0595567821875519
-1.54893256960332
-0.216431666292268
-0.659728538422333
2.26367137526462
0.128019911059788
-1.13524726922297
1.36463020793933
-1.72565032554284
0.866378069620089
2.02326656365784
1.79270600295654
-2.93744891666449
1.53440478659381
3.12247664260445
-3.2796745803433
-0.74909419351571
0.0146723829056266
-1.50689385199138
0.888576005244466
-0.278196130820824
-0.366747084443909
1.71691085182032
0.582884004332567
2.90241567747322
-0.455010057038918
0.19226659710264
0.481367143596809
0.823229502233726
0.249834205926055
1.61921671721827
-0.961075008489808
-1.39238786560637
-1.76799084123456
-2.86221017916758
-1.48078076286056
-1.39221306762494
-1.53200368203569
-0.998074627379432
-0.768226591135651
-4.16532416013965
-2.71980260528095
1.45443157342569
-1.00982363516194
-3.65751114682726
-1.92829910969557
-0.950776304351384
-0.00180322696381942
0.69116559860216
0.764414675377633
-0.869569481845383
-1.7912215590444
1.21303543750447
1.01772476848877
-0.586979321393084
1.5107889580799
0.141687026862727
2.17005831446107
-0.965029830213489
-0.10887280018815
-0.831048119981747
1.73522378226565
2.09541979522143
-0.462060085767699
0.845602691378463
0.638553222606921
1.76907879261939
-0.108046272108038
-1.22010468906616
1.0093119771815
-1.66104235929622
-0.504014280132458
-0.67099993657775
2.23417940181273
-0.0292120375866246
0.587749354304788
-2.59290504179055
1.44455353675801
-1.0455709858701
0.949291051398094
2.32110482304294
1.08890337675914
1.45051298804509
0.0228467529369843
-1.9764680165769
0.647293692274115
-0.520469272453994
0.286527820354095
0.618669744380909
-1.75413836851132
-1.61416144642974
-1.29934518698034
0.72968412571963
-0.383246217703685
0.146257715834067
1.75258072312239
-1.01323610723832
0.144913373815797
-0.415641151512911
-0.547443773683911
-2.92959285222944
1.5277312528898
-2.39011890041215
1.30682601049293
-0.637755291038816
1.2057616747089
-0.364322313854303
-0.222513721317099
-0.510499026479719
-0.981214648792219
-0.454956281879303
2.6300307755798
-1.88327945121128
-2.11587855240318
-2.65995867137241
2.44611841972322
-1.57746942150885
-3.17065139457914
-0.044497944355456
-0.923283384977654
1.50698736612532
0.677092726980913
-0.136647133688169
-2.08495427015521
0.256955693568175
1.35735508711438
-1.95355619041232
-1.93552315846561
0.401090212889102
1.13644857208341
-0.123960642615828
1.34167552866736
-1.09594721542208
-0.329366999280126
0.119459591620456
2.29075224711601
-0.695863025771436
-1.35905003095856
0.965233141834097
-2.38730356897913
1.21108277940874
-0.138997846023013
-0.704611370205678
-0.373447235603649
0.191370987574852
0.465279825749867
4.75555058293007
2.37603739809963
-0.558986953610428
-5.26800857786355
-5.00947351937439
-1.34982820501371
0.0101788354405056
-2.31953529468339
1.85159687311911
0.3252343920413
1.74273042860291
-0.958681420119112
1.50483366136862
-0.0270511437046703
0.287600744256783
-0.106965755009917
-1.97322983630885
1.8450139232649
-1.83745404997219
1.93811718237279
-1.36053635852718
-0.78694123259046
-0.124791011295406
-0.304937660025988
1.29961807737782
-1.37912350713275
-1.68178208122156
0.802214411086688
-0.753454270784163
0.157709923562061
-1.24879396177859
2.04040188149711
-2.14235078660054
0.124756279111291
-0.328485471116467
-1.09493746441188
-3.16890584335004
-4.51767014872114
1.72290860749351
-2.35933589228137
-3.09996467190151
1.12881789022789
1.72059896265481
-0.629346930746287
0.799356784439235
-0.0560731280556426
-0.694288787577574
1.38386309405394
-1.25086662170114
2.15216578151532
0.405059565262704
0.092191587079278
-1.07649469112217
-0.0893710291332435
-0.254067575318577
2.5657100087356
2.37235267662492
0.648653924956284
-0.565243139966929
-0.175710492223714
1.61320640581015
-1.04730125721512
-0.397689466870176
-0.287977211286044
1.45857705877761
-1.10941644083181
0.768185641021137
0.741429757189464
0.33817612088939
-0.189509034020415
0.390664524584253
0.224986631589091
1.95950761963374
-0.957506472390405
-1.18773026127658
0.267034087875749
-0.67376349331092
1.06809142228317
2.04909405796602
-1.02171238424715
2.31376068753865
-1.75581671148962
1.20338781085866
3.35396708846483
2.06956045368833
1.18156345968603
-0.334776556014708
-1.35867986672108
0.188995191610772
0.524139300612898
-0.190019644542517
1.53378419007235
2.8329433830807
0.0903146841148265
-0.945699125207641
-0.544095192582088
0.333719042465297
1.59049281898552
-0.252612628829304
2.5653685396502
3.34876457759144
1.58182367813234
2.4380417181573
3.08461801863491
3.1575032040801
-1.23560810612644
-1.16645429333105
1.29980805857972
2.40114877261397
-0.263726863362504
0.985040705282122
3.27185681112241
0.475571313073376
0.144672997690108
0.0879258270158306
1.37277739920053
0.506271934620159
-2.67982554458354
-0.845806262746717
3.75682767846629
-1.48156643500932
1.88862577355181
-1.2141845861726
-0.250059268170726
0.916269081068769
-0.96786782330625
-1.32884907108069
-1.98826822240287
-0.35788435467612
-0.277984193199703
1.14125379002657
1.40784056532557
-2.60124208438442
1.8921510510983
-0.436738659917762
-0.769785736011311
1.06577793283753
-0.349310357646707
-1.83027269553682
-0.383411506256617
0.586122365048768
-1.09473410286978
-2.01419584160509
-0.747771656882061
0.029228519472816
-0.67653672904969
0.833074185608329
2.13110990533975
-0.555677040733312
-1.19922128218264
1.42295992544247
1.30439051468337
-0.593668421545173
1.17524437372856
-2.42178862987338
1.57553455255917
-1.1676377196145
-1.00683464870861
-1.07931175202786
2.50244155804091
3.04479150491856
5.14896789193491
3.26904395276231
0.509447140376701
2.21771484092875
0.0148544031709522
0.853116899405197
0.976854586357068
0.752078336254064
0.026518652996883
-2.1553540644978
-1.43753956680501
-1.87388556629949
2.43058820506425
0.662759213582398
2.21575167756304
3.12338340583907
1.28414747060297
3.82159242585752
3.35690189943337
-1.01734325741943
-0.235675130628857
0.945724439600435
-1.74906241701807
3.00359190342
3.74030484612032
1.33251113538768
-0.251235061646063
0.967151553949706
-1.66732287825997
0.888865460919095
-0.222633842788725
1.52918205464921
-2.10849985770345
-0.344786185391945
0.681982229224414
2.42434953961486
-0.549502169372772
-0.556268489885327
-0.224497640195275
1.1933639958668
-2.32293606915487
0.577879498280409
-4.50870998074849
2.31883092281486
-1.5992577298149
0.0667089413316967
0.0792093724768192
-0.512429940657575
0.237933107247914
-0.416608413950871
1.70091405892314
-1.01994592327406
-1.01289166392925
-1.60952335192439
-2.43206163123391
-4.35346375840003
-2.78574653730618
1.84758352362813
4.36775609695002
-0.370132934835586
-1.64666814839539
0.537696844204376
0.771683498130838
-1.04566310883843
-3.95117943575139
-1.70418742415107
1.69154318247931
-0.659365491729876
-2.05769898262403
-4.11760707089862
-2.38302707994308
-1.30910737219452
-1.91822348107583
0.922316943279762
2.15937614238408
-1.88318916176941
2.13695570171432
-2.23501308323161
0.193809654653064
-1.09587092524003
3.98996210955894
-2.96998259835976
3.26891344773525
-0.890291398509594
1.01723017853814
-1.25270068506048
1.86521862054199
0.037077650529009
1.37721079816273
1.19407655430389
2.94372862974293
2.48560662012381
1.21642463405997
3.56986298655803
2.04751885811319
5.76727650989752
2.21135770986308
1.92338764234238
-0.779828402748454
-0.236464572942407
0.322111473309687
1.05942105221966
0.189769861015358
-0.818433691320194
-0.848591676067974
-1.28868063662512
0.219330509019468
0.124276094268602
1.39338966079011
3.67836597599328
-1.1550985864491
-0.175338761792759
2.06576599442839
3.80098861874465
0.793048898648945
-2.04549229260109
1.26431652786424
0.456153902944545
-0.973512919783723
-0.746928610197682
-1.67502940458353
-1.53191131622898
1.56111464730931
3.99933309738059
5.42722138986085
0.899112491447375
0.417833097038422
-0.328300457306483
-3.79709287807902
-1.8575315595524
2.30905312385732
-0.956854497790476
0.315624509088878
-0.164888148849075
3.22493833729752
1.31535843543352
1.16965968036108
-1.04272266442766
1.59198106414178
4.78533765919755
1.29868999347371
0.414016538479497
-0.349770174650834
1.62236821750443
1.98761570743454
-2.87610276492522
-0.904216693512861
-2.78918511403942
-2.48193557325505
-0.356940930339015
-1.33578860634329
-0.949541412422961
1.24657658822244
3.3217889800572
4.31938675376176
0.356121648539828
-2.6812952791743
-0.146913515747361
1.14885212728873
1.91665090395414
1.36562450512833
1.8599947609933
1.09355778979559
0.486390116147572
3.92822549918208
-1.1253902784927
-2.43288860573527
0.389238787121255
-2.48051071696951
-1.41034357159639
-0.968921865412438
-0.611607431577999
-0.986901830081891
0.610027519167182
-0.928501240877116
-2.01920098674439
-0.195743054759247
0.918353906059693
2.78920184745565
0.995519152836954
0.56441428269181
-2.17338851237576
1.32865095019432
-0.771108913323423
-1.79211919574636
1.7234306335072
-1.6254698736865
-0.266124979174179
-1.67506366270152
0.514864413098233
-0.564583343506838
1.52091194032499
-1.47018612200682
-3.83482185286699
-0.146779700594367
2.23997368886555
2.28717863173873
2.25592138171006
-0.642272430788382
-0.294058886353572
0.098264722098735
-2.01645614932659
0.579617629980423
0.177211290577705
0.667429213635791
0.164605286750464
0.614619321070667
-0.351841782831528
0.152747556312575
-1.66127746772963
0.475354493585691
-0.770617878237012
-1.24167154807638
-1.10494929068425
2.63057443198325
-2.79684415131463
2.28428475932605
-1.90449456420484
2.15730925769993
0.0655036994806238
-0.934531842615398
-0.890553865809176
1.46817609265595
0.715338901837906
1.71110136148415
-1.00650249711363
-0.929346324738362
0.374951059019097
3.5450799817278
3.80929355435469
2.07867542943843
4.80146083276545
-1.56563970021391
-0.948956688041969
1.61464909191919
-0.256848554260506
-0.0392585415931332
-3.96030292626636
2.45686740776317
6.32316104021053
5.7872021129648
1.73428234376448
1.76781868922615
-5.16380047397155
-2.30458862397967
-0.167604533739109
3.57059427044017
5.05291063657055
3.27128353129459
-0.417635576927565
0.590350712960378
-0.920411401051829
-0.175557773245879
0.235720349380777
1.51005631686485
1.70069591501277
-0.146338330027431
-3.8293908125638
1.20043461671861
0.526578797505567
-0.456925837076421
0.998906081689943
-0.610643237225313
1.76998521179669
-1.88442944766201
0.541749068463414
-1.8544301133445
1.1394049156042
-2.00891943388649
0.929839297309283
2.70976473866162
-1.19966044391988
-2.86053885160106
-1.78458616715967
-3.7253689056488
-4.42909094459099
-3.13278953425786
1.36875835590269
-0.202321672191652
1.653363669744
0.733436152074935
0.192324568352214
-2.62892882400826
-0.617989351033456
-1.59823945472417
-2.74092081331133
-0.858447121263386
1.44815890082387
-1.70507234476315
0.964879890492378
1.45300013748978
-1.56115644280145
1.61382777847979
-0.72674453559627
1.15531140768539
1.83304741146669
-1.29058933742105
0.365695924469423
-0.464601620449261
-1.12137232502023
-0.256055958582298
1.32043474105033
-1.80178646715876
-0.293903268933352
0.262414772008049
-1.34289831976458
-0.0844876091370202
1.15130179629915
-1.36189696317386
-0.0168801828739308
-0.228760194031499
1.9519334469169
-0.568863706887047
-0.886990298265577
0.00166087725371734
0.148098232675991
-1.04280870132386
1.50549698854254
0.505149374196608
-1.54073304559219
-2.97566896951305
0.687630201073811
-0.429050708902819
2.36708513717592
-0.898977507402263
-1.22777401586799
0.237984269565087
-0.489261026337177
-0.35755667944448
-0.159424785458951
0.149593508617437
1.06596156621396
0.409053747279075
0.0218747764881752
