-0.367393470329846
-2.65447308781716
-1.17477366970838
1.93831877717287
1.10455362375057
-1.36562787142616
0.874513995131081
0.737898467890098
-2.41079728431287
-1.25176799114631
1.70974030962414
2.20503663953319
1.85360524612333
0.100657513366305
1.62243573002886
0.781350321095017
-1.8582447309305
0.40319043056172
0.63528772329387
0.940182694530781
0.291921369252188
-2.24163818626933
0.852012569734371
-1.07911279467517
0.811792964989121
-2.64623631920344
2.71583842048535
-0.131469149052234
-0.267534273556109
1.90966888053022
-0.30695103577517
0.539034956383607
0.130243991822127
-0.602209972112456
0.650130212640613
-1.57918472588822
-1.37277000272545
1.90913127951169
-0.753094543333798
-0.461135355040175
-0.0469545303655442
1.09567945660225
0.575550522470133
-2.55088819948474
-1.07195899873943
0.288101304547587
0.0205556257036669
-1.50188108707106
-0.232573025230285
0.592126938161323
0.413022184669526
-1.66540142382414
1.11296889624971
2.43207494360479
-2.01293128002831
1.11976315194838
-0.344167103123941
-0.244981990741415
-1.06169492193248
1.14906905271859
-0.175487831239256
-1.80436290110718
1.60021448059869
1.34880530998134
0.534596904753294
-0.655043578273017
2.1470312186579
-0.583753953765996
1.35167558199049
-1.35838787717087
-0.160297259395901
-1.88838626974116
-3.27809166543577
1.671962986253
1.02671940896023
-2.44809730557802
-0.319649827337643
0.0561441963459648
0.989890139398302
-0.444534161323591
-1.17231899771915
2.32201953104497
0.905165470430331
-0.519642509839873
0.00497571292697743
-1.48048757069548
-0.827221878439766
-0.587626028656731
1.5781766554558
-1.49505125326701
3.83214699488165
-2.19737742384127
0.580162679623199
0.914646028757771
-1.22361034931719
0.964963144809055
-1.33747653569049
-0.88723079994591
-0.450262102908293
-0.276838734669008
-2.28189750183804
2.50886836390982
-2.37717237146484
-0.880430645649065
-1.55654594420333
-1.19363533192635
1.13074374711624
1.21092819211346
-0.619838920966075
0.645534885981645
-0.867414300574711
-0.863484045997642
1.17440839244658
-0.329542862300404
-1.01695715870203
-0.05834326295788
0.935275950021196
-0.606815347958473
-0.784309433093787
-1.14549402732425
-1.65841219025004
1.6131121553224
-1.63141406237069
1.15094253079993
1.33010702754333
-0.577677628176835
-1.11404666659445
-1.25489532195185
1.94567732325378
0.0865090159554849
3.03004395504829
2.92221122277935
1.55622862503547
-0.976473779344034
-0.234378362981428
2.82344725134188
3.46021277588792
1.12494598343546
-0.959175833923375
1.71885566115189
0.242829404085726
-1.47820499923263
-0.900299642385718
-3.1044743581654
-2.08546861891384
-3.27231430688163
0.341766994179102
-0.416026683905369
-2.6335695648457
-0.744792840433754
0.255375338594046
-1.13087734968649
-0.96345004488434
1.18014405253066
-0.957776186880557
1.25871348384185
0.867244530705352
-0.438388344105673
0.69042583335021
-2.37120323294331
-0.40742175358477
2.02616127938238
-1.45676917732329
1.12239162742634
0.624098888422426
0.25855834742484
-0.237166405963838
-0.996495551626329
-2.71849743262125
1.96748565157327
2.30817867273159
0.52824750131278
2.72172921696981
-0.036308986630953
-1.23176062984215
0.0154699682929583
0.744792964292195
1.26828605930069
2.57413623128014
0.246758689353357
0.957846346865338
1.55490607277024
-1.190485539547
1.03480658397398
0.958944487671815
-0.659256490033423
0.494437196074743
1.40750029228442
-2.04756296848557
3.40431650025393
-1.78835285688307
1.19980408743836
0.396584808610327
-0.817803248444897
-0.996007888780622
2.08688570787664
-1.269493887136
0.384168923940148
-1.45170868212265
-0.362256448121986
0.805586058113399
-0.76732316083186
0.540466284807008
-1.61633799738418
-0.0516629074556994
-1.34699553306814
1.77857563818333
-0.643524466203948
-0.472048841611173
-0.882289549051862
2.45628165627857
-1.48271867339301
0.282812408240988
0.277341030889039
1.70336276626262
0.661849701264757
0.00546308339535787
0.661496440992899
-1.91307489493163
-0.304219210229175
-1.00914920161592
2.00842100442879
1.93086114721066
-0.26124652692186
-0.365754419212724
0.711007749897764
-2.54775776515165
-0.190262872520104
1.1591302622948
0.260710109992424
0.380545915625363
-0.789613767441362
0.545674070978171
0.545843933847036
0.446716098537509
-3.90078853592181
0.30236939200014
0.849289559939743
0.726329857465847
-0.402030368569243
-0.943164206434905
-1.74222734510669
5.04145300019749
-0.348975770254043
-3.42649024173891
-2.38351826538739
-4.27407725237553
-2.23499779792363
-0.277710485336291
4.91283007630829
-2.52670536243745
0.515331652638684
3.53414660919999
2.46760010661252
-0.587225357905671
-0.836014308350608
0.516398378769829
2.24027437358119
1.69447065602189
0.382206714721956
-0.875635123404295
0.921513078244163
-1.35966745052536
-3.07223751012098
1.24478721249476
-0.151314956668391
0.662442258193885
-0.640032195295354
-0.525365996525982
-1.7112359727508
-0.73972327037784
2.98787169263979
0.461827261147099
1.54213261781257
-0.299974078953285
-1.14446290641836
0.363757309386922
-1.02627756106609
-0.203477267197339
0.347036193617993
-1.1762065122454
-0.147991802475642
0.350690224533148
-1.08342435661947
-2.11138129273917
0.437904935527782
-0.984347304654326
-0.494598243129278
-2.3764007559669
-0.0445039597139252
0.325731782111575
1.52207725032963
-1.97237932810567
3.49296832826721
-2.98264828745741
1.65329637223541
0.0914719809466873
-0.155344195515793
-1.82569633996901
0.728867520261371
3.6853959786879
0.914699530975799
-1.69006783927624
-1.48353164406371
2.56520139555329
0.710610466391106
-0.10536994711323
-3.13501726959571
-3.65825464372164
-3.38017960825118
-0.744512721051278
0.0825555731289477
-0.0591763430740879
-0.570862755175049
-2.03368248930671
0.585192584456088
-2.79726063112077
0.487119084147806
-0.241020863035123
0.628763770415429
1.95175139894645
1.32145464859025
1.47244678224148
-1.55495278076162
0.51562942483528
-0.116298698085541
2.50667092674278
-1.77390398315505
0.0566702061149463
0.704949211267786
-0.897711542605094
-1.3839430959486
2.02748443111199
-0.812216230278575
-1.49175717203032
-1.43532166783652
-0.421556251851485
-0.782810108668519
0.699501616851269
1.06267469054289
-0.680074541904675
-2.05662891911467
-0.158027014723489
-2.04402586901517
1.63238994624994
0.706820387250172
-0.426309396078368
0.179835171947163
1.67513922753728
-0.686853025608286
-1.90219143388916
-2.25894424164197
-3.79880938118523
3.79076770395214
-0.770378648339154
0.810358017566791
-1.33767070915467
0.0383995289072894
-0.971115092445763
0.209010827535701
3.78529322332977
2.3233615138484
1.45527266311718
1.58029031679305
-1.98156783893971
0.187362668084959
1.78822968116848
1.09172461808472
0.385560834859066
-0.901351203418448
-5.224959012364
-2.83919388938889
-0.0524003385046422
-1.60170098012119
1.21872217937235
2.73961370792029
-0.716555069116304
0.355122297361322
-1.48355299223359
-1.43773447210271
-1.66558058085293
0.481621913304095
1.5985077815239
-2.30136804412253
-1.51027101505795
3.39611586265527
4.42580535382606
0.539535070010553
0.599222150889794
0.566326391620705
-0.297648665926677
-5.81834615198637
-1.78420606502081
0.489320881126725
-0.462569016583497
-1.74346382311535
-0.567989005994692
2.21635412234041
3.51283335138942
3.1795408318183
-0.293377609949652
2.19717827605322
-0.506199401793146
0.333998449970583
-5.57818901020638
-0.216918354674642
-2.88674861631976
-0.0983947466410454
-0.744265889680925
-1.38797901526164
2.07561159629966
-1.09189449343351
-0.466668605302094
-1.80397892242795
-1.9433224098343
-0.458714866279293
0.0488132690225473
3.68958369108223
1.40981033301814
3.51507345626974
0.476071871900081
-2.90860562431549
-0.680843821801929
0.272058496682417
-0.564220888159222
-1.90933574963468
-0.0961497670087558
-0.345869915706705
0.211794101559876
-0.328302568125545
3.30601417405951
1.44175065457184
0.783566090692882
-0.128929983976243
-0.0821027837774289
0.250065576640021
-1.17974583704802
-1.57791855071309
1.50236467811691
0.750573872894783
-1.08927036776007
-0.553606946958385
0.138066850513695
-2.44902401333484
0.986577631363913
-1.51260369094722
-1.15184347837693
0.697301269418053
-1.63724394622994
-0.439136668915295
-3.57319082201691
1.45172165064712
-2.82272914205666
-0.193206384360004
1.1183870815889
-3.32407087605192
3.56482486919692
-2.2141232633218
-0.527462686312622
-1.59139517464353
-0.0331221976604379
0.171227974808845
0.79019304815969
0.314710973990319
-2.08176546292586
-1.55842812707034
-1.59272284622675
-2.61471229094706
1.82715596148139
2.63565569665397
2.7021759359045
0.155201074874494
-0.720999794393933
-1.51393687083498
0.331591754740666
-1.58896344843559
-0.279007271146609
0.917019038786862
-0.740988833093371
1.34258593758416
-1.44356400167092
-1.49989060069529
-0.489265108876
-1.50013178684281
-2.64268361401675
2.43026040844776
1.37560531598979
-2.26107529358948
2.02034363245356
0.519969875965219
-0.228767549702065
-0.64982847249867
0.787458416306146
0.0433257093801195
-0.879262922101361
3.79985804753467
-0.713875814597719
-0.0750612891515047
0.287868977396967
-1.89348754244125
0.329968489043699
-1.1400745147557
-0.729475816585855
-0.441031135904521
0.390478100460435
-0.201285889678838
0.604646304227113
-0.800005889377615
-2.10529702564378
1.10684468374523
-0.100877502696648
-0.713397991493358
2.91430259690446
-0.748713455988352
-2.14138959236071
0.135938674832187
-0.759923931856279
1.73965749459255
2.11189712653244
4.38988488419286
3.72730370987814
-2.28285874666829
1.55458805454519
1.17192280689701
-1.25984614463682
1.25424753252184
0.196358581379149
0.736495882510291
-0.626642738996445
0.666713310861013
0.300005565420464
-0.242318535997693
2.10667200690187
-1.25148583405237
1.39863220446781
0.176451779536219
-1.83711764904773
3.98571602301207
-2.08701823643289
-0.993680165646465
1.59366374176258
1.92902465690923
-2.04930025660205
-0.345736524644513
0.276964439316175
1.44035683168361
0.79643394805618
0.731734493815565
-1.84894405972283
0.863387502538913
2.00674438603676
-1.07908662857594
0.260236982754692
1.55318445480644
0.321111026274953
0.803737178266491
-0.750114461142228
-0.461803752884811
0.494876307557568
2.94565899321405
1.62173784062145
-3.27281596270619
-1.12925707811311
2.33636841019
-1.18008194883534
-0.912490697009297
-0.208979265907776
1.31860177113215
-1.54822918282586
-0.172512514397041
0.0296962712638504
0.699475087794624
1.32952071918592
-2.57277492524783
0.212254836441253
1.02904725055603
-0.751708321959108
0.00375534057653168
0.082265121067464
1.61578348950744
4.53054929598972
-0.62371608563255
-0.0658675501607241
-0.17560243572289
-0.461315105245133
-1.0108113212531
0.894494866021879
-0.20369070801395
0.397803858540888
-0.120339995182634
0.626830976304566
3.43164851354807
0.543657965452756
-1.58610018342889
-0.445859841226542
-0.179086873546434
2.60158756297351
1.65099692684036
-2.1483735563796
-1.16441448219669
2.49119954872527
6.37917761860256
3.58200704939669
5.08089057707303
0.588868151923488
-0.522517998732436
-3.41047788773047
-3.94107798589855
-0.563844302536037
-0.473893189110598
-2.50082064407157
-0.573871136852066
-0.545749427312091
-0.517803471898773
0.825165269928396
-2.08994007414288
0.902016648826517
2.14797482208042
0.959643505559969
1.81946056147757
-0.721816412754122
-2.60535759155739
3.11260709152487
-0.317286406544513
0.744646498750957
-0.313165574074487
-0.315510534269163
-1.54083502748361
-0.481954040065783
0.0517263268304183
-2.67508144659332
-0.967176141600986
1.78091526010559
1.80428314519269
2.52434552648173
-2.84541809604589
0.352072419955686
1.26974297999642
-0.426718490768957
0.919049625990238
0.499696288026566
-1.68907036658366
0.887936321723678
0.0430827811371788
-0.812016141479042
3.85795509586694
1.60355399106814
-0.128219797162412
1.25343902585067
2.35426384911529
-0.976873883836917
-0.692592420932738
0.978489614087652
2.71026665468415
-0.80602373075738
0.390815298339156
-1.09313492318918
-1.37841386588318
-0.779682377769207
0.0133533753959691
-4.10520955593073
-0.313713385021409
2.02405724955926
0.145829401393483
-0.911647095925485
-1.17847411013568
-1.82952530490395
-1.3188570008093
-0.965531829140291
0.0933493769445386
-3.78649634814915
-1.63569941833657
1.03730041113944
1.28821239408512
0.989546169068144
-2.03177610729731
-0.5432948103049
-0.385633181438738
-0.677555521030063
0.802274107940636
3.4055260961532
-1.94707709541683
1.16765490634585
-2.72910273538493
1.83194924162742
-1.13484933264781
1.1003341623717
1.48307147774954
-0.211780489004209
0.569414907382338
-0.910634145228952
-0.638464581517604
1.03474770965027
0.872228827730802
2.688563160887
1.71849877395224
-3.25282361162312
-3.12469956161283
0.379646727388747
-0.768266975048605
0.756115065753659
1.82620557619092
-2.06580531013913
1.93968198872655
-0.737478070730818
0.281664543566162
-1.79215341961133
-0.5323105339827
0.91624679497534
-1.94647947316771
0.387135474867354
-1.06612225357069
2.13100450400622
-1.10593888488925
1.03832516603588
1.118185267607
1.16740080232397
-2.20026311474147
0.332285362726195
0.340349991657275
1.88569781261424
-0.00677645059048387
0.190745479102788
-1.18617793319993
-0.78952946177785
0.0138598782635261
-1.02667426372844
0.719220150552014
-0.989619162885149
1.31443083005525
1.7732088517982
-0.721976007287666
1.20673868928917
-1.34183565761086
0.760855490778071
1.5473971604311
-0.870308971613568
-0.0518786171265756
-0.420397937799659
0.7870356109893
-1.03060775853692
1.84506245178424
-0.463111339449389
-0.757201735127617
2.001872864316
-1.51411054862436
-0.090363022335531
0.130595223136495
-0.183721546903488
-1.60872622249926
0.296614182540863
0.633130797778264
0.863626540964703
0.0051470594251433
-0.870559321114469
1.52115701864414
-0.859881184781622
2.84140845720015
-0.365226766975543
0.0939249720018038
-0.769752941815865
-1.43835932218848
1.15541482238272
-3.30817075034452
2.33118174805765
-2.00643181705927
0.902395511434517
-2.64494930311627
1.24408835427745
-1.10303675781264
1.42442730041312
-1.85728878602726
0.939080292261728
0.20055985138724
-0.871335523679269
-1.35046268537633
0.323467658937278
-0.213144346518514
0.631978884423613
0.093551725441554
-1.34465451200252
1.65613912556643
-0.122317917527866
-0.42421085029749
-0.593008523885523
1.10234268520146
1.3074015528978
1.27583467507168
-0.16029674935556
-0.358148321952913
1.05663591504224
-0.437821085331908
-0.430010909990645
0.0539165623026123
-0.49422743676005
-0.153341365280114
-1.83827322196805
1.0420775743843
-1.27141213516474
0.900246455566854
-1.04493896649322
0.861626430885823
1.14597918287662
-1.86893498882429
1.37759739176727
0.0942668558479367
0.274063032162115
-0.857604779850383
-0.100138786969376
-0.160888968987689
-0.212361920898999
-1.46065637939659
-0.0437436551007991
2.33178151137114
-2.48982384591082
1.92957592999936
0.265606933138203
-1.5295282611247
-1.0751754114055
0.567931743197313
1.9535083446631
-2.48876688109368
0.513431347828954
0.66856860306456
0.888540900157064
-1.19159196381949
-1.45729814852065
1.84831556537929
0.888384612871604
0.383432104532196
1.62972416486444
-2.71724002692641
-1.81525378544781
-1.54176010623193
-1.43733538302284
0.648296508793788
-0.459023435171733
1.65351116149458
-1.78442526717298
-0.367179978102161
0.394384908928153
-2.61413035756179
-1.76889132422142
-0.352031770995981
2.44560768817055
2.04034704343867
-0.81028772066087
-1.10338619255261
1.13216210147382
1.79694778846352
1.59602321384287
3.55230523517354
-4.75875393656492
-1.21608507909625
0.715833624719255
-0.149623894650275
-2.29224487387846
-1.28604328455681
1.01126826591492
0.31198807979898
1.9024826726446
3.0597543446255
-0.936668355671888
0.433132938365314
0.862998265215277
-0.113551376114537
-2.2552410325335
-1.33129497016849
-0.860603385513897
-0.399003610416042
-0.139060410319484
2.0647686174443
0.422524141981139
-0.668305454972478
0.0149966231374672
-1.34141015115192
-0.70971411707879
0.167390086949319
0.10221379019175
0.65073229756243
-0.895853381234894
1.49419128551848
1.07862279095304
-0.594593563862307
-0.326913785618144
1.26558839202725
-0.341261216025548
2.12131159214337
-2.12171462818968
3.0840857263668
3.9970878955243
-0.421842738461196
0.560997327994275
-0.28623643477646
2.50895096505335
-2.9912705290596
-1.20150746849761
4.56835444795284
1.29878293618324
0.733072254591812
-0.8367346667007
1.54715055371695
-0.572080592815673
-0.319026605725744
0.118584125067857
2.60994281122659
-1.67701602467167
1.64493264104728
0.758446288375259
-0.14263194720633
1.45104545693182
-0.387209040007469
0.121258626986065
1.71370315772536
-0.769360676419802
-1.0878733723739
-3.94497173630435
0.696375728553238
1.19086949969966
0.529821115504642
0.151459250008851
1.25818565332094
-0.821751304910513
-0.470998694733958
-0.125696381605731
-0.791176609278169
0.830821770610797
-0.40871118609278
3.46531515704055
-1.70406399590984
1.22001056939042
-0.703748683442342
1.2638761399052
1.61633341868763
-1.53761771807763
0.422718800085165
1.81604254772274
-0.885938811010484
-0.97030908948641
0.234815564159365
1.29444273125344
-2.23054290083336
2.48047173457097
-1.71701678973411
0.391729488826065
-0.39791222748543
-0.382116419677779
-1.98501923596741
0.915117635483977
1.44680346422597
-0.694310837753166
2.17986631648222
-1.42158346702073
-0.00138037711203201
-1.66240014557322
1.30021254566373
-0.96752984832424
1.33751267917736
-2.38338527929348
-0.658300717893333
-2.09986356036612
-0.235220926527771
-1.87600198741138
-4.27395566084674
0.898702054464233
0.863708368460187
0.0565005864041401
0.667124216977114
-2.94613654603168
-1.61162996855606
-3.39743936314325
-4.600753580163
-4.15838480517744
0.107512610101151
-0.732082912567353
1.23742255513272
0.736497345645706
-1.49500435681939
-1.45305516520093
-1.36408205273923
0.47287531659928
-1.06003473096449
0.531296334566893
-1.3451405957524
-2.39698576478564
0.504175471939797
0.562668823591379
1.28521113429386
-1.04782067987237
-0.108010207772234
0.857752927976579
-2.38866824898826
1.2750934433741
-0.848458860608351
0.486637996204464
0.0591188515561578
-0.158215262286516
0.422447804618649
-0.194449044660405
1.41899862687334
0.78498260868
-0.593552369130994
1.24363125155348
-0.6613804702693
0.990116608489582
-1.17276181583865
-1.07602691868835
1.41107272309198
-2.58433558399067
1.0683034370564
-0.396232753283122
0.67324507133471
-0.611826841139076
2.82280745370954
-3.78394367964832
-0.608313380400486
-0.100888993740104
-1.74532055455311
-4.52456275819726
2.71317401494172
-2.26676462722275
1.90820346716168
0.458620766226865
-0.0645469899947204
-1.80475432915361
-0.89108671682047
-0.0373423382709636
-0.486344165698114
0.207014971301888
0.253004057915919
1.58628828706036
-0.949216700252206
-1.71905290589502
1.61029217432919
-0.0963659072616325
1.78246353146382
1.47106179270944
-0.474971667251675
-4.28084042830567
-2.47079468311405
1.77870507974969
-1.63017278571417
1.59170794824215
-0.377932910563245
-0.585145031903733
0.769507760597521
0.386009666259198
0.37244291673477
0.0718899211229061
-0.350592613092536
-0.241366073430947
-1.16279384823228
-4.27151677388017
-0.441748043462479
0.411386924219305
-0.297401994690225
-5.16330727096314
2.40693951307299
0.0644470088085417
-4.33719336444717
-0.0631332472925503
-0.272612229789021
0.421665810847917
-1.20206172097265
-2.29049542946482
-2.188438986064
-1.89223101063637
-1.87805643027207
-2.65895441357645
1.99919334985969
-0.533616890678613
0.212179207207525
0.145037762899559
-2.05515387388345
0.0125339062522773
-0.913006012172835
0.239425592973209
-0.192543737683002
1.80890692609794
-0.203754565486542
1.092580257364
-1.92158722423871
-1.07746418584902
0.279830225730169
-0.137372961051285
2.71791955725919
4.96100749251889
-1.39999151640975
-4.44308969982801
-0.367298554494284
1.29792483508823
1.67009638926181
-0.153854850010543
-3.59931403452992
-1.66319054719427
1.57524658609532
-0.83542939243319
0.746475076148395
1.48155942500259
-1.57568786492661
-1.33361481151278
-0.6818835766646
-0.937977724380158
-1.24885731109227
-0.538484953463678
0.958276219224281
2.05940413229296
2.28790291024444
-1.26908953235896
-0.649318598654654
-1.88419320966953
0.572812691812929
2.4739209218474
-0.34029755341578
-0.898883080857526
0.0394700827077511
1.38774649373512
-0.146514134487683
-1.30914201228908
0.117019493081096
0.519566014846045
0.265205208765774
0.530700968168077
-1.96484262082311
2.20795560396247
1.8634982762328
0.393243566449204
2.28924123486386
-0.159302799341072
-1.23788566078715
-0.386082514851504
0.665697048551566
0.899228455908646
0.0140039183246852
-2.84736727414756
-4.85848902274664
2.27455274435886
-0.253481136152755
-2.97470444658268
-0.746431981916077
-0.752863348241192
2.46335180667997
0.164292126555169
-1.75487683179215
-0.109281189850568
1.66034499176196
1.16969744400048
-0.31784497043954
-3.71200516054566
-0.230400839483306
1.81894211556789
-2.2793923424855
-1.94444995544052
-2.34672976919179
-0.612387095133965
0.642493815459508
-2.34787053801667
-4.83244906977653
1.25725825472015
0.196800648522096
1.18567622980714
-0.322427395447418
-0.782180282679362
-0.0779678005224063
2.53414413736215
2.18867168813357
1.40783296908061
0.076044375744252
-0.851332537655777
1.74333415265702
1.54131563021016
-0.922196244315864
1.50394101331114
1.59997583541684
1.02726061194121
1.64389131411251
0.380441851065684
1.28582694588848
1.50140025701574
-0.264685980591794
-5.07005818043437
-1.88722020584582
-0.816274411560018
-2.46273243919885
-0.115044760160154
-1.47008977709269
-1.16389207891793
1.06453989758518
-3.13252546769719
0.308393340999433
1.0659340722119
-2.35877817650979
0.753690304678294
2.41551062684052
-0.143483525837738
-3.42405320228832
-0.616070248841477
-0.270733591079334
-1.42767981686874
2.79199797607737
-2.36530300922498
0.330155311515019
-3.96011492189081
1.65153771696902
0.967730640818799
1.31472698371708
0.0487021751526631
-0.350591273499052
2.08159647946419
0.781410789149795
-0.0659157789275383
1.73155148444804
0.265105493513518
1.24458250805093
1.80149303365639
1.10734757516678
-1.84627134587567
0.52558942463552
-2.04672827339409
-0.573392485277535
0.987000838594117
-0.877851805743776
0.638335879889188
-0.320776165305254
-0.656610213413441
-0.349338441012415
-0.547262437657073
-2.97617222099906
-0.452845515337013
1.00691274342493
-1.21122152046864
-1.63668522925003
0.175712359857842
0.645853345394663
1.22338864090955
2.08530139758998
-1.04449120861707
-2.56243487371427
0.993048007595028
0.632938228241784
1.97541528927508
0.41557828195298
-1.01483532386628
0.0304269939122383
-0.82877375202399
0.513943137155895
-0.213369399259506
-1.12159101334442
0.514150122316808
-0.398663180903009
0.126833521168152
-1.78508990384472
0.359030346342266
0.568376882151906
0.208967040467494
-0.836088666916169
-0.312031119410359
0.8129364026343
0.060961817529789
0.312742983436692
1.41235850570669
-0.466549368196629
-1.86818289227126
-1.19424877767368
-2.22940284809913
3.27596080199501
-2.72947980690373
0.588092458844698
-1.3281357129373
-0.178432069900724
-2.03657299240857
0.527406796658561
-1.31681854411799
1.83276921330846
-2.09870096035628
-0.383694588883155
0.893587357178274
1.28693384795999
0.224829449413229
-0.742290208893009
-1.21746094627807
-0.218386756038159
2.9250545303618
-1.49258436732683
-0.123471006559082
-0.792436915456987
0.848381112708086
-0.563943404379383
0.245208560968692
-3.79584953184143
-0.106388120253534
0.835222653944968
0.462343824951638
0.0717945354182083
-0.217430984445762
3.30593002338689
2.53603733970868
0.50661929526182
3.95683810432204
1.7677390806479
0.93771360794845
2.51823996012591
-1.57615835557564
-0.243392091159594
1.30843964542323
-1.18221692331286
1.19275273297546
-1.22549749109274
2.24270826490887
-1.00567823244907
2.21225341689003
0.220308519814298
-0.476931658197752
0.586492268916525
-1.58996358150794
0.651483742942538
-0.884916135993342
3.38367698805309
3.71793572531546
0.719064273104578
-2.72658562497577
2.12792754513112
-0.422873462396463
-0.466080049219119
-0.967976324772983
2.39687273264619
1.06645159316908
-0.32302935640406
1.19870328912706
2.59584630649346
-1.47652935530825
-0.244244726813623
-0.515246204459765
-1.05613548260803
0.454211320197958
0.272492953612514
-0.769882388733148
3.28854631154036
0.631682290862854
0.8203944263628
0.259070224311411
-1.01498820652229
1.01014627256737
0.412623296626683
0.56082310400179
0.723112038523639
-0.960076695854575
0.367201144255001
-0.27355999613276
0.46011391684691
-2.07182099629656
-0.00465874196592814
2.97803936822614
3.6986520977321
-0.383224533630942
-0.737338010564966
0.0182573243420916
0.170303499857179
-3.50098117222878
-1.17929164347363
-1.01572972353965
-1.11998851522867
-4.26505579774919
-0.698557699057479
3.61296581979226
2.20424666294205
-0.839089817087792
0.630977245362527
-2.6787605465329
4.62143931010874
-0.925025920692517
-0.432747875543576
-2.75947006855304
-1.83783595965576
4.05193204638245
-1.26349626522489
-0.47886875362108
0.933801640048493
0.688634601312129
0.0161403633795436
1.8015845834905
1.89909576862608
0.388860961345106
0.170865516069422
0.00824108235759401
1.62789955486827
-0.0512188008525959
1.36260854556624
-0.760735257337976
-0.563657788747977
-1.33664057222449
-1.45312399980499
-1.46490766746411
0.158360488628803
0.264586683300055
-1.37130261829412
-2.00326696960449
3.80649784535647
1.58735478018282
0.705954481646754
2.36635725611422
3.47011785578299
1.41454393145251
-0.572893714236836
0.177893278907041
1.0710377410964
-1.93604406506382
3.45870887637805
1.14564273549388
1.75301921889839
-0.096897863815734
-0.731652158628509
0.948003327217464
-0.068270685563697
1.24170261056977
0.844794668254033
0.333541638178557
0.923054590144391
-0.609594500511697
-1.30995960064113
0.548810065813345
-1.02092670060076
0.00827304815181648
-0.573517643703261
-1.14892499963205
-0.142606017066745
1.27290745642162
3.64893077651822
-0.971946272699624
-0.217363147031977
0.191257180092397
1.07163554028747
-1.87241518722712
0.959654463797825
-0.784832837768689
-0.799866813743261
-2.63542200211302
-1.34028221201636
4.86695757456011
0.656404414324416
-0.477589036278995
1.05992632211898
-0.854739949395125
-0.156233196148324
-0.00355544413199819
-0.90870245260939
0.248095627780033
-0.0764264976937794
-0.606598983341813
1.37092921755499
1.09573825726841
-0.719873161973903
0.738667132206695
-1.04938251704017
0.536829637742206
0.481485605933345
1.73911821415043
1.16836818943133
-0.89520622511525
-0.632382021418676
1.34879601869348
0.958897251040613
-0.705517945857532
-3.29195932311211
-0.447036073941703
-0.214719608767386
-0.368688852804077
-0.772046395265918
-1.34987044580146
-0.0555252023979906
-3.16813015323091
0.310105745816678
1.1915563993005
-0.84184818674613
-0.110022863223204
-2.78688558472878
0.981737200894259
-1.53465535790908
0.946500245986374
2.12479040237786
0.491282154447342
-1.07368340177434
-0.0546708208980953
-2.46736284948906
-1.55880322768559
-1.52738321278576
-0.000628188446749306
-0.733297426604816
-0.508336225458028
0.421937337022268
1.50441201234486
1.85095440423582
5.0208693690752
0.51169805378361
0.328474608718725
-0.0762101289419
1.54036864144198
-0.453255808698987
-1.08929063265765
1.87944968586157
0.578020477889515
1.9931667881299
0.0916384933989849
-0.115933452496445
0.837336992511688
-0.841781916980813
2.89417815606064
-0.345381528886877
0.718308564781475
-2.18822028769157
0.0278057671815337
0.912564486563762
-1.94600010082874
1.90968839363041
-0.602451613326248
0.224169543477698
0.696783661231719
-0.707736593558005
-0.46566583183913
-0.523795922259452
-4.48438780271497
0.577115478070916
-0.395247140320079
-0.106842787302849
2.45148638706449
3.72745239879425
-2.06991804372599
0.405460217002695
-0.136144261253413
1.06678431607548
2.42469820113037
-1.43648614016736
-1.69454817647027
-1.47641649832622
0.84295721396055
-0.506328774567532
-0.486550002570288
0.0670936254594589
0.663238877443435
-1.87535470225113
0.180953465896303
-0.788271021307102
-2.83093305965961
-2.39198214050222
-1.3782337244127
4.1773757911315
0.087001931537695
1.1949900551121
1.8945848659625
1.51052964070142
-0.410981002244417
-0.457820717875475
0.027686342688776
-2.52506817411773
0.746423590696809
0.723970010700363
1.49976217922184
1.99943262783567
-0.863193948144079
-0.961640291424673
-1.82644153305889
-1.99815367691389
1.08877170812076
-1.77686044777184
1.05552556191964
-1.96296440410142
-2.36949577631766
1.50514028557008
0.124613146973442
-0.954095409278834
-0.529988494282263
1.30933034962842
2.38696527612511
1.04348825499415
-1.85921189057352
0.541126971254282
-2.60351357757183
-0.095763557838242
1.06484353723325
-0.302322857845895
-1.34320235835322
0.233843905867417
0.188030875311537
2.46301187149416
1.32238187723286
-0.791923357838577
0.626985116277629
0.279201050514829
-0.21022520248034
-0.582849703038552
0.599693345880651
-0.155063599331794
0.15440002772249
1.32998641374838
-0.0123987119798428
0.586021846629636
-3.39045493365436
1.19686420464638
-0.437402338431145
-1.93272773836837
2.21578391792485
-1.71451887889989
1.21570067197394
-0.407578169662979
-1.30853391703631
-4.87222756915895
1.37782514360859
-3.31827859084314
0.86928949454594
-0.863046387191084
0.309120545563736
-1.55244961652285
1.31289698556603
-0.296338535790966
-0.315458734558339
-3.09088004594787
2.33282645518456
-2.34064064940848
-0.850578763797848
1.06220135878784
-0.345793135069153
-0.827630255484558
1.6581629146361
-0.935483642858332
-1.67645114827391
-0.276763210870673
0.721760532895555
-0.0789227956175135
0.570472639622043
-0.638069239615831
1.04362898032035
0.551156095522234
0.290354723226259
-0.00659983135753724
0.727245844791731
0.293701552608396
-0.867727162406561
1.01549090894529
2.9627712943034
-2.48790714972922
1.02721752952212
-2.21765727759004
-2.22139920016317
-1.91233021713505
-0.622146723164699
0.731142199324437
-1.90702035457277
-0.182769751853559
0.683102560060086
-0.547942088482347
-2.13331166812302
1.67912144430135
0.223871067900836
2.50721951333592
1.71712598751
-0.594163798902398
1.96348784827468
-1.83891957185002
2.35701484159009
-1.01800302727608
1.32531713575715
-2.09403429264558
1.00792824637689
-0.417960313036394
0.677627754852371
-0.357559012416836
1.79942549939316
1.26735458414414
0.867541067371299
0.69685798226134
-0.237663553679354
0.0404974234226828
-0.560209249086427
0.460985693284259
0.674897848276893
-0.10130430054426
-1.05395079236533
-0.370294396012593
-1.75793059119499
-2.80197948670416
-2.90519541256915
-2.37712055021831
-0.803827606015611
-2.28989899711307
0.969311681248901
-0.99981694156839
0.230613352004431
-0.185419854835039
0.00861342268828097
-0.0422150141215782
-0.955789728289143
-0.757940565976765
-0.256337336476784
-3.321692662713
-0.91180761183698
0.463211130538992
-1.05860509463747
0.026899421076958
1.09211496938351
-2.82132662534092
-0.420725300756304
-2.04699406572372
-2.70153008302491
1.05661662818565
1.82473405353031
-1.41623576587304
-0.91023389495237
1.65527051170677
-1.07086525802427
-0.234040598588548
-0.386285823576227
0.527090351432764
-0.869356572090718
1.68893798713957
-0.736941148705371
0.847414728557495
-0.458093852426303
-1.03493182009684
-0.889651317436191
0.291443805302704
0.940366473339036
-1.45179689504132
-1.46852645842354
0.656123302746561
-0.322145900727776
-0.861732348740658
0.417102965211681
-0.599085182755647
0.905470718823024
-1.06001386719671
0.499979896926804
-0.549243796345112
-0.248279223377401
-0.867638407424725
0.879749235531872
-2.68840934749135
-0.91595412320319
1.83184255688279
1.36754244669463
-1.69712341785242
-1.20346294209331
1.19730739607351
-0.913154607639592
-2.75969309098986
1.98838476256047
-1.39818807941305
3.73157274341466
2.45513899345283
0.193190880670876
2.83466532247374
1.98273238939885
2.44046985732214
2.10987673002057
0.537083973016818
-1.54715220554472
1.82039283180972
-0.698185873189984
0.452348913886393
1.39720060218838
-0.038487558031684
-0.691467434770189
2.68832211461085
-1.34844920524616
-0.954677628539184
1.35845888608027
-2.64763730700354
2.45960083177506
1.06804667457324
-0.660919002440273
-1.19943112506016
0.742610249461554
3.45913493552444
1.54467326694439
0.112511997326847
0.697462647606986
2.37581768159628
-0.244807433061376
-0.175789987598683
-2.26599204465938
-1.54336164624732
-0.655033389402274
2.58162834929996
-0.592982880473829
-2.05581377341656
-0.255744868722477
-0.86111420131555
0.0160701888131974
0.20417308097513
2.04107325077528
-1.4137206448698
-0.743779144463374
0.390381528547813
0.592640911519346
-0.403163032134421
-0.429456469357394
1.79895507479005
-0.382403006121207
1.72296887459082
-0.435957020473261
1.40741061410466
-2.1347292202699
1.33779536543513
-1.08533992998573
-2.30078295051924
-0.0247972169483827
-0.793726071871138
-0.749596658625908
-2.59089981021752
-0.476084574242006
-0.183423665617333
-0.767101677598943
0.841503051114137
-0.741732430378905
0.926740979224514
-1.40050740383543
0.769872918471727
-0.616817091059382
1.89159813608729
-2.90985555566594
-1.86148605255677
-3.13058589946417
2.49335899611369
1.75008339771503
-1.16666906773453
1.10098068754708
1.60373854711974
1.07906958737764
-1.74337116790896
1.69408386500068
-0.193926178906098
-0.324334615744416
-1.05259369308109
-1.08593858863141
1.92735478371122
-2.16691591502714
1.52392135689154
1.13127113135121
1.14651971107306
-0.625210619843113
0.362473115983208
0.00756539940405902
-1.02460434681884
3.75514625427827
2.83273154763305
2.46887000867299
1.60745027768697
1.58396799148131
0.90724713298986
5.75380296560845
0.0551228930158035
-2.39425623544397
3.22669767546834
-3.41497767539815
2.82537885542175
-1.32342100087345
0.473485240976741
-1.01922896430473
-0.772484079390835
-0.206742401860631
0.564001495003791
-0.907445271939681
0.6502821336931
-1.18530101078757
1.42441072082312
-0.784753523465032
1.63915220168784
-0.021921274876914
0.349293406113609
-0.511981744856905
-0.162235018081057
-0.941069997392001
0.530797514374462
-0.448913197650415
-2.21290008384508
1.45716529394699
-1.36889906179931
0.327723654062928
0.0475168430646426
-1.20805304605439
0.0906324150512721
1.98735292053383
0.208570360041128
1.74747059920526
0.55326291059069
-0.134560525496858
1.94828479529136
-0.986368239380683
1.01604294673057
0.801464435256591
4.78608537918367
-1.08161085651694
-0.251566614726416
-3.11843761340431
-3.80140069166076
1.38042616533952
-1.48156561247594
0.845135166037694
0.164223887372625
0.66503080821554
-0.652306223709467
-0.0148905669428731
0.946760064095629
-0.471804314279527
1.28637168817476
-0.497168969753045
-2.41228078772128
-1.11030581455273
1.24885883631687
-1.81006009187929
1.39590595495655
-0.379637402066004
2.94566496818573
-2.82352331336683
4.94289080177884
1.63511727484216
-2.26877332877998
-2.69368813517811
1.1931708370024
1.14595990524187
1.00026919108986
-0.50349444258577
0.292871764414911
-1.06745351784657
-0.445457174967104
-0.227022604666349
0.546475480821739
-1.8571255967295
1.11593583441665
-0.278252067265625
1.91692699087537
-1.491266628804
1.86348234242795
-0.26286791721867
3.50428017985449
0.338499359819139
-1.31233365506092
-0.213669237228144
1.62648977342011
-1.21265960812258
0.385517356372267
0.236215962024948
-0.837631163884444
0.870984254706703
-0.590450489318409
-0.696593897802627
0.581680796385617
0.322609573429479
1.5462456985729
1.58856001203263
-2.44462375434311
-4.77303311081087
-3.95383823755132
-3.73597381969067
-3.29871332728211
-3.26737516755122
-1.04849494879793
1.22903230394231
1.21064471537669
-1.89893666254073
-3.78024514234018
-0.754295073076937
-5.4463340758282
-1.35812941021724
0.235039858044618
-0.819982980572312
0.396409631633529
-2.04478828339936
0.166458303916777
-0.433169970645054
0.819170528828164
-1.5930862957837
0.190336482278057
1.37304055682404
-1.90427463157112
1.48422454428243
-1.25962537799492
0.115613451388611
-1.2380044680522
0.68518466370573
0.596151143915373
0.786233644978097
1.7623494441062
3.2016881797115
1.71723175308119
-0.871014701250165
1.41054829947096
-0.729706261123978
0.889466615745287
-1.73946028153938
-1.90034047953047
-0.746512489696329
0.649079669659773
-1.20393381861179
-2.11763720563118
1.03176462104653
-1.23888827521669
-0.781331691606377
0.427637106030317
0.0881792095266961
-2.16451252511917
-0.75062485309886
0.882765957945642
3.85839349794974
1.18444632978964
0.833189507407446
2.8469889829834
-1.25231661119472
-1.2892838725253
-3.87772085501355
1.00475842096302
-0.234271822254245
2.28868414168646
2.24221420157932
3.42416138178504
0.776349727934937
1.88607884858505
1.96147487128182
-0.593207856665804
-0.772582628082527
-0.82222984367017
0.751913498743154
-1.72695512228297
1.36768913727154
-2.89688793843638
1.21870669582581
-1.3223025701741
-1.08820849966882
0.243175234374002
0.592694606767764
0.420900890823848
0.320893150609698
1.09806168603409
-4.14638965165636
-0.591810783275856
-3.16627808913948
0.768332152045352
0.0231710690859851
1.01181826498874
0.462317873074527
1.15239110157036
1.70912932145836
0.0893473799619601
-1.79628475746895
2.55222155166313
-1.74200513167969
-1.10214971242411
-1.07494736167492
0.546712138276266
1.82071970597161
-1.93337751890162
-0.0190835282569716
-0.724096925012004
-2.04364879694168
-1.32107708099879
-2.12159273394646
1.56563498431608
-0.83377610877361
-0.427020390788366
-0.229620539237736
0.0816659571501577
0.44967005243697
-0.948953312707214
-0.492369958332198
-2.13536359521939
0.868958156530782
-1.91371194831892
1.62653560521125
-0.940111045287573
-1.00976786448195
0.615299708804838
-1.4705060463619
-0.987726259268706
-1.83018449810988
0.499171613150375
-0.434432277342048
0.80031609841297
-0.553457562784044
-2.67866440630814
-0.512850987327233
2.43325593353638
3.13162773804333
1.00240885909987
-3.74015587338592
3.09235315692383
-0.18296034105815
1.61963520957401
4.12741138155581
3.65877021360868
1.21864165747722
0.948843734795736
0.574694561980874
-0.204896900152428
-0.996261927760807
1.58546574193732
2.93724046393705
-1.51539776977807
-1.36012020036061
2.61855626351627
4.19827820086859
2.59406293213339
-1.30645418954931
-0.333494868500073
3.14874475747114
-0.674106870274637
4.12228418922242
2.83811534756984
2.88431352373951
-0.907594283139343
-1.93450137047037
-2.11855533857155
-0.303974474571721
2.94394925289121
-1.40655336652692
0.774572297780905
0.78077159040555
1.51134603995154
-0.145437407580005
-0.0885442701074676
-0.844740371976732
2.17391381857938
-0.728255705040177
0.790168162350569
-1.2337554710111
1.1742040392426
-0.575303741885112
0.694197531891141
0.238269733525041
0.711558386371089
0.85489029908843
-0.0112699319436829
0.857927200819034
-0.811337201323188
1.12729182175066
-1.22300996480799
-1.56913620021854
-0.18075719845078
-0.934797369263226
0.182159108927187
-0.666949057106948
1.013618891272
-0.484888218750525
0.578782050619192
-0.360701352539933
0.934279967222937
-0.382876982628524
-1.59142697044221
0.269609112188209
-0.0223530649781739
0.66670323727128
-1.91034442090297
1.24991273408204
0.486578940822899
-0.614673135133397
1.47319504275045
0.282864912003476
1.00480581874728
-0.411961787459587
-0.0474792385988411
0.498237516645577
0.100444795674489
-0.0603808522866484
0.31905661720738
-2.85577175966187
0.203853785031712
1.46282484255352
0.694381235586907
-1.28074723622886
1.99679083437175
-0.590531687426646
-1.28176786986348
0.626561373377507
5.09660912365785
3.15316326553048
1.0257114825603
-0.445842165110749
-2.55797692178144
-0.346168619490383
-0.368682736717137
1.80588407865114
1.28323392242639
-3.54904521288613e-05
-0.364441280795604
-0.107141465509185
-1.95473444918573
-1.13534408509523
-1.83919275018084
1.05146767574417
-1.02332453456083
0.465308281669689
0.12279914185508
1.31962095695394
-0.935882128639372
-0.393292120097005
-0.720766438587627
0.131701442019736
1.4853377807251
3.62849093311751
-1.72019199993355
-0.230269744170539
-1.51812425655765
-1.55471732252514
1.09704073218098
3.12876104949395
-0.530585326202263
0.143500869742834
1.3006621587581
-2.51242183387147
2.20085581925156
-1.74361738645733
-0.222121989719664
0.457605633399422
-0.743204777988573
-0.148189747390751
-0.69901729689569
0.847272785316338
-0.0762583581030569
-2.56650177465113
-1.44993134890064
-0.821859374386151
-1.2248804391462
-1.51783090141933
0.00291555499333318
-1.97095599514184
0.0263590370739137
0.386711010364645
-1.2312541896497
-0.079654834824217
2.64932547262129
1.56130753723246
-0.942791512198903
-2.24527379414554
-0.391683511713728
0.0738884580022833
1.1907403573946
-0.143161032858327
-0.723719266677172
-1.89918879645859
-4.12996984041951
-2.02626405333977
-1.65068576745101
-0.159732209109404
-0.182127191932712
0.817691320326271
-1.73322037898505
2.89544122933034
-1.54013381272117
-0.853151864653257
0.762662401281057
1.26629589512067
-0.0663353856217791
2.43831350086075
2.45113715844303
3.22367017361845
3.35895553591062
1.17607680106519
1.06340696071575
-1.82758330120922
-3.13918232269892
-4.57483676798892
-2.64828871263476
-3.59159710408428
-0.93199157562933
-0.334190372216932
1.39088012080808
-0.533484316793757
1.4864019517465
0.530399781019719
0.759896374380005
2.79137452758033
-0.810367928692871
0.41291833538933
-2.69078236826946
0.665785958793209
1.1995193308871
-0.217996167478337
-3.24957082544133
-1.40436152323443
-3.48237091985543
-4.27486519389331
0.0496812749623002
3.09726092087057
-0.348641597150556
-0.101194531593798
0.648187530584914
-4.31466773282114
-1.46033441989597
-0.872953875572277
0.744400652796587
-3.32909926382069
1.06204002918114
-1.99453234146536
-0.933625202303329
1.22597520600925
-0.0607511070718916
1.25816971148408
1.26245959407558
-1.19563123845988
-1.33641588020914
-2.96061771856826
2.28810140643097
-2.22336213824918
-0.42184461488615
0.321731959276947
-1.36738098539329
2.58174038260551
-0.973932269501611
1.71591267943884
-0.429680214661605
-0.517300728927163
0.14112649572233
-0.761869927022982
-0.762352072669567
0.525928436980693
-1.08813061888254
-1.46669264628916
-0.0155422272378599
-0.713153319274383
-1.04253684684281
-1.81810084302563
-0.1412552664722
0.823775600167277
-1.04569872763079
0.599447489736177
0.347563979616637
0.44142669181694
-1.70472622158218
0.670837224270413
-1.49077527134895
0.0306965148031026
1.01328611944571
-1.19970010265584
1.81371725438656
0.0231562944229715
0.316785938617134
-1.03283351443845
1.88733722745627
-0.532019406726667
1.0816638403835
-0.311493117875709
-0.223530788785898
-1.10109780430637
0.711404435118035
-0.844388223223059
-0.385378503213756
-1.02067792904472
0.69977441485042
-1.04580189115675
-0.45977657682184
-0.264625872273949
-0.801340059034554
1.55279675543415
-1.46383185039794
1.49586697530423
-0.0181835125670889
-3.55023967042537
-2.32001203910974
1.39766805518956
-0.215193693190315
0.770425653448218
0.644668513971515
1.0733400883595
-0.437680574298162
0.284157656564666
-0.83527694134562
2.63152454392429
-0.810840751604019
-1.64252313119552
-1.20242707230324
-1.31344512103751
0.269181862978919
-0.498669056103598
1.09484171871119
0.688445879704972
-0.0655749454987516
1.44527368791985
0.53940883454249
0.24182295460464
0.155198221903128
-1.40226052310869
-1.96436069843292
-0.234222201390136
0.789519763772655
0.293497714610565
-1.41026395664858
0.0289042622795564
-0.864726709586002
-0.120272261290807
0.315103030861518
0.973760605549506
-0.137480897389146
-0.368395164177903
0.409875035148796
-1.50052802567283
0.0804341965238573
0.781263079038117
0.513553504374079
-0.645360149768869
0.301857274328125
-0.679842621172884
0.819803182957097
-0.51479312283596
-1.19317252717752
0.164143808519487
0.836455373893017
-1.31432385472715
1.953081052188
1.35276428361559
1.07047323391616
-2.32013734947351
-0.110918025388195
0.132367312428467
-0.0857730662095018
0.294988649868959
-0.221697774568506
0.393697068352795
-0.0657217278702696
1.78275347606048
-2.85518157451359
0.0522407216007967
-0.452093715366853
1.02200307496082
1.02814588356683
0.307736000074725
-0.134375992070462
2.18164950925458
-2.43569814696804
-0.743881643823451
-0.602990487735237
-1.17658054888247
-0.55569029214357
0.25509860130473
-0.851997723714725
1.61832913041809
-0.0474467678723187
1.22334591247186
-0.0974680208689563
-0.571136938752286
0.591629575808702
-0.767619182492939
1.01063798950017
-1.61357489729504
0.0956077517847095
0.67691458068866
-2.46927602799812
0.783880318355323
-0.804089269557134
-2.37799076053172
2.54724500678417
-0.211612418716193
0.144496428172458
-0.975631522600499
1.26016496754873
-0.0514864348341038
-0.616934868407693
-1.8389237854147
-0.438101816773028
-0.37744533213017
-2.60772596028556
1.62704040264702
0.0450149900325458
-0.186553748858527
-1.65951999128801
-1.37954391562897
1.0889533806664
-0.693898196714543
1.93892651412964
1.98770946711142
-0.954519488575542
-1.05128008638301
-3.3567701838267
-1.5769075077711
-0.656086867116995
-2.12163500163647
-2.88750683204667
-0.524129939013419
-0.299957152953426
0.810165905602254
0.666134246324167
-0.887944586845815
-3.19834574848245
-1.24858443341994
-1.09590270879444
-1.57067855184054
1.31002802668057
0.383409713393535
-0.551084939718571
0.129517262446689
-0.639869380649755
-0.855562521329537
-1.0050389032259
-0.215912793830483
-2.04299030942729
1.00383669075308
0.719056856409928
-0.105281623769
0.289093154717991
-0.800389413668365
-0.540875197586356
-0.971569290753038
-2.02818623913759
-1.58955694898759
0.183899413353186
1.89649991888113
1.68533434104405
2.66610202112536
-2.46593981485594
-1.03763341154975
-4.03839556680316
0.320114135342522
-0.417785529499235
0.942348937555751
-0.283176178143726
-1.17286685502764
-4.20820659468978
3.75020192897514
2.6846790433477
-3.28972247959455
0.6156558640086
-1.98353259711686
-0.116962757679143
-0.825531464872563
0.701200734313964
0.215434273456867
-0.299701179966695
0.0153431812250122
2.0688120060782
1.15880957235687
0.744848552416613
0.386415567324857
0.88184021477849
-0.19840868602745
-1.85318799931436
-0.681713980021668
1.26389344163791
0.84519895106972
-0.483390310283266
-0.422373672455987
-3.48735041103812
0.400189805089163
-0.249526308229577
3.55809714938805
2.70969020248467
1.60609822858101
-0.0845089298532045
2.58567907464674
0.324925491928558
2.41968350267283
2.79108986355705
-1.45609617926569
0.0806140405592254
-2.21183839556548
-0.625576256638676
0.0852905907699373
0.968840740914502
-0.966060362774482
1.02317542719728
-2.35191319363846
-0.927155246498707
1.99253237622346
1.00716702994127
-3.58132120628893
1.36677479051739
-0.820437272567884
-1.23638498307295
0.319219796868331
2.47967742048138
0.697158552133902
-1.96382059368812
-1.10994532363333
-1.8227839624198
-0.35620433077816
2.20042722489761
0.0333024989363098
0.519051810415016
-0.563174155050323
-0.405517036021914
0.504305627739814
-0.675859007706484
-0.3928780414863
1.29804640548978
2.0741144571343
3.21272647517501
3.60955753680858
2.65709391160871
-0.876273227761004
-0.691630144831476
0.0845024640369006
-0.0715337042262394
0.729658153409718
1.82001311149063
0.298687237245769
-1.20185238392929
1.43613660069183
-0.920264472380728
-0.0393566124741024
1.19816422671251
-1.83028609007953
2.58423087304338
0.715620040453933
-1.79846099017084
1.05824095887955
-1.854983671391
0.975240778673788
-3.16958539050029
1.57623730981644
1.53303074256868
-0.872061351394479
-1.4417063868945
-1.20823468053685
1.39857807716885
1.37182106584514
-0.468999012075762
2.05104719075428
0.900277499835381
3.40448012035497
-0.210020004798266
0.532245445859362
-2.12255994930002
0.0997000790714152
0.229145683421064
-0.72959506121683
-1.54900510872888
-2.19585648120851
0.629927040293903
-0.0591994397216482
0.458779753409437
2.22972546818531
-1.8454441513505
1.08027496380893
-0.987413409586415
2.59277539657974
0.296457446354662
1.5323005522873
-2.616283123962
-0.178595990816153
1.11900034853313
-1.5021177132526
-0.282686895041049
-0.195829487301015
-2.31389628659118
0.988133862622131
-0.763409197499329
0.581417084016628
-0.473392525866768
-1.22701984677338
-1.71551760423548
0.165393510614874
-0.268109552773786
0.261980386070698
3.12201935233402
-2.99577451905314
0.8601034172958
2.47463891524827
-1.98541478729412
-1.49520414733325
-0.967160685689129
0.442602063028738
1.74423981888174
-1.88491031471798
-1.11817653798067
0.637248244013144
-1.60784006035192
0.491298117869504
-1.13444492273776
-2.42658228804487
0.00478894380633882
1.24745670761777
0.344433550326724
-3.37283326656648
0.355645499342226
0.415978775027249
-1.54844630502445
-0.632693843613947
2.76406903335413
-0.0724838068939585
-1.23671604618202
0.845820730560385
1.12743620714616
-0.89380056722978
0.763687759222199
-1.61272561785816
0.437408061184727
-3.03139899760446
2.18577613838055
-1.647750524063
1.221327314728
-0.851012626836572
-0.422226713599521
-0.381414673122186
1.01607722583953
-0.962117370954041
0.733487573946224
0.918167292147062
1.19410809217231
-0.775003862613128
-1.13375555925409
0.114222933218669
0.723576816126468
1.7635730504775
1.74328697002132
1.38696216632367
-2.30871305655412
-0.218279588843897
0.98198293826338
2.45996528486077
2.39665370582673
0.151117983622435
0.835907221417908
-0.711278068990106
-0.643623725700951
-2.07260059824123
-0.624269383640574
3.33539914091666
-2.38083638935183
0.140592614919729
1.17172694617199
-3.43271921203937
-1.54556297791083
-3.88841115967933
1.54339694930243
3.34291682994258
3.4975677170231
4.72665457716995
0.169754306918844
-1.36000129791762
-1.46562010584201
-0.331394546556239
-1.40665369579525
1.21417166376762
-0.532483180734906
0.86431839442288
-0.579412422541643
0.997190142005662
1.03060651183981
-0.449832317502051
0.651362358361653
-2.35705155076594
-0.0120425645191105
0.276523142979933
-1.87728966334017
1.68551923967231
-1.1730118674656
1.33131564735299
-0.309622696608354
1.02987841660988
-2.07519490771638
-0.0284585343835858
0.817026923653317
1.33827377377783
-1.95304507985215
0.0349891768829196
-1.26155733987101
1.70147904459585
0.143925239597186
-0.108016452830818
-0.216530880670277
0.890515396968887
0.840985080007378
-3.80781130611023
-3.01959942313206
-0.130546900378243
0.0514559242724471
-2.65265740519735
2.95260913368003
-3.01101890169765
2.58261905377176
-0.225666468667687
-1.3750015470847
0.653875187435749
-0.254800646912318
0.0527133862228177
0.167797546121936
0.52248845240945
-1.34053548965664
-1.45391047384033
-0.155092265883907
-0.565194490915171
0.489907845848714
0.0560225614591758
-1.01065356768839
-0.348558148418034
-2.65415087814048
1.3169350823588
-2.52906796207231
-1.03824489507831
-0.445272373003594
0.499180273177369
0.363993657623096
0.96123529854547
0.0898732549762594
0.616982382512564
-0.315012797364953
1.40621235836787
-0.372389531539591
1.39647773006794
-1.45237040896438
2.29517432370404
-0.30348242342384
-0.585634729691327
1.10595973127416
-1.97208500515059
0.491662922275944
-0.332178950738171
-0.0573638227998451
-0.45515108619231
-2.15329520759382
-1.75313082325518
-0.345135538471906
1.46381412178317
2.33560782351693
0.571057467676062
0.0711535106900057
1.13861005587688
-0.931435710203031
0.838118483645277
-1.73315891863817
-0.428592756456744
-0.194545775217116
-1.93944844224006
-3.11650487235752
1.39886770374929
0.919777378676684
2.96469237391968
-0.16946776204315
-0.844772828718863
-0.0446898215382337
2.94170936620265
2.52917315576519
-0.703208616551678
-0.881100456804123
1.27729850593936
3.42160584958325
-0.966624352656286
1.34209823274308
1.53942154775733
-4.98059123305934
-0.265796642877207
-3.67032437398937
-1.07389010676512
-0.218362473331069
-0.838489394838921
1.01359502854826
-0.437559761253344
0.370435862927653
0.0919815734080481
0.673983957539888
-1.64918749312573
0.712095291157848
-0.415645150006256
1.20107204905261
-0.569033456914442
-1.20160836184112
2.9941993429161
-2.32980295231601
0.769070764049669
-0.223070094703486
-0.407658422537531
-0.542043179911155
1.01914435681632
0.0374624682622423
-0.849186932544361
1.82949063065397
-1.35053808501065
0.685642920827585
-1.80869723617308
-1.01840290730288
0.499469684589856
-3.47768456876629
0.321424510349548
-0.466569807006734
-0.809505353244467
1.89852154800881
0.961210508682742
-1.20924460655146
2.85526845416087
-1.05677758666842
0.767115193815449
1.23511499639942
3.10444643172079
2.22203719361734
-1.79294365966849
-1.81660706190824
-1.05258053208107
0.285433643955887
0.351774620592479
-1.27281117339863
-1.77827061700656
-2.32744201911269
1.34072663440041
3.20999832420239
-1.803111179909
-2.52246810321064
1.78722409741529
-3.69686519546602
1.43236982012104
0.59645862476018
-2.40736898143644
-0.859747402210154
-3.08451819669677
0.281733395189027
0.817735561245016
-0.559806967771837
-0.905353766065353
2.64140347302812
-0.431016578319608
1.37389025571275
0.561270027897509
0.305743954428896
-1.52235927168535
-0.653936599388231
0.205975235412172
1.11878329457847
-1.12311398428896
-0.050972186562434
2.63543715088829
-1.66141860700964
-0.594369364806936
1.51698976572704
-1.86471856026522
0.0677224885820202
-0.166578749423911
-0.623760451056687
-3.47334109631693
0.0123446943934264
-0.226256092723373
0.507147917495589
2.05482008106895
-0.505451332796307
-1.13814736617819
1.4963463041237
1.91200881070847
0.449966687834325
-0.0886536446055526
-0.772068038334893
-1.10397142950003
-0.565659065088976
0.937934837616258
0.317423072374575
-1.16689544169861
0.0136065630982441
-0.0736349854089129
-0.814774361648551
1.35295666540354
-0.316656105447244
0.231673872498805
-2.55368086203011
1.42920292350373
0.0546043196220042
-0.214197764361139
-2.72426426050011
0.631064682834467
2.42385777011656
0.537168741448865
0.265814021879647
-0.289097335946195
-1.31836267325855
1.73522028189732
-0.425276834138554
0.516747575424497
-1.17013044371563
-0.296036458502779
-0.0987790020719465
0.154348054001499
-1.35654127759916
-0.787587387908017
-0.322061694079833
0.290021077610683
-0.560774162741997
3.89422646203125
-1.27726010499342
0.811592390256678
0.523806884488965
-0.350316916496765
-1.48509258596461
-0.405947439382731
0.0160777510687509
0.918001191062659
1.74308511625579
-1.50957233943749
0.891819754990511
1.79710336612281
1.00695429487479
0.780845406145704
0.626767475050935
0.100777394037694
2.17655560993443
-1.42053945757584
-2.37007171711885
-1.17952616482771
-4.72113142892128
-0.771559205681329
0.744428483853724
-0.834542153774124
-1.97771551806403
-0.051402799127489
-0.45092458259359
0.577207123293332
-0.314666695473811
-0.367565473005864
0.282535152117444
-2.09446000908082
0.162534085067523
0.668468895882453
-0.698198906559076
1.56347211173265
-0.759041866350648
-0.541218727095586
0.677701278871726
2.11534212693865
0.074304867848826
-2.28585777378709
1.45152401722326
0.841392116301145
1.24805158309276
-2.85301430440718
-0.0387378117342307
-1.28091397511866
1.06076143927523
-1.83904492680953
-0.763787439053289
0.271869831819644
-1.57237585167778
-0.458811480001246
-2.49485752699303
-0.36010851293778
0.156107508006921
-0.552633380114838
-0.736598325276135
0.35937018441699
-0.00950805714576511
-0.915627346807624
0.816612932685744
0.224135950651589
-2.32222343950392
0.0296937289845062
-0.106196379583548
2.1071968354526
-0.214622057198683
1.62505323613358
2.46035275691921
1.01007025197943
-0.650499715367322
1.17586737872689
0.570005708941925
-0.97125579665174
-2.77589327693067
-1.72584070478595
-0.318423349788935
-0.280187388031619
-1.9937951842189
-0.798726055951412
-0.561161668243756
-4.05013535475174
-1.84575142460713
-2.65581612605982
0.185661380714127
1.19727489491824
-1.4656656825253
-0.399260921227389
1.27472368675572
-1.77968984181972
-0.589890153673563
-0.208749404706476
0.640965044139716
-0.770795119446913
-2.0217856409713
0.471097279405189
0.0642788246937989
0.283302598568895
0.233118651048526
0.988227879937715
0.237178011134524
-1.0019491195477
0.324226505435033
-0.870893413466731
0.998963638483141
0.190970577547841
-0.767994152508371
0.683650185618782
-1.50467813459044
-0.386950395274243
-2.26963690094804
-3.25524202816546
1.80725403355871
-1.94362967945696
0.326788899411608
-1.16784122217713
1.33286430543723
-0.58233272681552
0.64168959185097
-1.02199707000246
-0.982417947878339
1.39439560283368
-0.227752791787108
0.438007123202562
-1.16524156820176
-0.137522012988464
-0.135502919593499
-0.698770021322119
0.36188123316017
0.332368405476027
1.48346039383717
0.701622198935251
-0.961341781498348
-0.980361855472779
0.57844106452181
-1.44805792766828
0.546409435040736
0.762582186932941
-0.204970936006425
0.262845314627867
-0.637920740419546
0.399587154329201
-0.126815897610551
-0.770246246770435
1.3987185134345
1.03681079359542
-1.97076135252942
1.96750308031887
-1.25187201302228
1.10491912595985
-2.66353157621986
0.388837946086785
0.411231747277212
1.50717745427578
-1.52455013480038
2.21879305356336
0.250591040794602
-0.303946627582257
-0.381652045725416
2.11282275777542
-2.87334553335895
1.0583772747949
0.574575681627833
-0.883345638338255
0.695881812417771
-0.527174247666557
1.646838083972
2.49450568573763
3.96421500940872
-0.609479986360174
-0.204088836053626
3.50207079437262
0.978677950493643
-1.42576745782131
-2.02308206203184
1.33931291473436
1.0567304304214
-2.53035587155044
-0.171557760841181
0.057815305801176
-0.877455909432507
-2.19250552878417
-0.487633991187901
-2.09993851447295
0.0418371681604004
0.893218693142946
0.206863630259264
-2.23982679117656
3.06281779433465
-2.90069298331563
1.40419065334308
-1.19992517874296
-1.32454440531888
0.850339055189999
0.249401996261068
1.04112182343829
-2.64869406347911
0.659540756466406
-0.450499640271805
-0.868207768567073
2.97918344908527
-1.97846840079143
0.439763909409726
-1.11709596017678
-0.866094809841865
-1.07969578684156
1.16732230080248
-3.26927892649182
3.45794391134368
-1.06392960321021
-0.906936005028709
-0.0269886070643324
0.725665681158173
-0.938992510215165
-1.48280774242998
-2.08802687468428
-0.55173976912889
-3.44978926584582
-3.20028136441637
-0.9668315005084
-1.70402930653067
0.29671010589331
1.2610105589384
-0.222288824570518
1.2358461379006
-2.90229261303337
-0.757442174544836
0.863190307043767
0.625494466737099
-1.80635744267142
-0.294401945707418
0.234207643052837
3.40568732922743
2.19084479735969
1.50128361982554
0.919508328834889
-1.65731164714712
-0.371954534866504
-1.38831867625829
0.74324818459904
0.180505694456364
-1.75900735840387
-2.64808530009011
1.10943175796906
2.11242851116241
-2.0971334026062
0.761962772285593
-1.4336908534615
0.279360982090556
0.346952544048619
-0.211744886616561
0.921114772539865
-0.718204288715368
-0.741082537517523
-1.03045856742016
-1.54486494887691
-0.219707925623959
-1.00987327543208
-0.30054948488811
0.998620585530143
-0.76478061123346
1.2547253272451
-2.1344762006545
1.37100697790914
-1.18312175051142
-1.59226263614823
3.83262625025649
1.20141454312442
-4.10322252211706
-3.16824482931541
0.492956831680539
-3.62254159325606
-5.00552043910729
1.73224328585978
-0.654251345942978
0.766214691423249
1.60729838006476
-0.386305963206573
-0.690600758576597
-0.474953861515497
0.983653527676432
-0.377093568905368
-0.348529235174678
0.158807939276894
0.474974310751356
1.61100859824188
2.18414880817338
-0.182756139654484
1.57749183256489
-2.07345051331649
-2.1806062527559
-1.59427110021993
-0.867233574240041
-0.123913277042752
-0.826875124949525
-1.63353808452321
-0.125939678216728
1.39043859276835
-3.04205114532567
0.830989093875421
2.13227692095731
-2.07984438764417
-1.35179509493856
0.921223306499161
-0.842244660862257
0.702022965155995
-2.54336493824923
1.10470134248254
0.239123467647104
-1.82448495073894
1.5401240392851
-0.136943312229654
1.0471965711491
-1.49765329955489
0.0286509821935878
-0.354306820649574
1.85145292813048
-0.936388548649655
0.118445603616712
-0.773183306899969
2.33145571043921
-0.511098832387085
-0.970536713555107
0.256897863296835
-0.95371476658878
-3.34121185873159
1.76966911842594
-0.51062003792318
0.253272139368288
0.0354204523503646
0.39515742736439
-0.674885992895673
0.422902064115087
-0.0281940506401982
0.597572564793786
-1.50799843982003
-1.31053274293875
1.17837165586281
1.85259695101838
-0.602271770018969
-0.367652569288124
0.643984886881501
-1.33357197974102
3.30052237990443
-1.78289675820373
-0.709034234210053
-0.532947425250899
-3.06574814958488
2.14280111900372
-1.83919053886262
1.36198981866551
0.547386930987415
-0.840067604357349
-1.12571936967018
-0.27044008138712
-0.427172837289619
0.789263936193916
0.6975895198079
-0.123704642858033
0.760931734850308
1.42578160167073
-0.309919712087717
0.133625585519139
-0.537400689386889
1.74273602243476
-2.10071257013094
-0.834295129012197
-0.460940509486546
2.07796909832845
-0.0426442165076228
-2.05042947724898
0.319100664824768
1.73575795002081
-1.48837973444745
0.263714093985834
-0.313493485193216
-0.673321791799806
-2.60532214751092
-1.01406162028548
1.94738682038028
1.01502536785124
0.431241018975552
-0.319908734879618
0.4915924249785
-0.104861485861883
0.746886477526546
1.50371622746081
1.01384787554622
-0.203666492003837
0.814987868917526
-1.10293413325309
0.284219273830419
1.52403660415345
-1.55002822104863
1.00660942916204
-0.588040744101092
-1.40979448737119
0.764830203658483
-0.910524392740979
-0.084452099787975
1.29077893520669
-2.0474610768433
1.94471283045224
0.16190553374777
2.75941272852442
0.273927283479751
0.156187627783403
-1.3117080959082
-2.0262805912951
0.00228988397336755
2.43256685756437
0.16336851980215
-0.828415338549986
0.196633113342213
-0.153480781297529
-0.635865461269548
-0.186605796471256
1.50375915095735
-0.202799118044487
-1.19069857599401
1.63834132124075
-2.33669827686561
-0.216581641136558
0.440127461083789
-0.26408951481192
0.104955383068563
0.949942854839404
-1.41840158188477
-1.72330409435116
0.451257674071041
0.172097943304197
-0.413121875376063
1.68028075740337
-0.787307887956034
0.278949690777111
-0.156711385197445
-2.97054757905501
-1.13743351615899
-1.54668303304439
-2.83244834013395
1.12407491106771
-1.31834101836088
-1.70137897281921
2.8248302237587
0.272802749644837
-1.19457098247335
-1.74055708880171
-0.543494128560055
-0.860988426271893
0.472014806108725
0.0828880672759765
0.26540283562777
-1.76469996333934
-0.419989351331515
-1.59210907818455
-1.72816505435328
0.21530616504781
3.25817336002274
-1.47518171305318
-0.6543370058108
0.294124417327449
-0.893407692737863
1.40202307127077
1.81653791204599
-2.12599097186622
-2.25811385705175
-3.45925987761327
-3.0035314362053
-2.15385810108974
-0.861045383251409
-1.37496310646943
-0.438983582859574
0.129811903905761
-1.04563312588804
2.13954021819494
-0.720143800045623
-0.427571263157047
0.71839379765692
4.68863693712056
4.83077782291598
-0.00766533287403864
0.932304495058621
1.4218981297087
0.239064000029237
-0.203320805586355
-0.327723755091635
-0.60713196302286
-0.111281841771891
1.30465413874188
-1.90041509257885
0.137508962095137
0.741126949004615
-1.38266799078339
-0.198997613446926
-0.21531550239929
0.0561650758115627
0.0571897309034269
-0.845530113028784
-1.6326995419532
0.835228753320973
2.21221394777666
-1.22419425122152
0.654501403025684
-1.206253086564
1.20914266575584
-1.64345084382489
1.74688630746847
0.750399476633518
-1.52175563673237
-4.45977468085669
-0.65784658080885
4.80751787145755
-0.778827436430501
1.02952498062605
-0.626782909433166
-0.352506488996074
-1.43978728668305
-1.89920007208275
0.513096954901359
2.0664828861339
1.60676978139958
1.06901456391569
0.00599181526038708
-3.15327827980259
0.636920957223057
-0.404433560064021
-1.87292484665396
-0.994271712435943
1.99870551304272
-1.05115252052006
0.313398426271409
-0.991739677637892
-1.44045599608978
-0.501564832825374
-0.1927717773493
0.278927547929924
0.989786836707116
-0.329074858766868
1.74781041583014
-0.965672525615953
-1.79094852527468
1.35666465843308
0.746436181551874
0.955521635603427
-1.88885865374905
1.39622106746469
6.03523157654261
2.37867303307347
3.48473914508646
3.81941990647062
4.72687942158358
3.30013648708526
-0.918902025639052
-1.39530229415259
-2.38455491191527
0.95312327062701
3.3905974538199
0.367377347768662
-0.667726828213157
1.19740195885717
-0.0216821834736607
-1.49799073700437
-0.224382368012846
2.62454968395305
0.232623562690887
-0.728032384598636
0.38835241444689
0.309796556161134
-0.112378517243061
-0.832091496707622
0.0924774208489032
2.3318620207938
0.912159898664079
-3.33760319839627
-0.0286013175102283
3.95056860711126
4.72820434690929
0.322267023603484
0.206447337445976
3.22814809975452
-0.546497024338193
-2.2030692609082
0.147607048778453
0.62474600854935
-0.439336893972491
-1.29360287015816
-1.95283938905265
0.532494096096759
-0.0163657850259265
0.636336732396667
-1.06175493289504
1.04050789213401
-0.913397809792491
-0.80765862063401
0.540352979054307
0.328046538479375
0.807651079944177
-1.07513681814659
-0.231715534655243
-0.475938763885129
-0.393015260899008
-1.34959837755485
-2.59846691490759
0.471915289671411
-1.88996509685359
-2.26654064941452
-0.464958946943021
1.03597251483855
1.71340348740541
-1.00488965446984
0.00675001731193293
0.255060822989487
-1.48033073988113
-1.79084773375422
-0.460627107701486
1.03871817183148
0.925176061208414
2.81562154973678
0.699492713419077
-1.29858829868484
-0.210656339169912
1.60354693910359
3.14862939114363
2.2261769608234
1.08897104695333
-0.0767796902450656
0.680921800260885
-0.124266288360421
-1.9820812789428
-0.587634862609315
2.87902793196477
2.96933696589357
-0.952527342106918
-0.46418186962146
-1.61489334264761
1.34053393800236
-0.862203037714226
1.53597547781809
3.33750354795807
1.77043908638524
1.83045735651877
3.63111268383025
-0.592775283970374
-1.29146991061553
0.570498275573526
-0.325034062488039
-0.910021309687289
-0.212468571513655
1.29455555420662
1.26594002795132
0.337452423958085
-0.510900493397278
1.9640757472397
-1.59343761017456
2.03126415760263
-0.14187397138291
-0.0783079951507437
-1.14750610984481
0.45114653620355
1.20456346610572
-0.236003982751818
1.25199945958813
0.47318018830153
0.013702994243937
0.319040143414218
2.47238446268908
1.87551781937731
-1.22686248265479
0.752421852523106
-0.0444675068470927
0.989061111105293
1.58913886291977
-2.0064630441753
-0.978378255902424
1.52773683767414
-2.50886724164682
0.710124008872907
-0.0909386263159093
-0.0812743104087351
-1.05453718021842
-0.694754635334575
2.0781827080997
-0.711439935311514
-1.82016679332956
-0.617508140912942
0.935263720901678
0.678878696746729
-1.36567673078219
2.24219867606603
-0.56450500876954
-0.772332643040905
-0.816237731525103
-0.135491882403994
1.66507622216049
-1.25297642512208
-3.51128161735591
-2.16149244866406
0.140654161070265
2.3364827896708
-0.283845329341426
-1.75894519435787
-2.24543400169922
2.59290300801228
-3.22974440431749
-2.2005986497059
-1.76171157852151
0.250932892510758
-1.24666739612485
-0.379582717619681
0.253567782069249
0.227637538065368
0.673544484016656
1.22613521113352
-1.52277772427092
-2.15204536879094
-0.140192280331586
-1.00871291563952
-1.51218489260759
0.527120168010962
0.0269891443875363
2.21763515623977
-0.635330108311605
0.904713445141829
-2.00602393096083
1.84599942515476
-1.92948334604229
1.27757270908859
0.443221243398436
-0.673148590971912
-0.818483766961708
0.700946990917699
0.899548413146193
0.17230317974354
-0.519478003431778
0.388364021126734
0.124169995025216
-1.09964131579488
0.062764466161704
-1.71114721185387
0.719760517307613
-0.574320529237874
-0.493898662409622
-0.0717115806311737
-0.451190632949467
0.91249520131314
0.819187639268483
3.5130293854482
2.89204527107376
3.82774048783749
1.39868989161016
2.50945428145851
0.976659377757348
-0.491422316267496
0.134217205380209
1.42331928515467
1.64040567874488
3.21689736252997
-0.942231349125755
0.186361234473652
-0.100302236669248
-0.941347129914555
-4.91400291576381
-3.33391531461597
1.00363206517345
3.26531070890306
0.20266306279214
-0.672124907750361
0.917662225881855
0.971514714835134
-1.70736551904531
-3.3175175981603
-2.75622248714145
1.37100110485788
-1.74765087299747
0.120545721008389
-1.02817982877323
0.582528495181525
1.17462079794921
0.861888180314844
-2.97085423627562
0.616862926518089
0.356870807083298
1.91197398925283
-1.31682989738156
1.38695173728657
-2.56784333216147
-1.59188837283408
0.943237586184635
0.661361817237686
-1.78162246032262
1.09968764350648
-1.04422302159312
-1.77186715299603
-6.58469596975306
-1.81435887902431
-0.584382484897352
0.356171445849753
0.000624775006913605
-1.01332699442863
-0.403720599389637
0.628111305080157
0.486291495520204
2.29553551639747
1.48215918467033
0.995879644180799
2.5200807721286
0.0986750431612089
-0.948734039932124
1.14622730883981
-0.675650629569619
-0.216900381404911
-1.33537274889068
-2.63146916579093
-2.76007747496354
-5.11272651283161
-2.29301939444998
1.25137608963093
1.07369030500201
-0.0798520124544579
0.107515476863034
0.563515313776215
0.504092778471511
-1.42130278862652
-0.648257730577922
1.8119241001136
-1.94925160693246
0.111368825584142
-1.25323610269544
-0.701486659109509
-0.4745960549251
0.584993741078451
-0.346787090673654
-0.115093216426194
-1.5221858409822
3.46707712361654
-1.35815573459138
-1.54257698724544
-1.34968260133258
-5.06619220070682
-2.81520214422804
-5.04131920154921
0.480224225125207
-2.29934441290317
-0.107249131783631
-1.06593795717202
-1.95269600854007
-0.634850552394551
-0.178420628104492
0.884680636955606
-1.03859601830727
1.52087864421864
3.4584631175108
3.83759402262627
-2.02408703245339
-2.14795867382163
-1.09681057890076
0.361935211044919
-0.795479037046244
-0.973683650233993
1.20029561659004
-0.987533097953668
-0.0483776157215459
-0.162482800748199
2.86738947736099
1.71449733004197
0.930443344512398
2.57986646202907
1.70955519810264
0.563827157027245
1.17565706507473
-0.759545672772121
1.72354959597047
1.45981264237201
-4.33922985814234
1.66850262148953
-1.37362614154472
1.00118864032008
2.54521688853871
0.369812587442869
0.359509283044447
1.85711609456421
-0.508144123432834
0.447522632584632
2.0207679379163
0.61405737013795
-1.40380894358213
0.189140750125772
-0.808428207503058
2.99169685771374
0.239203686847753
1.41657697044565
-0.449233774161156
-2.98823493775893
1.88154951903981
2.45746189169184
4.06466201431514
2.53550327334048
1.63517382345616
0.113169954348539
0.804202127327725
-0.327138837742502
2.16777751700343
-1.73802748891194
-2.12076669896684
-0.646059147638983
2.18198859789958
-1.82903467374812
-1.79473533079015
4.0834797008361
1.8850715417428
2.16596428846746
3.43081902008531
2.44845279970987
5.10336726176347
4.86435985476607
2.87741026970679
3.05445059714319
-2.07985178991233
1.85847879209677
-1.41017822140802
2.1113705876166
-0.635156205896162
0.763900519250659
-4.12093903284403
0.374152414105476
-1.77100846138135
-1.70106453030764
-1.79024402407497
2.51704778298808
-2.2415294530633
1.4904638815917
-0.392035619727925
-0.398013279799343
-0.866036224810047
1.53071394282746
-1.31414695244304
-0.212295661591821
1.04677263212247
-0.942146493723077
-0.0339415863649849
-1.0006435621018
-0.800135638239052
0.797019551681683
1.03757771779206
0.263066128877728
-0.119485321645486
1.86966291176829
-0.734192721024517
0.605176681369814
0.785478085391766
0.979378082572823
-0.502959165858142
0.585585994961888
0.268817268843059
0.0523625483805094
-0.933495237213051
0.307021767183417
-2.97938019997347
4.34534403466918
-2.81891572222875
-2.69681085928892
-2.19919866942172
1.52435200780174
-1.61512354659252
-0.173143535143454
-1.5078936907304
-1.13308623275891
-0.613613434172236
-1.61258568434407
-1.17594148468419
0.339914449795981
1.06834779376467
-1.26138146390991
-1.04266027059416
0.0872802936184113
-0.740627711532079
1.44986451473586
2.53186912554368
-0.890524736304875
-0.105414114364415
0.733840410869623
-0.952535980945732
1.72338433497366
2.51569003499366
4.43782380119256
-0.362632839946275
-0.632647444142824
1.23852557164128
0.16386408047643
-1.31972648100253
0.533527097797413
0.199381805348167
-2.56778650055055
-0.808496527277568
-0.938610204352924
-0.29686929605795
-0.192538232810435
4.81844209837345
2.37124892769469
0.885732789252373
-0.663832081939425
-0.128972589100594
0.334413446133994
-3.02747533621476
-0.345947107796176
-1.46832954593656
-1.92226769354126
-7.69249545790386
-4.0148276095377
-0.814468794984385
1.99571106477762
-2.2626819959657
-0.221640928184943
0.416265063007787
-0.999651621449811
0.484245497551577
0.45969358030144
-0.795619036854786
1.33683879259101
-2.79238533056858
3.37929055140382
-1.69673767079798
1.59035795195193
-0.242425056062385
-0.383869444539024
0.403997821779764
-3.166120686335
1.47401984187575
0.865527674038556
-3.12318538016949
0.516649716997464
1.77083440585744
-0.567021079424924
0.709297026866587
-1.3867668488447
0.156193171195166
-0.244434138424064
-1.77350100548307
2.66795361959778
-0.502597061090815
1.50668152208367
0.635376029006673
0.500547122362824
-2.21151196790227
2.40545252956796
-0.527441836509295
-1.99677887704326
-0.377065514061089
-0.117882348541524
0.318676112362052
0.285115582236794
1.19139835946475
-0.586696545125468
1.31540875776183
-0.664474021672034
1.96753294110831
-0.155748615736431
-1.09322257546646
-1.92176755954769
4.31897672903337
2.54428643448046
-1.38975289010415
-0.142475922563625
2.7311369215718
0.86033171151568
3.17557937485676
-0.283046266003882
0.71935105489554
1.35846336804447
1.37557712449083
0.687762316492959
-2.8943621676254
0.785701266365236
-0.38662554340317
0.932563824954052
-2.47382942000927
-1.61572701998222
0.748753917327502
-3.60661429746465
0.263781007081404
1.72532233889697
0.358179320627051
-0.140968245561492
-0.518150782068599
-3.98817007027451
1.53590303619302
-0.922130410259447
-1.22341660534937
2.8431632645654
-3.76623473520526
1.07075426291384
0.709847548300186
-0.879974720507897
2.32625940919511
-1.10397875071422
-1.44846625860115
-0.30274200658084
0.947386588420836
0.176250194376463
0.362303213489988
-3.47038125663637
-2.51347021628113
-0.194444852132502
-0.0866237733038282
0.273672100548546
1.88053024648222
0.297757130916569
0.169716487985534
-3.90240100711521
-1.20302729184958
-0.687926484717521
1.37456948182425
0.958846811065932
1.86878256065686
0.106137675058249
0.645337083003092
-1.47199869706528
-2.45556012196132
-0.505497871014488
1.6111093188136
1.17820347070503
-1.36403335383178
0.665933316159455
-1.26630035795959
1.92422661750765
-0.622212125211399
-1.88123026577922
-0.109377234392782
-1.13332249268448
1.09184562861824
-0.0755930007457828
1.28056257007867
-2.77832612744451
-1.52027328807464
-0.0497693745532321
0.764322303831546
0.772742409902299
0.553238125700275
5.66775316551717
2.92426172239473
-0.188656522953859
-2.86518733613836
-1.15417237205374
-2.4600210133079
-0.708551218342742
-2.69236291574508
1.67183718256939
-0.288440563066083
-0.66930088759096
-1.99720793044437
-0.598806622622457
-2.19734251535334
0.0378520977794175
1.07941723769303
-1.11580929275
0.0464259439522748
-1.50804198545948
-0.0363742989651651
1.36532356760212
-1.53131200057771
-2.0390695934805
-1.74239202566681
0.746786074083218
-0.520513770149066
-1.24676437515299
1.34685492464919
0.37009763358084
0.284354684232981
0.883288208440833
0.174545885019467
-1.7320961679121
0.946699057152329
0.629605077141444
-1.99557001726252
1.04617756590095
-0.704910718741404
0.188468268032695
-2.02348516011625
1.53880215364229
-0.0389814495118535
-1.2176327442652
0.649343401858693
-1.42794990205383
-0.900770893594308
0.459893837988752
2.76276123002676
-1.55236278628839
2.28986150140966
1.11838252118981
-2.43636891699169
1.13292248350315
1.55243358286263
1.16234579762942
0.0753582715561193
0.302546354744171
-2.55547737097525
-0.585965462576237
-0.867358908421194
0.480043694972863
-1.54612827638473
0.363028188578812
-1.12809090817356
-0.978968203615281
-1.09227939412634
1.39714546328644
3.05767789589392
-0.280709486291818
-2.05950572781933
-0.897992877813615
-4.30481013141991
-2.49980764958126
-0.0616130788586158
-0.298127936484755
-0.842698404577071
-1.16580558170878
-2.31009482888055
-3.0383504930983
-1.38836104685614
1.44551342345151
0.598756361845354
2.20509879472407
0.840603594746649
-0.838190154421941
0.041504627977018
-0.0258211658036481
1.14215583156326
-1.57464694352184
0.579239124450427
-2.79014994617252
1.20995523402418
-0.862330327435692
0.990898537108727
-0.550546185263167
-0.165018286413562
-1.64321930041426
1.65137804308149
0.137033802979014
1.95018694281872
0.119787745557253
-0.85219569520499
0.536158299746274
0.523469879839207
-0.92542286707037
3.95728450608806
-2.82992540786349
-0.189525495257245
-0.125098758692226
-2.21518206270095
-0.338671290961112
-0.0298611820894341
0.32466260952301
-2.57731304894463
1.88180181843943
1.07927655707582
1.58280314215708
1.49103782645298
0.853157014393436
0.863166925939149
1.56254954090501
3.32392663096546
4.84241715706934
2.26461997406351
0.326685543641407
-3.96542832049793
-3.64622748918559
1.96157128728326
-1.9320777001628
2.68907785874374
1.27748692022862
0.363246694331055
2.21054133330553
-0.475320251145959
-0.109818723043065
0.319302100059844
0.94630405514017
1.11381413234573
-1.05824078857479
-1.65049960443433
-0.390375689665868
3.10207728900927
-1.276833419771
0.553525690387639
-0.265332503694196
-1.97089365426037
-0.254280835420248
1.59884322480028
0.154788029287349
-0.227152072184139
-0.215887324705113
-1.0661756364313
1.37955066238881
3.71022149279904
3.62580344587429
2.49439359410881
0.00896803221082876
1.44361075576696
3.24347707744332
1.26159094078464
0.267782563050997
-2.03964335165443
-4.50924000504844
-1.5533367364274
-2.03159411097708
-1.89255334121841
-1.41356222234713
-1.85110485612354
1.42052409663066
0.627936136136239
0.196004860520716
-2.88696945584796
-1.56331817235124
-0.028310485112664
0.37660003080401
-2.79222956052504
-3.64285095390569
-1.60996043224976
-2.09879128770354
-2.80287319942937
-0.360580107379329
0.813072273277611
2.84145823041331
2.68035287594894
-0.348535839656189
0.456881942188757
0.343064822735714
1.04461684007137
0.916081524687738
5.68551177146159
3.12378729198387
1.16740973422632
-2.64587821752136
-0.297317105962748
-0.376506846943448
0.782903107023446
-2.94338264051157
-1.89632358009462
-1.06415000389473
1.51740533386081
-0.794301027352837
2.4380703221307
3.17650581972444
3.4944503127406
2.51707482623459
-0.126562756284913
0.416351006668807
-0.0256577026690104
-0.79162700944064
1.30340688000345
-1.97576725388092
0.940126359428692
-0.00364391436683251
0.722155477226421
-0.423796487044907
-1.74232019917907
-0.141548863971868
2.13637755078537
-3.23316328046023
-0.154600645832342
-2.79208174078955
0.929584575369944
1.48453031049417
-0.160947074068397
-0.865372826213818
-1.52368650996586
-2.43734046260523
-0.435665040550618
-3.00147205929858
2.16440476566588
3.59483874267735
1.50599261865518
0.864149072620996
-0.507959980673117
-0.16047456595119
-1.03158158827723
-2.5835578907903
1.72485717400603
-1.89816611840274
1.30231256394597
2.08516604885759
-0.464327900167591
0.294117176100328
0.701873373911822
0.143406960846342
1.69874126835605
-0.736524253763926
-2.85283933636876
-0.192758458535228
-0.747448839029569
1.21937226034102
0.105530717525543
1.63330066798018
0.823831845213059
-0.99907688315452
0.732126383629778
-0.293606947206282
0.662935409274215
-1.41707371035756
0.855106392293011
-3.43520062714036
-1.21456758000316
-0.534958674258603
1.09809761935127
-0.39600347407845
1.14052362504923
0.747452517858065
-1.55274562720405
-0.138655895275729
1.93215881340336
3.21469708798289
-2.0437575095738
0.0343969312938008
-1.50457524218217
3.14519776882745
-1.37220110343897
1.09841380369573
0.829882841958429
-1.72173977557649
0.292985081802105
0.101231103472147
0.509845743290439
-0.603179137562294
-1.01098300951938
-1.97998133294015
1.83761736937412
1.50460015267331
4.04428396228008
0.792000207475688
0.975862631271672
-1.33057614731469
1.01839550566082
-1.40094340012749
-0.969980363168044
1.33736475273362
1.72092323206284
-1.20043746035147
0.348186341833676
1.73685939654927
-1.2074159979683
2.76320247909335
-2.41176640326119
1.75414516932556
-0.427905571688187
1.6301895200924
-1.18251690230012
0.36132626630428
-0.548188715157436
-1.82097300725736
-2.5495702816689
-0.856735761115308
-1.99086588381897
-2.86907669275228
1.63912899726847
1.03156612531627
0.842250686492817
0.627822247489362
-0.00148983947541591
0.0311287115405378
0.49900208064171
0.572805784669178
1.0999569821139
-1.0681630268597
2.84419993826654
-2.29249032755877
2.72389406416448
0.942985400245214
-1.62268726853807
-3.776709348091
-3.70588134750594
-3.31006173814969
-1.15496469177902
2.49163290251063
3.66871763141803
-0.447197217512833
0.83241393954326
2.52696342482623
-0.242635926851775
0.853611348820019
-0.789213222367716
1.62844235311983
-1.26930712712301
0.409865249219212
1.03518054836542
-1.49728562940518
0.966563376457468
-2.3227785801532
1.39380586630133
-1.06374884779051
-2.93951115891792
-1.75305439585842
0.433542848130976
1.64984000597128
0.439093771672018
1.28003604564625
-0.903953252891033
-1.93937257305935
-1.65085733907445
-1.48139872977558
0.00814327166630163
2.05505186277589
-4.01928675474109
-0.964426987450941
-0.360510298258297
-0.261284194214783
3.26770026117536
1.81647561140759
0.616653115496095
0.69139377283939
0.155767064606406
-0.0365846718528279
0.586254619566224
0.137448209371305
1.24343400628934
-1.88481776937501
2.13633092741385
2.02856617818073
-0.00134027667478709
2.61425624141036
1.32739562221777
-1.73489862071294
-3.7158552935042
0.703343175526196
0.115899655948607
-2.07925201750811
-0.0890137220913243
-3.35980478427896
-3.86008604254596
-4.10433520399026
-3.35697215060588
0.0400909787041255
0.69885422901833
-2.78259027855483
-1.72109281801488
-1.79042144991238
-2.08896268154127
-1.40698943316655
-0.999875534564917
3.26542658902276
-1.29409029168364
-0.654657124740983
0.0458972885267523
0.941890983662935
-0.264928132480172
0.751901522294138
1.2733949961692
0.144949350536052
1.11814149008897
0.789970566373842
1.10763998463906
-0.890255710080478
1.02003310707928
2.7658583390391
-1.41596768504655
1.369008425903
-0.531227243803077
0.19856458288153
-1.85991155859195
0.222283321814116
-1.31117040992618
2.21462371888275
0.00118695406740998
-0.507111984266053
-1.18878352825386
1.89154139146795
1.71261787131529
1.24387654385483
1.97204569165389
3.19587150966715
2.198531092965
-3.13482735875295
0.14105573944292
-0.9648731214187
-2.31898580344887
-2.69746491978754
-1.06455922729753
0.11743523060457
1.59486527917308
0.611116328310875
-1.55795257457791
-5.56412428674014
-3.78463219078221
-2.56942516781012
-4.87075870663208
-0.841412850786055
0.74453808710828
1.7647920342725
-2.48910217368968
-1.70792787027801
-5.30530886854111
0.0958659221539109
-0.720333632435164
-2.0697368004869
-0.296362405535278
0.468907640640774
0.950544287667451
2.91793915149648
-0.879368527431093
1.95192159053489
4.86372039222888
1.95745595698367
3.53669375112575
0.816542705411795
1.75569961090005
-1.74796770777444
-2.30356021189554
-3.01110779840258
-4.07323477264243
0.160860556584101
-1.71791756650157
-0.0118955373847131
2.80128936398089
0.284476356834893
-0.495124560101934
-0.858322640588332
0.0565988666508402
0.942206377449991
-0.0173505905836492
1.73136614323165
-2.54611021731913
-0.734711392148491
2.46899885917388
1.25661896639683
2.03773880873015
-1.0268793917339
-0.417807751838269
0.511743566554799
-0.761223441320669
-0.849072974693427
2.27965249315404
0.396095920798726
-1.7587942367954
-0.633889714252931
-1.96209188113722
1.1147893210298
-0.588196232929121
-2.40458203802261
0.462662928956439
-1.63804316347745
1.27686309107895
-1.94850481036134
0.937260745295215
-1.97492441672216
1.1030916972692
-0.963794037466047
-0.686884536837746
0.616973933553317
2.86254063488238
-0.637517451508013
2.48753729071843
1.961802444159
-0.555132962877356
1.28186055346585
4.67252619706117
2.27851238885329
2.30796244701289
0.793751960534574
-2.27195863267932
0.59391997033674
1.67303772370987
2.45228852159709
-2.09963442539208
-2.69121025031618
1.18071234980005
-0.0326732448473369
0.251702857885799
0.806265592498774
1.03178173930026
1.70930430013603
0.38575030171468
-1.0254538709324
-2.10260583793481
0.710491973637914
-0.133778292335337
0.585932382674982
-1.9182304460527
0.49624959885126
0.135877311922599
-0.0290972213270885
-0.810334427969468
-1.75145310377629
2.48511374627653
-2.30579823734379
1.44848387082716
-0.133965279868309
1.49262929052832
-1.51750211840813
0.575163565374043
-1.04912676027211
-0.882323466613073
-0.937631314088169
-3.27409262054711
4.0325561948616
-1.45894012511175
0.180171938699272
-0.121008361666377
0.0660115270394071
0.0597241107350327
0.297666313872189
-0.720071102199626
0.787399251694957
-1.65210226496231
0.365861950815481
-0.40531247592674
-0.83852938426554
-0.224806834387618
0.699473349616385
-1.05119260067781
-0.580084026303768
-1.83352273421972
2.48595612934769
-3.32430936492604
2.07079364114559
-1.00437820596671
0.31824056605417
-0.337642866232125
-0.561276686694229
-1.17382367145494
4.7139157591206
3.37614813079477
4.76908396632949
-0.173180060560811
0.945457101135076
0.489557069638056
-0.540083308513157
-2.66235244534431
-0.439813318047135
-3.61212599737072
0.796331713142601
-0.550172675593515
3.35288958824722
-1.35711000171783
-0.581795555759359
0.443188677884658
1.18745278364088
-3.09369757467531
1.74792841805066
0.52515112160313
0.356829610873447
0.834185410525385
6.59635106629655
0.897172323620182
-1.85310529380741
-4.18500309902539
-0.0443952147783405
-1.37070402244802
-1.82983459191428
-2.37419713373188
-1.37196744842261
3.90471858432146
-0.525243783026939
-2.04789692445274
-2.67236866611073
-2.22167381828601
-0.0673736082038906
2.7892171319857
2.93114062090498
0.401635455390831
-0.717360452365589
3.88769355723884
0.833643991113213
2.48186091170673
1.00615064935869
-0.490764989824758
-1.27790709475031
2.980779125182
2.80242526401634
1.22082942837971
-0.00519883662165132
3.86517490373921
0.258036772327019
0.82094161594983
-0.412469727584773
0.506950700881782
-1.37785927543503
2.013890506065
0.0594903726145018
1.76251171585689
-1.85671114100104
-3.64412000673619
1.40703027368549
-0.17397968192461
0.546519859739595
1.48746122240819
3.33453816901651
-1.31833863446636
-1.02055920372995
2.26271409458182
0.80158048932086
-1.75751495598013
-1.14227843835802
-1.45823027669708
-1.0555429745408
0.613017713088074
1.19060833166153
2.9649379433088
0.756414953091721
1.57756865300567
-1.80899654387815
2.75854170739617
0.315147561498693
-0.184995512185774
1.15600317837428
-1.64996787781925
2.3885584831018
-1.06701471744146
1.80776255509993
1.11063030964228
0.253318464862386
-1.88654961424517
1.25138877712992
1.52726090655003
-0.65207948323329
2.610892408137
-1.14612592617725
-0.984106074068295
2.21850066320378
0.1811644879404
-0.293709791522644
-1.21967170123786
0.969305307746674
-0.401140554137707
-0.797199340244731
-0.283298593305699
0.0355948598908262
-3.20755452768549
3.30907961108502
-0.186026007722045
3.41724271808876
1.01922104504511
-0.311393920815046
-0.582212761983165
2.73129956135152
-1.77311971776568
-0.609322775226583
0.18800361894274
-1.54227208014477
0.603271705109839
0.96946253106632
-1.21356030493905
0.1097535542863
0.294765642379709
0.70373551956925
-0.140966663717085
-0.708342331311444
-0.571013114724654
1.32404911928037
-0.97042222334254
-0.561991897192021
0.0781342862698285
-0.142376154708871
-1.36668009904905
-0.313710822837655
-0.0324494536159551
1.21597318872023
-0.821575861310777
1.32564537041056
-1.14818782161741
-2.70668003085376
-0.43005803691333
0.30586564162964
1.63345477794251
-1.12688576507102
1.88090880909158
-0.193044945933198
-0.0307997767012603
-0.811517471277861
-0.878243917836119
1.45023317573636
-1.31950120679471
0.522065725670217
-0.136887849284208
-0.642263054957865
-0.213071884720233
1.90180146385303
-2.23828555504257
-0.211957139239868
-0.242029408042945
2.29281782295781
-0.962374798836756
2.03487680378764
-1.14546334945273
0.640653364187661
-0.709092222976383
-0.034128091173733
-0.704519338084047
0.854732568871367
-1.33853562361319
0.441628045266573
-0.756002217792853
1.21826491955506
-1.57214390191883
-0.0467113058882438
-1.02559576914205
0.425618492338931
-1.65032703911612
0.400748746308943
-0.676950776347385
0.0423375078792598
0.69161990642163
0.234285829177426
0.767507215004422
-1.23178997268335
1.57104228193237
0.835953608692201
1.28471736509915
1.4265998918034
-1.50253221129838
-1.65642814884803
-0.944963867469758
-0.271078539496655
0.446735394861983
1.52561896676873
4.37963449013261
-0.991097009697965
0.386128876405679
3.95592545338974
1.46324753390698
2.55459877233457
2.57469621112471
-1.09140969710551
0.970946542161874
0.212093496408607
0.585689716008187
-0.0607956842893306
-1.23783208555147
-0.531446176144197
-1.19817505073029
2.0839212154229
-1.48216705159305
0.156593301104019
-0.525991751993659
-3.54586962692281
0.605218205546571
2.34055908260857
-3.37669776490719
1.38552230704742
0.883963060499971
-0.92337658096375
0.793690583874011
1.79443679435449
-1.23925436052388
-4.56109970782548
0.119397137104793
0.827916863076439
1.31402597389201
-0.423265619795209
-1.8234540010059
-1.34302430464794
-0.555881305198538
2.80896827702516
-1.90949726695146
1.52182354382978
-1.64770907434356
0.295220903355389
-0.775973108211617
2.4132932050446
0.187834973845965
-0.207018214422839
0.627931517948078
-1.57837262380825
1.91020122432019
1.65168738232247
0.517723511849684
0.872599018850443
2.33768867026167
1.04561894334778
-1.90225383870454
0.220246510823796
-0.926628077587684
0.611309502638599
-2.45347339849134
-1.19998991417119
0.751264700569242
-0.453881948499327
1.0916240058696
0.413757454131996
2.24344811475413
-0.74756528125112
-0.977980919673005
1.05725728746049
1.70584522250329
0.0293261982931327
-0.453813324002245
-0.392121489625767
1.23388097947411
0.782402954932078
5.71961924399289
4.98448805203354
-0.271895896199368
3.399374418702
2.03576540019328
-0.504851554722553
-1.28328441834292
-0.353220294828657
-2.75878453940612
1.17388298535966
0.271106442344746
-1.56676318715022
2.35741577695488
-0.97798439482042
1.52487172375996
0.43804331424505
0.142613218176723
1.32195740873514
-0.188324959777409
0.000769828925072213
1.12855660811292
-1.51552057215484
-1.47480628751697
0.369789799828511
0.667560343563349
-1.29170554843218
-0.96114000843637
1.72775552442431
-0.172035871444662
1.85384136042227
-1.48777483404372
0.753084814430394
-0.326440250471047
-0.994581279498298
-0.390654007372901
1.63923196402885
-3.02975813512071
1.90330030060299
-2.34986105190475
-2.32092509284199
-1.1828824787762
2.07607378542775
-1.33601757769582
1.11451994597137
