-0.0342403958779514
-1.32538018895588
1.42504554037251
-0.28180185027107
0.606596866979251
-1.9240919135964
2.18831111220578
0.813176273775259
0.275025754336631
-0.00138881602673572
-1.50838604213464
-0.0168125845366212
-0.200125771718077
0.0292116583359803
2.61639022480779
-0.471031932096391
-1.95621372071209
1.88013194191088
0.125780669316321
0.81878386370644
-1.05327167213092
1.17665424211347
-1.37150780541454
-0.850220930741356
-2.6012354192639
-0.0493408919737708
0.306086872323093
0.247896720717578
-0.701990511988113
-0.871377419852857
1.36961729070354
-0.0206224058617898
-0.100289430202489
-1.59960766364414
0.491429812589283
1.94825117687171
-2.7103866525425
-2.79197579287418
1.96257996947113
2.70796450839607
1.62966906373954
0.357698495934327
0.985207109742551
-0.921397767794493
0.77521955971005
-1.06897088627622
0.5613018144547
-0.682742135158339
0.427848865678169
-2.82251235743048
-0.547740582395913
-1.33136655231875
-0.278775718844352
2.04205700884681
3.30670471701617
0.573514019211647
-3.09891560311373
-4.17450888021556
-1.33851997518749
-0.981947215465868
1.4216014112754
0.201758519786439
2.37418402996967
1.72785503926681
0.836419748437935
-2.05203204355224
0.993680442510584
0.440841112113835
1.37065591376301
4.72607180791666
-0.473486717069741
0.0265267048860462
-1.56116177192036
0.755271342864929
1.46566342756895
-2.06779094633477
1.0057177029045
-1.14319656510666
-0.0162541763211202
-1.79194495405889
-0.104402978320183
0.230942795213662
1.94528952178344
-1.70883711154875
-2.47376594308755
0.961474351934553
-1.9725673907704
-2.05364566175727
1.13143015639813
-2.82683328000024
-1.12411487377875
0.532197503459962
0.549009287645503
0.333088220970105
-4.54167017250432
-1.07496406935249
1.70174870527614
3.16101993901217
5.04834378689557
3.37736884379968
0.489425897203095
-0.755332653528607
2.12107990722325
2.26687325423273
-0.22378285170823
0.455306876262749
-0.287058649110864
1.12122326892878
-0.810361323467294
-0.178370609277468
-0.0313053125103457
1.13369184445797
0.949164389352677
-0.464469679738916
-0.275425649638037
0.365242012691833
-0.848451272893474
0.601290228357956
-1.18693368661016
1.3146366577178
-0.890932818330626
-3.01915297890805
0.436073950636082
-1.50631479671841
2.5292135745661
-2.42327957807026
-0.780912750297806
-0.0175183858188363
-1.18245994273075
-0.209372718591816
-0.826093815964271
0.565412648161877
-1.20295714201746
1.36741064066801
2.80838438367693
0.958287025401864
0.302817890023657
-0.0113062511908773
-0.204133651350775
-0.834860318142987
-0.777734870455267
0.0939612804373525
-1.69856188409544
3.27601272890248
0.445473439029018
0.957115010368247
-2.3752960062329
0.473967910263454
0.534116360399989
-1.41255308068789
0.361070153963315
-3.96383955612502
-1.13779013375974
-1.07046664545374
0.814245202110452
-0.681740410624598
-0.473023081585961
0.684284786291311
-1.67605693879724
0.715688488670825
0.518851325551674
-0.393362978403989
0.377431940755497
-0.386897614697199
1.44099745961348
-1.85946393025137
-0.470532496191772
-0.0476805673126023
-0.85727695845234
-0.233005040167277
1.50215239269321
0.0767667064784763
-0.687079463457687
-3.33924032210366
0.211996097024068
-1.95828858057281
-1.06765144789104
-1.17327718034681
2.21781014102705
-1.53582986642551
-2.12351707899675
-1.70530398855359
-6.20346454103284
-2.55705019227729
-0.857809341553147
-2.6602748451054
-1.01622240912624
-0.87117089143205
-1.29277071407049
1.33039992253449
-0.303531782389568
-0.477807948889583
-0.570568466429486
-1.51974778713913
-1.35386525193687
0.495436235413453
0.652074415133228
-0.173831999393054
-0.198985753535675
-0.410313304771047
0.966475966351428
-1.82332543995516
0.511988783827004
0.646243188928489
-1.68412601248611
1.2445131778484
0.609249329886011
-1.08814133606856
2.27462890405023
2.25343345096555
2.83486990963383
1.03564744142137
0.28354848341023
-1.56350933001075
0.702743151274271
-1.0226892105668
-0.814067199785668
-1.35834308458538
-0.447606405220878
-3.35253753631042
0.601765111723857
-0.162235536552712
0.468172593000686
0.141510333519833
0.136323103811315
1.12479166702042
-2.62864622477633
-0.843774838372855
0.661196291591713
3.31402810553049
-2.83366848763054
0.724770337123668
-1.70730525554686
-1.08818239493258
1.33064832491553
-0.570456527448479
0.0392964424814197
2.23226468894192
0.490178362035068
0.820726939471726
-1.86089312878976
0.142641432780846
-1.0066437194132
0.354948384449441
-1.11193996733351
0.772000602719293
-0.560839327274878
-0.194516345311565
0.785791663801159
-0.00111639964468403
0.00530176529331583
-0.707664788877674
0.596286521180223
0.821895176565325
-0.998534751942185
0.451666910734947
-1.86510139579028
1.24035953673482
1.17522451430515
1.18372029611307
-0.0135882423454644
1.61547139675847
0.383916676957775
0.911520173186498
-1.72690055585551
1.15623127255909
-5.14060874479924
-1.50043551377626
0.483810064221853
2.93485016316451
7.929944348655
4.12642748397226
0.536545351717509
1.25843861670802
0.860648459216158
-2.47102450361259
0.99143434760429
-1.4961638178157
-0.528746717641172
0.723045112665571
0.0597517962805857
-2.01456034737951
0.862989683717488
1.90175379100185
2.727037820389
-0.214136506765896
-0.480405028796387
0.525462852097196
-0.533521575895358
-1.58681884717726
-1.30609424738826
-1.69934474486721
-3.25038353147031
-5.99753228259044
-0.778684242299039
-0.582349732633347
1.23454917052429
0.962220993816961
3.41597237996639
-0.68661580078479
-1.20217743361308
-0.149561804031996
-3.50663146925145
-0.493850518920039
-1.60809308209072
0.404426388701772
-2.30760153914023
-0.28423747715199
1.79891347054426
2.32175894603172
-1.77779749309468
0.808766323158589
-0.953347973920265
1.92007703341011
0.781440008730076
1.54915159456314
1.84233041380492
0.459514865807368
2.19177684040105
1.21088829458829
-2.0667311270385
-1.05884427621059
1.0082923078668
-1.58380634951648
1.26281997120708
-0.393435191318134
-0.202047467035844
-2.22279165319883
-2.44010051957636
1.68071171983506
0.126068830917647
-1.76029883802508
-2.80961719540193
2.87760482815736
-0.800427510371702
-0.778620711531786
-0.492106631344177
0.461427456717016
1.64807816354407
0.824851939624134
-0.247445056931053
-0.924576800370954
-0.534096131508732
-1.41036014223409
1.4062312989451
2.46814375830471
1.68895371844204
1.0785762664312
2.04196769861099
0.12324379434729
-1.28411427935987
-3.68997715117888
-2.73091870210589
0.783074290612305
3.72642304889227
0.38312301773546
-1.15484614740631
-0.91603161819885
-0.964140652264496
0.450413065145916
-0.50403168355964
-0.837965574657215
-2.00614933304652
2.43889125442725
1.44977841524934
-1.12789055640592
-0.311358224659388
1.26590578795058
-0.221671427934684
0.833190882698365
1.30966264229188
0.896849457921941
0.18007062348457
-0.335350550784985
-0.432006482564655
1.09996786888334
1.58924431871778
-0.756139780242287
-2.05058094752342
-2.28772772761716
-0.817211023003353
-1.2027833762243
1.58322071435568
0.154215577763977
-3.77127219615788
-0.285770024881839
3.45430651467507
-2.13095812127259
1.15724012262611
-1.27950585763688
0.54170148324245
0.638812890196609
-1.76891838731977
0.920366721902008
0.894479367638644
0.825291524501944
0.444627438329528
-2.1909268985033
0.767547275012194
1.77375166434351
0.139755998503045
0.949056800667035
-0.158812972038625
-0.885735624133275
-1.13667461158826
-0.592371342583945
-0.180034789412397
-2.96522426680159
-2.68318589125201
0.350840054556008
-0.326145968777015
0.137017925241251
-0.172182094705195
2.33691817747602
0.0963320892634805
-0.61186012158194
-1.20661952552108
-0.801421107717737
0.854874751784789
-0.887658444209846
-1.50905969575723
0.141839690452256
0.422380621067653
-0.602823688221116
-0.515557292860565
-2.78642598340826
0.497696846954845
0.0520869328975099
0.713453326969553
-2.36526844502597
0.104806344224316
0.747667038801942
-0.163514115606618
2.32713853488178
3.51833874871148
-3.01303673591605
-1.39109201978415
-0.109913693674148
-1.8082977002243
-2.49027809733326
-0.157905911629655
-0.713444883199809
-2.64263454062576
2.68168774758413
2.24120061577586
0.514147775653782
4.67167791451288
1.33036956115497
0.976497961922275
3.02510444409417
0.175746123702829
-2.95837980596223
-0.206740522919181
-1.52142612100945
1.86507479229368
0.665467797546497
0.0493104038659342
-0.772932392285215
-0.736230556751284
-1.13976669987243
-2.32641516959051
1.82266602560253
-0.566677334071698
0.713636250124154
2.84128572112988
0.205851286348139
-0.152205463301999
3.54306623390166
-1.72387381337281
-0.186481023935736
0.943063476587996
-0.892536302832848
-0.554532889641475
1.60557812558447
-0.845473663230088
-0.180346356377137
2.67032055308664
0.239392024187782
1.32230762832707
-2.22056190934388
-4.43380200221004
-5.36906711166983
0.000901135298328984
-2.5274744580621
-2.14291727550693
1.6180392701665
0.763350277029003
1.78058563963356
4.36124160815309
-2.51818065466432
-0.0173053625413784
5.03083332573194
1.47458596375651
-0.327894339182234
-0.470529526135374
-1.03943708514476
-0.85494313443865
-0.0387405677433574
-2.03525512742579
1.62203753970846
-2.72882202331231
0.139450979907492
-1.10459262272573
0.170401373214151
0.332388288497799
1.22569359002597
-1.95481654362626
2.05230471224345
-1.40819975138512
-0.143835776349615
-0.89320275272144
1.48553465679345
-0.47619031962392
-1.32622901494879
0.5642962239395
1.66542093797062
0.112562873432677
-0.435179447041816
-0.0273695000834264
0.403473851951945
0.653360416032925
0.959087765737015
-0.561985457718818
0.684761222596772
1.17420410812805
-0.737133979152649
-0.0321195754813769
0.522240324952847
1.63153648802576
-0.935165515327442
5.95680889826346
3.09112390350951
0.47192700525427
1.04139122675285
0.277818128917218
-0.621403875337963
-3.13801083067009
-0.772133945345195
-0.653999176659807
1.54789825560342
-1.17020120669761
0.972153612946965
-1.55515025119667
-0.575146077723844
0.449742501057602
1.65276639793415
0.492857543173519
-1.75351923654954
1.33607994531513
-0.423778129084348
-4.16036512320734
0.939710679135691
-0.160551640710307
1.06336367298761
-0.263426716934011
-0.247522608304228
1.58418635978988
0.93525490102084
-3.46078637821953
-0.730804535860768
1.28722152519378
0.505729702657802
-0.598668728039054
-0.735105197698319
-0.480841511726398
-0.0250208638582794
0.316696632364064
0.396421798545596
-0.503044007243636
0.837639175633772
-2.27053920473979
1.40497582608485
-1.00226038753176
-2.14517125453392
0.94929938570101
0.957103442786175
-0.0974893027977297
-0.495070166066389
-0.385692872571021
0.683971035998932
0.926782248710469
-0.0795358193410456
-0.491688114742983
0.00474317714919033
-2.64586982662652
0.477120060522334
0.546984951840416
0.903796213905753
-0.568326480063181
1.40470456320365
-2.26819055836748
1.37388871008309
0.750357229502973
-1.91414574421707
-1.11700003653366
0.316582036236588
-0.923796677151442
-0.871612703366322
2.3875461831188
0.0428876424366307
1.3627743131329
-0.0891479297212054
0.911860817859695
-1.60913668776591
-3.88586761692028
0.191208297483152
-0.423729396659476
2.57991435211299
-1.8446833970778
-3.01913477760487
-3.16397840097733
-1.89208344181781
1.80295581561388
1.27187441702965
1.63783744089772
0.299026122231173
-0.69463489604501
-0.338142135264482
-0.81901633930517
-0.214300003687458
0.148472116221998
-0.536998582590575
2.36581613351276
-0.165546346126452
-1.78383102231555
-1.62368583536691
1.65025753993545
1.89271773060889
-1.42191583265806
2.26065075928191
2.01209686670228
3.61430448907005
3.11112613297623
2.58972545066472
-2.44426309065813
-4.51830267185134
1.59721056814586
0.0601108827028658
1.73796928352386
-0.489304882501118
-0.406735405540756
-4.05337869547228
-0.61411187119154
2.04161737015504
0.162560104955746
-1.27916065309488
-0.505001929323776
1.28676983467032
2.79339562399797
-0.385781785204117
0.512744291379765
3.13942025127503
-1.24686847056158
-0.855381392623133
-0.666179290124424
-1.93823200852042
-3.51824862553588
0.567213905134719
-1.13201994342422
0.201083417320696
-2.26971297524964
-1.41774405686044
-1.02472104326821
1.34191830359086
1.63191726618246
2.90810327789509
2.40407192376664
2.84016728077379
3.4886803911779
3.30318696281318
2.22962442828971
0.285238632980439
-1.40554519070471
-1.08819720384086
-1.74090518976294
1.25447121532425
0.901605403342682
2.19130135406483
1.01833716735587
1.06167814814322
-0.384549849551158
2.39647135859609
3.46855207782331
1.87452340523962
-1.67023182930978
-2.97770590917939
2.26889363530172
-3.78676935845575
3.44684904199922
-3.52076677475049
2.16475557274089
0.16803148764722
3.05816508108612
2.48144897820405
2.33996471440089
0.521427169725788
-1.20575319642215
3.50084272616008
1.14958532940392
1.21620611643353
1.64289753086077
0.808813808055584
1.20404150653517
3.44593559042225
2.98172565836065
-0.164440245066381
-0.159073683479407
-0.909448338316854
-0.532112505309849
-0.437734726162991
1.79597327066575
0.299880217733776
1.8779811839407
-1.14987802515538
-2.17826203052901
2.08948018499795
1.90437165929824
1.42045718135052
0.9623498730818
-1.54967808549399
-1.59614983286077
-0.177654423816875
0.0326568479041839
0.318088895460913
-3.55614745111332
-1.64279116752522
-1.83008460886437
0.239292815154939
-1.21831552647914
1.0421929083927
1.07599927005224
0.336852821829006
-1.71175403226613
0.220808690949773
-3.71072668839103
-3.18555295210191
-2.08212154189689
-1.21189223279591
0.578990588749443
0.57844705868227
-1.05621800504254
1.41244436421886
-0.424074863836529
-0.140220185695704
-0.116477275670049
3.51157149742309
2.95648645448033
3.40999631316649
-0.190705430305435
-0.511577835611366
1.0498156779093
-0.273322562542936
-1.46495623989146
0.914122645354148
1.12006146193151
-0.98215788569321
4.23047812762438
-0.605922123996273
-0.0654215777101254
0.782177525682933
-0.998494689132365
-1.27055588280428
-1.42766775439935
1.92662372478865
-0.919779205954735
-2.38125868742743
-0.510711941636162
1.9122169690018
0.2994921222833
-1.09557389917178
-1.05823120058012
0.648803728981138
0.675944342018608
-1.25521639893011
2.26321285131794
-0.0870504234415345
1.20446183565871
0.87854745904622
-0.428855922333227
-0.459141009913989
-1.64755051525202
-4.11583379121116
-2.77970577328678
-0.437790619058967
0.136511348281647
-0.423474466628368
1.10219281817168
-2.72848411407629
2.77938243483767
-0.00426905109669022
1.05426879330978
-0.599990358796847
-0.0702986441634545
1.19038705566387
0.459154718472762
3.02123841651118
-2.28364555696168
-0.631230315547672
-3.74869459365964
2.51693905150709
1.34134599950426
-0.311188796297799
0.657113270611913
1.14832259976131
-3.59057813461665
-3.00419493301456
0.463465026213284
1.24662676928828
1.95636883036303
-1.21773010533902
1.23188527906112
0.647425477500427
-0.892529406353891
1.10941043238859
-2.47991152814109
1.74783831626003
1.14893032034103
-3.58255627814069
-1.41573540468881
-1.56167185065379
0.962918223230779
-2.43163285267562
-0.236907170191669
1.70853432542447
2.20634910143231
-1.05612374702105
-4.05525533288549
0.0339170752286977
2.29970831337841
3.203743044352
-0.171974401657312
1.90754251029551
1.17802551639483
0.24706587460452
-2.50301952921788
0.934281735919378
0.816149535340693
4.56710222525953
0.483218208204589
-1.25100664075559
1.08478749789504
-0.95619582222507
2.03768133172786
-0.4631910823237
-0.104457989077656
-0.196122451687785
0.68813628856372
0.0171257766756324
-0.843125080414152
1.33187364190015
0.751643114656841
-0.806584915952536
-1.19836068266422
3.34490448489624
-1.23654818426342
-1.47425235836901
-0.618396377189303
1.89780352113593
0.545998852035643
0.114400742466822
0.635158065014391
0.446816242120331
1.21539923513134
0.677146384491319
-0.567094742428092
2.49969882112674
3.14784289847872
-1.32023569754015
0.600099049755989
0.189273406194899
1.35232273572479
0.341018767830981
-3.17389535309941
-3.04315853645741
-3.61248221428637
-2.82371930120572
0.830350143535652
2.42402381270269
0.0471118611209956
0.605856711477781
1.54840712315135
0.639697922853023
-0.569690200406951
0.0460084936827151
-0.468803341025533
1.02170008852218
-1.41683469467838
0.410277863302858
-0.240758349344509
0.398583926501489
2.77302755009984
-1.33026236553402
-0.714258141155095
-0.958710966153061
1.52755439441081
2.91474119372899
1.578339662311
-0.158842795859229
1.79519597513728
0.116023763187363
-2.80119425328532
-3.38908215582093
-1.5557872122473
-2.50767283147854
-1.13478177179289
-0.629531380956003
-0.936631867386753
1.24152333405553
1.06167087094925
-1.1900657364439
1.81654512721055
-2.80720127085886
-4.37579074566132
1.89060249686569
1.10183088902296
-3.26596296273693
0.940990370521255
-1.87766127696404
0.507611354895952
2.03462083680441
2.19424807881794
-1.67954745665882
0.977741960099241
-1.95837035842388
-1.10687953936488
-2.03253101242349
-1.45675844760968
-2.18101835261822
0.24479877469612
-1.08292456708495
3.00618970808034
1.68389065597471
0.408468922168223
0.750417641213715
1.15543445404236
-1.89667364122574
-0.00995984780120279
0.380380015676943
-2.05258514284959
0.574081847802535
0.463908723178628
-1.37610582336418
-1.46205631365125
-2.17118285181619
-0.748632550498539
2.52746791719042
1.12842806045153
-1.45304649410784
0.95769296560292
-1.81226297652721
-0.639654639380742
0.558817665673003
0.323348446984426
-0.669078381477831
0.164675813317128
0.740036371279651
-0.561363115839412
1.78650562313151
5.76437193266792
2.50025615107324
-0.70399723926236
0.96909397111943
-2.64934118714131
1.48697702510656
-0.0399762534534725
-0.908137137246374
-0.0728275417241016
0.141135622441966
1.99579095655634
-0.619984334648684
-2.31804475708405
-1.12511641655092
0.0244834719417543
0.674666456272218
-2.67276188001677
-0.361713663667405
-0.893796191415425
2.60247982324545
1.40094776111991
0.0573218033611501
4.36854682431084
1.1788416993422
0.526748816049518
-0.000250388730740556
-0.66687900244866
0.728613106717396
3.06480088565596
3.27923973033849
1.59581065473076
0.458579058205874
-1.68736229182719
2.95756594002494
0.738452735439351
2.87945056190809
0.499318087563504
-1.57418095192397
0.994945529541546
-1.73070506155112
0.114572364947131
1.17457314065446
2.28665247724006
2.82087988420059
-3.19406760903864
1.22010989811543
0.624679700337253
0.947312967210135
-0.0365788174821683
0.897315037376214
-0.65395025870839
1.23251520324047
3.54904025033906
0.589911962154563
2.41860996102882
-2.71087675873523
1.11940398731618
0.874477275162272
-1.26121455750941
0.0343689766246347
-0.659450928149499
-1.04161280050694
3.66006676053231
0.346825606629872
-0.0847313341838232
0.838056243054197
5.02525734548664
4.04512583455079
1.60550232222858
1.68433164983734
4.26268286065992
2.32029141983873
3.29081374397218
2.64763113202643
-0.285200843744592
-1.60066775109393
1.14486006754852
2.10337597459894
2.84929452841712
-1.34920794528605
-1.0857891357174
-1.81681995147569
1.40300910422112
-1.20180108286163
-0.183518109536248
-4.1838280062795
1.15451024738612
1.34435131165237
-1.94556175407531
1.87491041205356
1.29093137945721
1.52685799983555
3.21167741336237
4.29430993725636
-0.735634343127113
0.650066121216358
-1.45734817674222
-1.43463659699865
0.684017012149742
-1.2686993740265
0.800525587648548
-0.207559666552274
-1.14725046657631
-0.220888545429945
1.96882297998557
2.49673627313548
0.501394717665179
4.76815508902955
0.81018941048519
-0.736421158935035
-0.554611671326834
-0.225209296477009
-0.029511717368232
0.440188693434716
-0.868152442918247
0.477083342118901
0.660576329852303
-0.863395140790977
0.807402339966425
1.39888497064564
1.67008186383904
0.546704400359796
1.57228353833176
2.37930875261328
-0.61024940210821
0.291959382429417
-0.711128463292503
2.18952753080338
-2.13759384460099
0.55751216392005
-0.826586146148878
-1.75934311198896
0.942775475948787
-0.578410379630991
3.18882136859615
-0.921521307317066
-1.14738468725458
-0.0526543869285016
-0.18801768499686
-0.405503955026825
-0.378178914478029
2.11589818147796
2.8845997433877
0.86070521987329
-4.23546005386318
-2.74198682656673
2.17795978280307
1.38209636836828
-1.09982689502648
-1.61432755991804
0.306222041911591
1.93710605665738
-1.51557119585599
-0.411188954613408
0.486708209980255
1.17139003053197
-0.986272774110239
-1.73257534305873
0.098812978941195
0.0384959158521769
0.044699658758467
-2.09896914616766
1.18768655114962
-1.01408643054943
0.389445977912857
-0.453472605031103
-2.68064181658689
-0.9992605941583
-3.26165782124271
-0.00514738395663399
-0.504692016030843
3.4127342321831
1.97085392253363
-2.04753700498416
-1.10017748433901
-6.03538540298115
-2.73207458788843
-4.74948897759992
1.07466525508269
1.71482782691012
1.10762235809501
1.63908128993782
1.43547254784757
-1.07206161138676
0.694648984507408
-0.520147709854281
-1.7009731852072
2.54044108488951
-2.22329698273731
1.81608470491962
-0.227204632961229
-0.303937147935372
-0.399063829973107
-0.361746134471092
0.145972151651176
0.317754059099991
-0.458803949987008
0.902556936587125
-1.75034352243341
-2.70516812154936
-1.57179791472198
1.60048684400267
-1.37580863305393
-0.354518711471671
-5.21388843101247
-5.23061128454801
-3.86563259512353
-1.22658546474128
0.500794685173449
-2.1944019500241
-0.60110130590731
1.73650134974116
0.898185112970999
-0.656978619090633
-2.07896044877721
-1.79415662357462
-1.63177086837494
-1.27475868630454
1.22982151486467
3.22615701558116
-0.493340994477948
-0.943211895594624
1.87736700299617
-0.253711551059692
-0.657745576123033
-0.500512144851673
-2.08100999707895
2.13789505766015
-2.48300604064511
0.794304006184787
-0.921357693568581
1.0590660440855
-0.649876849007795
-0.0118300108506074
-1.59232921455785
-0.773391883503231
0.696021444348156
-0.539034389462241
-0.819527126804165
1.382122041058
-0.34824969843164
-0.778332735324822
3.08066764945139
1.72714076847472
-0.363859438084651
-0.416633027243382
-1.04149443877725
0.481186939409907
-0.00739075782494684
-0.624866929353538
-2.47589720487523
-2.72463111913955
0.334490677714015
2.74568833602037
0.76747078974495
0.0890789380459689
-1.25350737172321
2.13283151332529
-0.233999110170919
2.10226090128125
0.66151340749639
-0.885508899804032
-1.5646024184901
1.02123844954414
3.50218825093191
5.10681152769708
3.93935861102312
1.08180381082198
-3.85383653002937
-1.74283315951042
0.894357537773025
1.91481515337047
2.8531496628098
2.69608286711317
3.25716487187427
1.42155703749545
-0.638145750355125
0.268498146978857
1.79213186584727
-0.0583479441493372
1.22939297847142
-0.692851113982307
0.938401885505518
-0.065356047882511
-1.28279024483561
-2.24721285547612
1.27561587100692
0.75265233120571
-1.50287374140594
-0.524057254373707
0.651969611495465
-1.212422124886
-1.87621305015284
0.569320762057115
0.766761859870091
-0.570378628918588
1.83183459865988
-1.61451873600355
0.226372266028863
0.38638748502299
3.58323037338005
4.18334062063395
4.7434803728777
-0.368751959250608
-1.07382934248735
-4.53037329672419
-1.63963834607186
-0.964164803083379
1.50900076977804
-1.76160971897692
1.99130859930538
-0.807675743343359
-0.427840705898863
-4.36409845088612
1.79701328853787
0.617048301082509
2.57270022558056
0.418170991321508
-1.85203882191007
2.05049401027923
0.756631266035521
-2.62556797785843
-0.463977389416575
4.39697392416036
0.495758637612486
0.97230869985503
-0.31808240749216
1.73272708424258
1.52114606426532
-0.635310799203068
-0.146287258611618
3.30976337227356
0.092423063653938
-1.98387570510607
0.565356134336614
5.40383015039655
-1.35645604686662
1.84835936657405
2.02542235163578
1.34380378067025
-3.15776122997468
-3.00267492909631
-1.5435312673211
-0.0737023160070654
0.466021167296475
0.518803465507097
3.31848542373452
5.17793898706331
6.54627978501906
-0.171048440515032
0.215191360490435
2.99493293689457
1.10976932495599
2.10628092787806
0.746558460658797
2.23429601555312
0.324685679022998
0.348056406004292
-3.53044043841697
-2.3743796708101
2.85792517003308
-2.07409697424911
-2.61672306842384
-1.05689193815021
0.699102312594264
0.0809273457167586
1.9398415882193
-1.14754246805789
-1.43578978993448
1.87919791908568
1.52417479840204
3.02960899352551
-1.903249294337
0.734054532445615
0.0364191872638817
-1.16038617640701
-0.0116565916955529
-0.584781416944482
-0.739244527085939
0.419955450350775
0.000609420578442169
0.601694524489029
0.0836908716465122
0.2029359927694
-0.587316020605204
0.349529094688354
-1.30860755296647
0.579160417605422
0.848713781394765
0.436551216094335
2.54699961174351
-1.01754457616191
2.37718277322847
-2.67279741902216
1.02231886683642
-0.368514860179413
-0.427042112154332
2.60117214609882
-0.143933328395972
2.00180575202418
-0.0591992389338206
-1.19612427477628
-0.678956008067126
-0.17982326354416
0.70798046082596
0.627519194525561
-0.39505149330753
-1.01965958641641
-1.79617443769199
-1.88409161598837
4.81475663803282
0.0949718598711187
0.012589583693936
0.990616070075116
0.657023099611708
0.181936199754878
0.713949346696683
-1.68062685384496
1.19066745521351
-0.169268160325664
-0.930327803412361
-0.480050571742874
0.721843184108208
-1.06230970599049
1.30291419964112
0.536317472897717
0.561334289349743
-3.07775985066372
-0.445329488146462
-0.381417049040368
-2.07761350572417
1.01849687165593
0.0815368915124504
-1.77973459021563
-0.607648853829599
1.62093661219838
-0.306701956520519
-0.985477913268224
-0.829229518586714
0.196787267382528
0.439052035722268
-2.78637924619182
2.48274405489739
0.0246527266175097
0.714212349990114
0.950559094139711
-2.0384564950946
1.21263003689766
0.972652499131232
-0.327292365781169
-1.87273781778629
-1.24615595319414
-1.61442181201858
-0.430827453457155
0.238134968614795
-1.52666457670962
-0.997361313103749
0.0901187881153243
-0.996220824712331
0.673877821670541
-0.770572367537177
-0.566901741454894
1.30693941900709
-0.532487238698199
0.725607942375497
0.651861416136545
-0.528862171037617
-1.62893230889753
-0.0971995421571352
-1.80222001101221
0.387115755595994
-2.32644463085577
1.88488340046613
-0.925651893355114
-2.31405994379011
-1.84814996166674
-1.13724616252659
2.11394819485265
-1.50713510389899
1.28221122777147
0.0244911771379932
0.593419575277284
3.09584049373418
2.73796196656277
1.17629353739087
-3.00775529694453
1.49592697568945
0.616266667301509
0.333353221836328
1.74630222120355
-0.817524345171476
-0.200596490135585
-0.312712155175014
2.00195780556656
0.478643746187997
0.444080479692326
-1.61497965446654
-0.115420338677841
3.18975704432221
-1.572634963451
0.613895364057336
0.83572724795421
1.50046938370503
1.62564240205457
1.16793868146929
0.872665856128367
-1.44034665768154
-1.99236540858365
-0.796543625246068
-1.16474031889045
1.75242017604507
2.91238631082856
0.907599283636455
-3.23397161435315
-1.58838732933799
0.707973850269088
0.752150713879866
-0.0850027483452359
3.49906225618933
0.278784837851172
3.74688653221396
1.22608276729454
-0.531374315691087
-0.659807273229961
1.24365751248851
-0.423759671610877
-0.539958096909254
-0.207783352398245
0.133352203084868
-1.06437395535456
-1.21819065495786
-1.35813341484301
-3.15727237519821
-0.498749488510676
0.346182618820041
-0.97966658352899
-0.828914419382137
-1.76879371546281
0.919419588055361
1.05053030787353
0.715182942415823
-1.10333459063482
-0.449887077371017
-0.912010652150726
1.35329560536181
1.29312003116814
-0.391579606848958
2.85060048197316
-0.977566688356405
1.10525734991474
2.10474905564927
-0.788750016006684
-0.852163682738037
-0.103602270384139
4.40393430207775
0.338236718270794
1.82108393265324
0.142842369567013
-1.78153706448995
-0.479603352992681
-0.148104763105141
-1.87794643855467
1.51285350010313
0.673946136780652
0.721403252542607
-0.513074599396798
1.16856884204254
-1.32317775136617
-2.19033013739837
-0.214843192889557
2.05556255925711
-0.97467957437004
-2.78556112189241
0.20079122449081
-0.780994301074242
0.772990694298993
0.328997415244895
1.37382344094044
1.14658196053998
4.21875883876879
-1.96002043753571
-1.73778038974301
-0.160949466804931
-0.244485586095743
-0.474919590790595
0.350992076969756
0.374675630227291
-0.631904587943076
-0.434413177083781
0.523255172362125
-0.778803905002713
1.96542161928096
-1.32366524123663
2.42707403862566
1.36044345470964
2.63055266421291
0.807858498625011
2.0866520859463
0.814066218843089
-1.49838671603005
3.25954968034814
5.53193417304074
1.45870530030691
0.623592263681309
-1.35537227565812
-0.738305370842729
0.5999893890651
-0.613496293278562
-1.18252991265247
1.13882603054289
1.97909120880631
2.27901608618582
-2.72013349645136
-0.194563150864247
-0.155203719913757
0.400857823619128
-0.94430807952487
0.24913491684381
0.930297522170974
1.10400965377681
1.70097966279936
1.42012856848667
-1.01897446325195
0.446205678851268
-1.33844896509266
-2.14778096220557
2.39859963578569
-0.0592947667965142
1.77451920916848
1.84314383182415
0.343600236289502
0.731886573793867
1.79754806601612
1.87918888795796
0.0157688783318326
-1.80316147203204
1.13273517496459
1.41795551821707
1.46087919558829
-0.132017041352516
-2.88525731702539
1.18523704275045
1.13892186654203
-2.12101467495644
0.257649426382869
-1.22697854835093
-0.946917886871728
-1.52100121350748
0.533605328845271
1.13725497452526
0.405626935495282
-1.74052254565436
0.988671748740502
0.906374565595825
-1.56689823436018
-2.8656179192973
-1.16689184302604
-3.63210853788305
-1.9971157970074
-0.415665872344611
-0.125510368017751
-1.99666778503889
-0.84233682078598
-0.205709584930254
0.113306836899845
1.6897326566248
1.92418821432393
-1.26758550550198
0.234369753458189
0.542034648389033
2.23469930214668
-1.82373555657616
0.377998197320243
-0.219050868807577
1.86802283632126
1.41105311903867
-1.06841328400666
-0.766361049654394
1.23211433297562
1.04617679173544
3.50748298100926
-1.24967888634342
3.18203461984415
2.53089278286328
1.41171684070318
-2.45184993861854
-0.624915490352894
-0.397997078183515
2.61726899439033
4.3810690333062
-0.262807940053497
-0.616783672344503
0.936005756938632
1.28873365837361
-1.67197076791787
0.22551393263808
-1.9125343794143
-0.0517907424295644
2.11771143499694
2.61090182420442
1.33779505550247
2.05085295641709
4.31607726442552
2.90871177358164
-0.155466172286494
0.287807054104444
-2.6910416846439
-3.85724660419334
-3.26001398872064
-2.68032188853759
-1.43642760992027
-1.69049527064128
-0.537936949131112
-4.70444182957919
3.77392194364902
4.23656593895008
1.62171074427104
1.78285035258327
-0.976824499675517
1.04649003133644
0.283051717319098
0.315837639921923
1.64715457125825
-2.60575116613964
-0.732744047115921
0.843247899063176
-1.42674214580819
-0.20888285581908
-2.67992238497332
-1.25061153429334
-0.806184219146828
1.82887295641816
-2.01125485587779
-0.242782637321828
1.40142926359207
-0.128795575759672
-1.22945151473026
0.885452912179255
-1.63633438332863
-0.188189850511941
-0.363471747698432
1.08514101814193
-0.913747316720989
1.62491585099417
0.461032466111355
0.581550772175793
0.902470272655
0.076881071174607
0.667638544581732
-1.81263433965566
1.11698786056101
-0.110186914966659
-1.71680283341639
2.22788004823697
-0.00734002157692011
1.60530349734887
-0.659220572894489
-3.77719648759707
-5.09478390781305
-1.94194274038975
1.1588721835059
0.436457987258425
-2.83093412718454
-0.0139253742785058
-0.541834671752353
-0.69549769522612
0.143622063737175
1.81487088926991
4.43200999640343
2.63503588084355
0.505815854359137
0.24615430903345
-0.694777090808011
-0.302903736445493
1.75721520351788
-0.29508631973297
-2.47786894498958
0.964009721853443
0.482176041661995
0.0661078331274909
-0.682778926450237
0.512598287028055
3.20261987126358
-0.631455708003142
0.607246935679006
0.575936634478928
-0.016809111360893
-1.33023841904675
2.23480187291106
-0.786383422576974
-1.19527427469558
0.859649033522745
0.767802556456873
-1.272788278402
-0.52680951971536
1.82405405244093
-0.619910919963782
-2.53485067885481
-3.46512299863161
-2.53857783399075
-3.86052213772691
1.2153856343605
-2.31674280093094
-1.87406706847954
0.71190026113702
1.75425731918742
2.40867358472001
-0.846288315921038
-0.0206819503753763
3.52364167983622
-0.676551588917
-4.57124159559661
1.12836458495982
-5.45672620933342
3.05805246772481
5.2218010513013
0.850331443797549
-2.01222645411372
-3.26296847809412
-0.0551179921506865
-0.599844931661002
-0.442965965954376
-1.47061435631551
3.68409753251877
0.149543633348881
0.522145333803676
-1.95427009924335
2.06516390726641
-0.187161732930613
0.7649680645666
-0.10343834710069
-2.92512238255227
-2.36680793151648
1.57393530160344
0.552675162461698
1.4817581690771
-0.750696491530171
2.97576781264935
0.368394387121959
-2.4761458704843
-1.69515817171008
-0.182653998657643
-1.34482029614454
-2.96586132533995
1.56156222865929
-0.62475964951005
-0.0996190628799407
2.0507053826092
-1.00463804340994
1.78171518443021
3.12606821851379
-2.98528722519196
-2.36118719376469
-6.46534502466605
0.20977773356955
1.4382074238927
-1.03675152971733
-2.22563284548823
0.764344666946823
0.752137635937584
0.209224723048641
-0.112448031167726
-1.00701053846888
-0.945393412577593
-1.21759878268642
-2.10501249062565
-2.825122396208
-3.18211387938742
0.192637561533105
-0.0666804515869527
-0.799390298442368
-1.01246731450717
-1.83843557208764
-0.0195934056994638
-1.24518984643385
-2.63264490476047
-4.18904875113436
-2.5833681267206
-1.14431965732166
0.687513217543899
0.0138183638459257
-0.00243670996887159
-0.821082250175535
-3.49655944219734
-2.82863241975872
0.235103417020833
-1.54451171337085
3.56858872997277
3.85416594126175
2.14202798769263
1.00961987041676
0.490527420061557
-2.68447777200942
-2.19504567150218
1.99667638174189
-1.55188247719526
-0.511243096903555
-1.56191685180465
-3.36473864757007
-1.43062124977703
-2.85132841562774
0.591415133408408
0.0989654352987674
-0.916453098791585
1.12210127005278
2.66871705648012
1.98188305819733
1.98623697701493
3.05768004672756
-1.20791418064472
3.00802909284376
2.3759316982409
0.296726718283384
0.209702559124268
-4.77311963402386
-0.498477677762975
-1.14802703808502
2.40590408499923
0.624984930567245
0.471224723382104
0.276791510711136
0.197865676965265
-4.35894559284562
0.953062763828534
-0.615504286722989
-0.530556935433591
-0.944941069726419
-0.496550599065172
-1.04693691451103
1.43553737366312
-0.413415741986262
-2.3163179985771
1.53972397214054
-1.97640976105613
1.52869232630962
-2.23268447051688
1.34182056519289
-0.386260735762748
-2.12657094542129
0.560638816114682
1.00433583830368
3.41882116601751
1.02105608958968
-0.0916218776657223
-1.67273351023986
1.059732549013
1.49055989775188
0.345189555734312
-1.56658018115877
0.85015195141257
-1.33385973286228
-1.05348238031622
-0.466342063680646
-0.445479791289812
-0.835407405972267
0.767210035571529
1.80909649401787
-0.0892572125698095
-1.28648766109055
1.78175383178674
0.534145065643276
-0.191805566407546
-1.31919119482375
-0.787404118989016
2.71270660630834
-0.528656846822539
-1.11960339769932
-0.500664137488813
-0.400762451878203
0.651315174948998
-1.83686958427132
0.482750470502899
-1.69454522496728
3.06895177693437
0.494562822645888
0.600635037160693
0.221723117155035
-1.47738810649657
2.19450873709047
0.708369247854665
-0.0172352841774267
-2.41734261821988
-0.319154983406455
2.03521847147698
-0.863510435390302
2.31252516391428
-1.3721288337229
1.38911465225827
0.365772245468186
0.0154514654752467
-0.928075144110696
-2.35157554241388
-0.644173677124324
2.8491856803916
-1.2430416616965
-0.00866498990126111
0.131919735150973
1.80845841561008
0.370946478020451
0.376743490614455
0.122516577942836
0.796907012022111
-0.292663710844692
0.156123206912034
-0.954899564751005
-0.609653687049867
1.09501479513559
-0.913503188466255
0.0336600511068129
3.59544661242599
-0.852592694109915
0.249145722529643
-0.656271646596503
-0.257267223271617
0.389608046227644
-0.643826341661981
-0.495491072260226
2.56540173049475
0.82914142812829
0.243872407388101
-0.354974181965593
3.51892753406303
-0.383360258378538
1.46683011739318
1.11736630612183
0.478745368394782
2.63536623884366
1.16039185874504
2.0649060712852
2.1841419782594
2.36810047758944
2.77363402539559
2.84171231797996
-1.94663933609453
-0.838655232841354
1.57063809482348
0.736898269329817
-5.44562948885152
-0.187132331963644
-1.62136544760333
0.0740947426196789
-2.42039907607733
-2.53240773712429
0.158271660940068
0.285492325150529
0.618271397816749
0.913293184212825
-2.06179603862855
-3.22661516609837
1.42648094136617
1.79867866781856
0.906320727768553
1.54613165809014
-3.49854840313089
-0.627470843906614
-1.23211326957456
0.84192858452153
0.198830960938553
0.543422152222753
-0.0868473496780629
-0.0258056246004116
-1.45104179968406
0.194172027720031
-2.39540616009765
1.40338770672157
-1.70983838841684
0.0281073917083629
-1.02039043847081
-2.28064436926418
1.43311836644532
-0.779968602027292
0.496506582281092
1.9710691449341
-2.35968749093754
5.13465964665757
1.61692833000783
-1.01300373663642
-0.695218900966382
1.77889990848273
-2.76148752201193
-0.0419910271496093
2.29865314990856
0.317163949018958
0.517189741003779
-2.38787017868451
0.1798119663628
0.817299728387741
0.362065780961843
4.27467050938405
1.83830228493265
0.123765930737716
-0.864589403730269
0.60270709993979
-0.649054753022167
3.14657582156909
4.46344043807602
4.38769113650269
1.80545197984822
2.03965684111757
0.686677752391102
1.99631702860778
1.87496830949377
0.545680770706243
-1.77149544401469
0.830236931260957
0.410329331207244
1.16610341503825
-3.14992368995013
0.749172894279826
1.27725224712783
0.41038595883008
-1.07780003209458
0.510649843724774
-0.097006478798586
-0.267322316830027
-0.507425084727483
-1.81654536552859
1.67992735183026
0.0260349012542637
0.153231572198227
2.8174658424119
-1.40625297994135
-1.44511599619599
-1.25266234885131
-1.57630680443549
-0.399220655841229
-0.529336291089387
-1.62942664443418
1.45247717709504
0.244296664488632
1.0624866182202
1.04446571825887
-2.50951286072338
0.164690839273882
-1.50782000500967
-1.34020475165865
-1.90879794330141
2.04775886363848
-0.909641295713702
-2.84350507366351
-1.66796868526902
-0.280466124604849
0.867300782040083
0.876388983413702
-0.630279180019435
-0.539654795848537
-1.56202283827165
-0.118776253205832
0.432619054517996
-1.07501139311946
0.178324996017257
-0.382133780615804
0.755874832405087
-2.18244057572026
1.72044123990127
-0.244102059558454
-0.329644610871598
1.09668973973367
-1.8866313616064
2.07653007652153
0.0251108306589842
-0.00421272168134219
-0.661354273984162
-0.358388052284411
0.386904590948662
-0.705489361642389
-0.0822379167819809
-0.95855351052863
1.2461132341376
-1.73102201205587
0.93463439867498
1.24951388555038
1.24531164281771
0.171004432980268
-0.561478250272317
-1.6376046068548
-1.69423775710894
-0.330265316235434
0.206507208169117
-0.184344091795669
-1.86013552144947
-2.05836946146331
-0.552773634477754
-0.650167689687605
-0.493531902195545
2.39861680467171
-1.53511886433872
0.755267952595746
-3.53075670224194
-2.18633662502921
-0.150767793663925
-1.40951340266002
-1.0324637122131
-4.14476602677377
-0.283215868214064
3.68066829061043
2.52883801264309
3.6189067778619
0.797896690356744
-1.65172053911484
-0.565675757012841
1.62328940207887
-0.981788457007801
3.61139445118817
-0.0236491221078584
-0.237940564796753
1.17474266991863
2.1706862948185
-1.44111977498065
-0.145839993826206
-0.186438285626789
-3.00475667414567
-0.305099947589349
-1.23501697784444
2.34837952931489
0.328771975990519
1.17244347928827
2.29009015464771
-0.845050571580532
0.896823145878732
-1.24850072293611
-0.130968557605762
1.06124876549266
0.231507845534659
-1.1957725227874
-4.56368215690784
-0.321591139392666
-2.82890551487313
-0.0481208414062027
-0.59966438989948
-0.837379647300666
-0.716755038165959
-1.53119522041451
0.603079388749569
-1.8812339800451
-4.70355536941287
-0.533162088844728
-2.38040435068266
-0.859546894486968
-2.47482590037198
1.87626569388339
1.64132219434889
-1.67925327043575
-0.701135527810975
-0.468451229843379
2.22399680547453
-0.0862435803880344
-0.90798135946757
0.875774875433633
2.33008962619574
-0.470642333761197
0.640439285607482
-1.18794207700924
1.63721880547941
-1.04504991196814
1.0267908235776
-0.27683725758547
2.4073819013286
-1.39616322079241
1.91104265001082
-1.77089116220169
0.911622224738272
-0.791969237090029
0.863742629234948
-0.650409811025871
0.56258842634518
-1.81381771019468
1.66960130430924
-2.36502882101249
1.59526340705284
-1.2584205874743
0.164435113699956
0.609956416711299
-0.661433945810757
-0.298123730859366
-0.719593818555245
2.56033440626019
-1.59297894617386
-0.118086752466241
1.11760217407507
0.113892370268339
-1.0682799337695
0.787437432021707
0.48347330259561
2.00246842865659
1.34640241595548
-1.6438807047423
1.50385877989996
-2.09844448536759
1.15034867953616
-2.52449968644324
1.10759193787146
-0.01742256300084
-0.311551622151806
-0.907589589635476
0.747152833971629
1.16406067699761
1.9888960709751
0.862239759117829
-0.887559146421673
1.9057240370821
-2.41934254438596
2.83421148779956
-1.71790522339069
-0.16410248267163
-0.766310388885149
-2.08225587125146
0.734822377398798
1.88580980275933
-2.46102041946199
0.00724294272976844
0.0984670969529986
2.99091437468258
5.63440585141568
2.59152592150032
2.06245300234426
0.148521353231362
0.0201399442772965
-0.356584779586293
0.242070978135334
-0.682997341385425
-2.38360514348954
1.59782035545424
-0.493957443630099
-0.444883160336105
-0.877921542969524
1.36823361566245
-0.241551873665154
-0.103754959965473
0.722921263372828
-0.872830844225336
1.29727879407266
0.269893380254226
0.262632314318239
-1.08805529324092
0.508232495557209
1.91831241686152
-1.71341927174671
0.29718340715298
0.604526096041917
-1.32304036640048
-0.503857522615539
2.04442532397679
0.724146333722058
1.23681777742578
-1.37154864194045
-3.60450030665618
-3.46960966477893
-1.11668413075689
0.516257905452547
1.71895761749479
-0.508937271393308
0.935779051387294
0.302199282075444
-0.386822965745969
1.95199036385535
-0.748719093396728
1.99193460438972
-1.89874551361702
1.67282293016113
4.63947384714272
5.15154310993251
1.8690937232366
-0.207230702510842
1.46564880494534
0.486005182387358
0.901511208075593
-0.100428565169461
-1.89048067005997
-1.4017696660976
1.47044365527755
-0.748283859252532
-0.777655948870994
-0.560828320539564
-1.55636659318008
0.836188193674104
-0.0657116754111832
-0.355131949489682
0.408913653779741
-1.10958720550778
0.431633335110662
0.597553867451629
1.22872853027209
0.697338361667747
0.266370193465368
0.840618545714074
0.39793934927925
-1.66673567890028
0.048702784341272
0.0813769316355599
2.22188851501532
-1.94040112582831
2.25398026132908
-0.397332031973197
-0.121787138223051
-0.66048214369643
-1.39993428271631
-0.294697623447998
-1.24088422812951
0.754715227453149
-2.03422523704529
4.07817626548812
3.34108475124404
-1.64890025155824
-5.14117839265187
-0.479960968020794
3.07917709305962
2.82164631063071
4.08138672172625
2.989898440457
2.2935121148285
-1.16194319788497
2.50222709189523
0.113343228021528
-2.73504166917004
1.56874130192823
0.173156917413395
-1.52476979031096
-0.904673334500744
2.22365943754027
-1.4735840634759
-2.19577119124327
-1.23311669126918
-0.694994970781208
1.58223059326823
5.07858578027053
0.758852149100045
-2.103036149332
-0.418401929329011
-1.7347678083675
0.397416940497445
0.279349806493337
-0.96981300973987
1.76908616123818
0.165123561769677
0.477977284213256
-1.16016631321109
1.62918295034026
-0.227713788117752
1.65533992966461
-0.885876594806807
-0.132091931512115
-1.17329401382645
-0.222457845878994
-0.764248709801098
-6.08740053933301
-0.923573540887488
-1.79416403987009
1.39224261497868
-0.730620621372165
-0.595031768662122
-2.10134664753393
-1.33597892909572
0.36966109074918
-0.943404084458514
-0.0357960694241798
-0.579145094287037
1.38841366223977
-0.977587083798215
-0.570230011971182
-0.816804928903731
0.632475706671892
-0.0265818971372485
1.4085148677839
0.111287579732293
-1.41833014778567
0.445018696548773
0.439204604801323
-0.498446321049724
-0.434833015089156
0.577972828267314
-1.41525671737839
1.22887103665478
-0.728022561902638
0.859436801161199
-0.0309485526129542
0.748529436662536
-0.238901755485361
2.94307203653448
-0.61282233158033
0.19195145307609
-0.769184839180001
0.360492056859726
0.907835812941035
-1.10025394328845
1.09587010719201
-3.73142890709736
0.282859178764617
-0.817063576191224
-2.72552711695058
-2.3713947678151
-1.02928546942151
-0.386015334749928
-0.59670161908185
-0.281553127300472
0.110529580428732
2.97702778398922
3.041879797788
-1.63295557828686
-0.107577367871273
-0.208450618445802
1.87114221084214
2.59695139048456
-0.853151692397046
-0.351957199126297
1.2444290631932
-1.68565474973509
2.90809743141596
2.64893432375189
0.400477689649038
1.34206532397456
-0.899492539757464
-1.5161138808044
-0.548983142678273
1.0712532809765
-1.10067964859377
-0.170494718733349
-3.35982391543391
0.921215829751171
-1.07178046331581
-1.98727933153132
-3.26458118267335
0.494584023486255
4.79198420303617
1.8461331003196
1.4941977201214
-0.309054065441835
-1.04705325060826
-1.26012861153888
-0.358313197058747
-0.518596113486521
0.334043421443056
2.09199988724656
0.270102858375859
0.0911031693187405
-0.081258185220002
-1.32248309948335
1.21480590854665
-0.8560507178087
4.00263925381424
0.211484682531611
3.45499248198923
2.99341121501675
1.44636081337597
-0.167862039003787
-2.80962857370203
1.7097857346822
-0.676377712234373
-2.91733660705083
0.688121463598297
1.14374616650881
0.64554673417919
1.42277047434111
0.529881128324498
-1.69217865129804
1.46269651359182
0.109763274465444
-2.4312552481667
1.3714762709359
0.239043897763149
1.60224641762905
0.489562092593687
-1.24493041872511
0.333742296780918
-0.778805423636581
-1.02619457999919
0.963840016987577
-0.731995359187026
0.363434097003811
0.480940043708499
-1.41345790929537
3.27003120372138
-1.06731145461651
-0.549930312293222
0.197113351710443
-0.628254217998446
-1.3417688509213
0.0450658522504976
2.12008998899594
0.832518511484677
-1.08972667120326
-0.154270774718187
-0.728683204112939
-0.262732926825414
1.91967666509989
-1.77700791534798
0.718775912236865
-2.29909239330095
2.72647550871241
-0.936665762576871
1.13650314640472
-3.09486801384447
0.714061352929527
-1.02682434894092
1.77130554472754
-3.12495619438116
-1.72723172228678
-2.01812201194393
-1.01993288547431
-1.70148389933494
-1.05071797033498
1.25185492070736
-0.0658475523538782
0.239370867101136
0.642084819994167
-0.494133492942291
0.292553091567171
-0.897971885526513
-1.1050628731228
0.913492997994399
0.94527929968222
0.121623503982431
-0.967915014279147
0.0198583263590368
-0.533931460708087
0.00758773577563727
0.052864761798833
0.174614239774603
0.398940823370589
-0.827990965857269
0.694448024218748
0.759157159253541
0.465566536514346
-2.66562088491075
0.23073119266246
-0.702969087355227
-2.6203332267159
-1.20430510278735
2.33394070670493
-2.76088986751158
0.394298303226308
1.39210783262006
1.08567327930178
-1.41094824533248
-0.132489107314182
-0.561491979187377
0.677896843939655
0.0231368133989884
0.170917983102795
-2.19576175545673
0.645956668220325
-1.52455985001088
2.16304766834939
-0.622738384900147
0.214154744431386
1.6289079690431
-0.794028306611972
-0.883388000838826
-1.54722424688758
0.938919554752047
0.291853261576548
1.02637332235188
-0.532201806079131
-1.9677815143861
-1.31412110209789
-2.32932790021653
2.54089074158032
-1.45611706687774
1.25741052640059
0.883269388682351
3.30554197585003
-2.17131292809855
-2.00251510588714
0.770812617395559
-2.12274812315124
0.891565790583829
-0.967687742148147
-0.441298065167823
1.57669863962571
-1.62955351229343
1.39238065203414
0.636458653842298
-2.18173574550543
1.58703846298891
-0.69700810986514
-0.504017357763481
1.58808502537015
1.80190252348394
0.635027361566102
-0.519814186024085
0.766193356104364
-0.742608579492657
-1.14317932130457
-4.16705917655698
-2.16781522787603
-1.92496959421032
1.44514059495484
1.77545641028644
-5.66927653002645
-4.70168210107695
-2.40906085121154
-0.353739940737398
-2.03973847799486
1.80638475770182
-0.0224414775587326
2.1624583455291
2.21330266485451
0.0438789526314156
2.37253914700678
2.37034018368039
-0.523628550321111
0.869570425846396
-1.00372020247234
2.90633019096953
-0.642321953672483
-2.25232112731424
-2.21035043337245
-4.32013639846223
-0.457874194997992
2.34884297175234
4.72196959741245
2.21756746931464
1.23356960365978
0.770324954096481
-0.918535768387087
-0.882213153132368
-0.635998927347231
1.66601610193839
0.207652650369158
0.80686676747962
-2.24437256773349
2.13066384227984
-0.451779260169015
-1.15440576016233
-3.44096167966197
-2.30268416301115
0.117129185583754
0.969845377480667
2.90969457313089
1.50091264490409
0.710615317499503
-0.0848349248963119
0.556465987554797
-0.306054727558468
-0.334266140140053
1.96538430460766
-0.958158095648184
-0.123390119832801
-2.77209502462556
1.46332894908668
0.2845937322528
-0.178261577936164
2.59456581819946
-0.851643823354185
3.35365024196746
0.735289008839098
-1.18393730770716
1.10126291840069
0.115290456323869
-1.24821617777459
-1.07454728828737
-1.117432898353
1.48352359070702
0.860585122199641
0.621798318909242
-0.941164883302509
1.09552473252872
1.06041003566815
1.72502063986622
-0.538144978463985
1.38823245679777
-0.271853064730606
0.451350682900994
-1.97727968923469
-3.58443896432259
-1.24020187806769
0.669386469564771
0.879243346027968
-0.0642499959559524
0.520366114681459
4.28795042974954
2.66170040447882
2.2419003933519
-0.46633442903948
3.41597864780127
-2.28668284523417
2.43530679641066
-1.39554979565802
0.645015715907959
0.225228334581046
-0.49746894301177
-0.755017260025684
-0.270789217153505
-0.549369786205099
0.413156602555174
-1.2318529035525
1.85318342689214
-0.744225902429801
0.478136661744213
-1.10579670209188
-0.797468858950167
-0.310859320899307
-0.372160502500741
-0.210066963612268
1.76657134481293
0.253294408977183
-1.01440704834801
1.39603802855251
-0.22248659745163
0.754747623059256
-2.85523627523761
0.156551233045736
-1.22431174270408
1.86823348124713
0.0729602783625941
0.582536445947328
-0.555081172330769
-0.134465529580867
-0.991246165937446
-1.48712835985818
-1.87360214887498
-3.00213741934932
1.15625491223573
-0.896963017549656
-0.957571188591951
1.98158586198649
-0.0671969959742883
1.18640935347701
0.0195019531752229
-2.98403616692329
-3.1670713416631
-0.328715530387408
0.41246260931984
-2.2324474337979
-3.12119087488369
-6.6804276245357
-3.68313498923962
0.298378095798805
2.23695945154447
-2.39701972593809
-0.0319225479562872
-3.04180765430095
-0.983949847395006
-0.15375622366137
-3.37568514664427
-2.2994570273825
1.80248635799126
-3.79334101854552
-0.619880102373846
2.68370621948641
1.54423765066672
-2.79533529498427
2.00357864461186
-2.73633285469363
-0.793840663089538
-0.500370292992096
-1.54226108192288
-1.16091029842438
1.83287113299322
1.86728991368061
0.712376891835207
1.11420577543222
1.50708146169376
-0.910110450535953
-1.80785554229718
0.428256519373138
1.28150454388009
0.79410567130462
-1.61227752414475
2.557728488337
-0.587867824964026
-0.32656605740791
0.64157193828677
0.5648183982187
-1.20595258622902
0.104676511815096
1.37922191222727
-0.304459192127565
1.10478646257085
-2.92606593826188
0.844014365973372
-2.48023409187047
-0.22920128754615
-2.2799671118867
0.0952076722002912
-1.65262277761524
-0.301828123904108
-1.91505034858583
-2.1701281218529
-1.18160905806686
-0.938611984419595
1.67809997869375
2.09185682606427
2.30265902185228
1.56586976313595
0.757195550551449
0.269225649654274
3.40097175447469
1.83133673770136
-0.574323093391014
-2.73732873865906
-3.45033789750873
-5.1658424157499
3.12880733867723
-0.542115645566097
2.00533289519152
-0.282890418330145
-4.45911471870009
-0.293432950553452
-0.129407692532756
-0.696406098495422
-0.696552128224239
1.04389819349999
0.190033284188215
0.857488482257925
-2.49792751464289
-1.76907933239644
4.62071953714779
2.68511871640056
6.18514728617546
1.80318173172569
1.70245104644577
1.9899297569382
2.99633646772899
1.94310068962312
1.6684986513261
-0.818675120451609
1.61071262402023
1.28615428519052
-2.21449392661741
-3.67196556357139
-1.74581781631283
0.431610591050374
0.341448974565
-0.13404342403816
2.99281966896971
-1.37703141906962
-2.72896548947349
-2.62031523263323
-2.26200699585387
3.56497152287338
-1.75863032238409
0.778306967785916
-1.47470736629186
0.136946050558784
-0.675441367111826
-2.84330811028467
0.503735511324875
-0.29261234491097
-3.27443731042524
-1.31046212859526
-4.50459035831923
-2.0450792732282
-4.42864314424698
-2.40879494922869
-2.78538174041012
0.671289494645194
-0.577880743270451
0.0596887054662125
0.238256009245136
-0.0299399950827934
0.025819986888168
0.5717795025614
-0.00976713300482869
-1.90529770436042
-1.83131229471048
-1.00730589442866
1.92987078757837
-2.61933029337676
2.24046869515353
-0.772132379761179
2.27480704876334
0.0421065868130304
-3.81660605328149
0.160156117587117
0.56820445816446
0.888117591285689
-0.474714664620404
-2.89266969904229
0.95351589432714
-3.08931081579721
-1.88008907083736
-0.583128510437841
0.130897642901993
1.19716422891449
1.42154573156335
0.73491156748269
0.990576120031718
0.271144928062954
2.08479006103883
-2.38905629776896
0.502336280664132
-1.42330414626394
-0.71224826028297
-0.0982401860472383
-0.775749034545268
1.01045814781268
0.329055339911773
0.522227378555764
0.24610994092599
0.345783697172816
0.133749226895188
-0.0290749538047762
1.88371920293701
0.174276643100532
-0.0327819202664608
0.452434628171929
1.17590006887603
1.76250623125517
-0.863988158411711
-0.0738204727108618
-2.5589857457461
0.795644465135864
3.41960360338105
-0.861181126519391
-0.800995460879979
0.163952771987778
-0.200296100549998
-4.18664192631894
-2.24774459346822
2.18478723029452
0.875017508086231
0.443398774018334
0.684709561320056
2.51892392263079
-1.92491109986509
-0.277693081267478
-0.132278788530315
-1.31785327866085
-0.494862656474171
-1.88021597783678
1.66010956941134
-1.37850780654533
0.175462972610994
0.188502828572156
-3.41348840926752
2.03205047821083
-1.31252411648493
-0.605113049685922
-0.86841663676896
-3.81554165402945
-0.0887621931233486
-1.99306595174055
-2.20793349227126
-1.06455365403715
0.834416777788829
2.82251850648935
0.95112018165331
1.62319443050959
-1.09975979743801
0.0672933618626306
1.91536867329596
-1.44782520762854
0.416119722306279
1.20157783621069
-0.975260601830284
-0.748598423030569
-0.557697405920222
-3.37399395929427
0.553357470852287
-0.122325817881968
2.29896582763579
0.859006473853335
1.46578891409693
2.06502397636127
-0.899811263800413
0.121057962185011
0.783627259231655
-2.46457766207087
-2.8818599851481
-0.857709248215591
1.0856019305844
1.77671217963599
0.604241281359258
-0.108376047877004
-0.201772766311936
3.42419593618873
1.23737910914265
0.203735676410968
0.850437183698912
0.510256740796289
-0.254181509159703
1.47572274801141
2.63090303868757
1.12195123450047
0.405639776497177
-0.981860179039321
3.43996695405561
-1.75868409899846
-2.49663425956053
-1.67880631581586
-0.769720538204038
-1.06943165406973
-2.22771114591991
-1.06042288949857
-0.653329927040926
0.320597334978982
0.311246075824819
-1.69270882387629
-0.791617087175879
-2.32673067010427
1.74056674869978
-1.46114604033967
2.71629527542635
-1.32480745957656
-1.09904543864204
0.063721376391936
-2.03360640132831
-1.79391350045151
-2.78856660170012
-0.917140394604077
0.167383823831234
-0.934549776143849
-2.45007767486966
-1.00041616947689
0.0855457513081207
-1.696340702815
-0.0988767333683101
0.0438529465547128
-0.0464397351008434
-0.265320430499751
0.944111554022605
0.0619406554796169
0.572515982257054
-0.36218072400368
0.924649870571532
0.402133045433728
-3.6334225625831
-3.57360332614944
-1.49558318774377
0.417227108260682
-3.57359426124949
2.03277583515397
-1.65813520275996
-0.618018781728481
-1.13691055367941
-1.21654387021877
-1.33060896933582
-0.279969962133186
2.86079308425235
0.525096256043863
2.19690517879325
2.93994087007091
-2.68139411062304
2.01758029477705
-0.585915116875197
-0.123371694771084
3.17184699020557
2.9977780359383
1.64190035312726
2.48122849405621
-0.207054751426879
0.75219778871557
3.55099535530604
4.65293550527989
2.05685109616994
0.00253266244933603
1.26380173683137
1.91747737640901
1.38300168357268
1.25710557404514
2.02737467192272
0.362239345719854
-2.8904776876661
0.716217604658324
1.70092202929663
-1.03532325450258
2.14936439546547
-1.78717146761589
-0.577863733058482
-1.61169799636225
1.41365837451465
-3.66283963813212
-0.833884026555485
-0.107249682880823
0.144044703707102
0.798243033442082
-0.595759799762645
-0.24649789010084
0.757267557255424
0.36032425991677
-1.3038351411026
0.127258409667149
2.51154478259459
-0.851095972622336
0.808553467340261
0.398271294389505
-0.313927427378548
-0.312925718787067
2.36937840980803
-0.747398594908625
2.41407397468754
-0.496075255741257
-2.11053898668232
0.315692177325543
-2.00745419586747
2.39867800158284
1.28318134222474
-1.56449721335934
2.90264972268087
-1.14632387399691
-0.645671780378614
-0.498820003248068
0.0481272339871381
-0.942922659025752
1.878634067038
-1.27799472828505
1.42290472278881
0.104808178322644
-1.1628957997874
0.240613087505431
-2.0968773096088
3.47501793284616
-2.25709310117164
1.57129970790858
-2.22881403724619
1.47702876498432
-0.185492749804754
-0.543088975403909
0.926218712396686
-0.510999678501499
2.4510024548139
-0.305454573660885
1.2896551170044
-0.899027349442432
0.451375127753925
-0.791988482326454
-0.302449477715005
0.253114217728189
1.41446972478233
-0.953133059839604
1.83481855124411
0.912800429294902
0.512958673177318
1.51977185863385
2.15445607035163
3.84192953923688
3.72434730517728
0.96693893735087
0.926826246120908
-1.68616668979639
-2.37807110182096
-0.72981013466867
-1.43901907485262
-3.46791085914194
1.44367060986194
-0.199485273057725
0.41057986006434
-0.560823929871735
0.0873618458736708
-3.55948205653376
-0.111030513383982
0.726195298918573
-2.42966898680503
2.47243525420428
-0.27370475995625
-0.295446638458568
0.406872310320836
-0.826983193386638
1.18543861861118
-0.439779376337384
2.50203494480985
0.221156153722311
1.66125621469403
-0.862902859805398
-0.393588776263648
-4.14866380264918
-3.1646094896328
-1.26312172104958
1.49970221227089
-0.897642865425651
4.9875199825835
1.797267483267
1.51065772521886
-2.27262696525548
-3.90717409634686
-1.51166316226641
-1.60699048902591
-1.43595466134312
-1.13047671848868
-3.40386314845394
-2.24614601501543
0.451217746784278
0.955712614516694
2.78609152145425
-0.996565937261491
-2.28717509901359
0.0120108085379763
1.20609973970419
0.81703209159847
-0.0288165726098435
-0.0870852513395284
0.445683662260257
0.808303532513926
0.770080559409527
-1.46271029359066
0.95654228534107
-1.11922695770215
4.04120597552993
0.0275632555037555
-0.791931283964271
0.887613329434093
1.737946054685
0.891536591391517
-0.187706368264865
0.113693661667522
0.420629767751468
-1.78616835831664
-0.0617910671619841
-0.543415999466468
1.72227168093544
-2.61111983996244
-1.68253549229661
-2.68377932654911
2.4996433722951
-0.0990439278911874
0.344153526994037
0.351522226034317
1.0094880156924
-1.54595531005645
-1.85186222976517
-1.80101168609659
1.70930666691918
0.638583595714086
0.114201717239329
0.19233856961779
-2.82459564793169
0.605034348890995
-0.664589051144293
-0.277991380593982
1.32988964628711
0.772199759074916
-1.26336435685267
0.194013567479659
-4.60134736920636
-0.880622958865049
0.0177845735767899
2.70618987923805
2.03277610926873
0.442954858808589
2.9271009368934
-0.922700965891244
3.39161100488511
-1.93193180143365
-0.20498121112551
1.16398677217754
1.00268226397747
0.519191418451491
2.81659890194883
0.421535274991381
-1.37679666360423
-0.273646786898741
-1.57501799194167
1.02564081385799
-1.32954798712869
0.737470282988135
-1.35218113380125
1.20459614291052
-0.441783122225674
-0.509040864216297
-0.93922435886316
0.725185142338452
-1.15033302063546
1.28851811650317
-0.109059385261315
-0.680215042994414
1.21523521665978
-0.686871828005963
0.74659457318477
-1.0824540344311
-1.06672696519952
-0.833358876870414
1.98936947860385
-1.62739480840133
-1.63031925453836
0.302161021764841
0.821573157015877
4.06869369733452
3.21298737948604
1.28628567707193
-0.627503592515767
0.201301750110809
-1.88782263014068
1.85177648715745
-0.878748778330038
1.15387100097063
0.281725511494799
0.800070937838834
-2.12477220779565
-3.09478397987995
0.628176817135272
-0.145976977605726
0.279411922944159
-0.649950460758573
-0.0123029248143725
-1.41644500202681
0.591451813267971
0.984700992529741
1.06608831433604
0.541722178125364
1.58299509660171
-0.647173351465451
-1.2473432828943
-2.40367014749481
-2.60913364940695
-1.05219188766966
1.01585250180634
1.0643306221027
-0.0621270395247462
-0.581164797715891
1.09457624406028
1.10832116864599
0.0539802345005201
1.5704182330375
-1.74795256341332
3.31294508747076
1.34116264081032
2.01196182861724
-0.343336961340477
1.26408356506124
1.09454292045142
0.500934628856455
0.618623101039553
-0.135949018090252
-0.14628241133922
2.54219769959809
-1.83711806844445
0.21049296787695
-0.0646725907474967
2.62400172715152
-1.11485766357315
0.229368174946147
-0.377968462467405
1.62641975097124
0.298478933406786
1.26932884515865
1.13721104795842
-1.58442810565167
-0.84977385355997
1.54771641158714
-3.09245854295119
0.83070489531165
3.27857448476636
0.258823537794168
-2.66621509235635
1.73289570719291
-2.00543647169405
2.58080936009707
-0.98075333295156
2.56790452164142
0.0983495635864803
0.80049700753776
-1.50473877246011
-1.08015681632927
0.534737686383734
-0.939659953344276
0.628918236922924
0.498406811086089
-0.582488485841018
-1.17125532722349
-0.19306193159464
-0.48059962305241
-0.35590610163914
0.084024736401244
1.46129095591693
-2.15727741345544
1.24549831229261
2.58891166959674
1.94852551694157
2.57353182048161
-1.1759746293214
-0.827454349596365
0.136933589038454
3.18363038129471
0.626613446265869
0.509308043545257
-0.778415633630444
0.472684251224717
1.80045107622439
1.25617516964644
-1.24098318438868
-1.01512472279518
0.203859528276101
-2.17252255030613
-1.31342404622521
0.035336832205395
1.10993586533165
2.01730757715769
-1.17318878460394
-0.121857830949845
2.04102978889576
-2.22387486457666
1.34857608435869
-1.39833309499734
1.09319434134718
-1.42230396812647
1.74851863136958
-1.51065970048963
0.797165248859589
0.451191292650615
1.21472031983353
0.279226140244783
0.345644005213028
-0.669756141043182
0.831601841212812
1.40029896983428
1.21741062590864
-0.151573453634315
0.237503189749322
0.26259387904789
-2.68866778934948
0.588391752069373
1.44141736941753
-1.51380869961858
-1.93351058459593
0.545564305896571
-0.452842215639164
0.977798088767589
-1.49355464460915
-2.78086565429732
2.41164371922328
-1.04771983935224
-0.0714381966815711
-1.19930066044329
-0.127461868328123
0.29244935117196
2.63196267417934
2.80562760185861
-1.76753749036194
-0.0574926693187154
-1.2834311796233
3.21685657519986
2.59173589306977
4.64541445395457
3.22043275918073
0.232630943060554
-0.650392998284413
0.691136954099257
1.17527811883363
0.385926813218144
-1.4923826875258
1.39349959914815
-0.0124215223943373
0.573149047674783
-2.39218443716661
-2.99358910432208
-2.25926007663693
0.548614471852389
1.26692672359557
-0.375157089702283
3.54792978301501
0.397949876872245
1.77049433422173
1.74245586971844
-1.44210951493725
-1.55499760869588
-1.53431473965629
-3.03950870273379
-3.50145688764798
-2.04673867377822
-0.600850736821579
0.684126233497409
-1.35861373835737
0.286074791089791
-0.935598935744199
0.445070770151229
-1.04599800211826
-1.06519623413413
1.86583014821907
-1.91387311584051
-0.174989950156045
-0.365751169983474
2.27241789935283
-2.26396045814671
-1.33799715534155
1.30408742023154
-1.2590219041969
-0.612742269231522
0.155957417336376
1.67939783346911
-0.667355179403923
1.83439666918059
-1.20317245530282
-0.562648624375207
1.08831368824718
-1.80856127332825
0.430044371254914
1.04858466924272
-0.155532771145952
-0.449597826870414
-1.73286035353767
1.4796701506101
-0.9405149973998
-1.08970128630993
-0.816227707984853
-0.611006356350755
-0.936990234558331
0.386492343883662
0.613026754910264
-2.87518525903337
1.10967695361989
-2.9475693677684
-0.861216487376155
-3.29941713863024
-2.01007919914238
-0.446390144365774
-0.0361445128504833
0.620272989876663
-3.03316401916785
0.348320455081011
1.14848387329311
-0.0786950634564794
-1.76962996357332
-1.14838678001857
1.47284573632939
0.282941381835071
-0.778559649202582
1.60223434674842
-1.91116830911054
0.788453984826868
1.62919935432487
-0.576033289772943
-0.42644297506036
1.09319702585613
-0.272674196776455
0.713700184966218
0.397157384814818
1.8171795572379
0.670497926729249
1.78453663938607
-0.504169693244662
-1.22586046708367
1.16788374671141
0.391626082711075
-0.300520756915934
-1.6996751102245
-0.0339718662315079
-2.8424679025583
-0.289951484843003
-1.44699880215969
-1.54755315341526
1.45201010320568
-2.49918598681229
-2.0115703408618
0.827019386415907
-0.650392138636258
0.523910187293771
-0.765010349534336
1.24039330644419
-3.73602711496628
1.41605195966185
-2.30481604039272
1.61864630124446
-0.487668101047245
-1.18965047700858
1.2833543158522
-1.99780236602335
-2.62719634047232
0.0700716760901991
0.620931751963398
-0.957356433944587
-3.46079014260084
0.689025341847494
0.861004232552174
2.3000593384219
2.3251163863271
0.482696772979291
0.795054612054667
1.00974397619668
0.712237742780923
0.266796760706451
0.37308301137081
-0.0566468590604351
1.70410737708561
1.54152382522661
-1.3695351345742
1.02768761914033
-1.14939022770742
-0.648172418778557
-1.08011927445166
-2.61793879970451
0.841554756498297
0.232119853541561
1.41824806091537
-1.40587614684326
2.92403907752604
0.427717063278681
-1.0929595812904
-1.74031193176584
-0.56307546732673
0.929598455778469
-1.30806393805348
0.164154321454565
-1.77923783750002
1.6459647192597
2.41278957026698
0.699550741971326
-1.69956474893824
2.64128568422838
0.375479878017788
0.481677312185667
-0.258313992385434
1.29620909512441
-1.87274921382918
-2.45477310992635
1.86638598375557
-0.412024744166005
-0.62922520452859
0.075951212135782
-0.503138522018101
0.134526504258359
-1.93368249758593
1.852451867434
-0.446713220366959
-2.70242253058873
1.7501947381181
1.02197364160397
-0.251258443342728
-0.748742204576196
2.00432056418573
3.91225122237729
-0.103040457708355
1.62113447241341
-1.05938484754683
-1.32259958255977
-2.59450444345953
0.239417699934397
1.82252009098418
2.05717198604513
-0.321720196504331
-0.728755386510173
2.57406619610497
1.66107904465953
0.226291441120174
0.0995097654032901
-1.21880696525699
-0.934360630553945
3.69947743490896
1.18939752489812
-0.109376069815292
-0.191155442301345
-1.12648785370888
-1.35736211018555
2.30823339905645
-2.86119266737293
-0.421058218002293
0.633011093428069
-3.69266285715923
-1.36196205173512
0.262277088866635
1.85914494877456
-0.969604421674734
-0.52624968603014
-0.866554246178848
-0.191757323336375
-0.890082695242549
-0.4785504780001
0.282898365198191
-0.842482069880062
-0.625163382345746
0.00538837110508418
4.64606343185293
2.09508359121104
-1.54229073638675
-1.06351421984601
0.581846945099983
1.4783000189787
-0.141490709115179
2.77852012429251
0.929463500681736
0.373153233203238
-0.248287077998124
-0.410085498872713
-0.870153833852664
-1.23060685435195
-5.7093004128134
0.00518666138674345
1.74888168318364
1.59075189092412
-4.50870624488865
0.523262332214619
-2.79573906981363
1.1550250446032
-1.9867493720942
-0.653855985591695
-1.83599198988289
-1.57927470873227
-2.05491141059716
-0.179924509303865
-0.409888025883543
-0.85917662622047
-0.649983621151612
-0.213153432776863
-2.31061934418898
-1.86201291167153
1.13762794983036
-0.933139094879933
1.07002273059571
-1.17656218189949
0.397199227617452
0.338427738413101
-0.213211598158585
1.4528854499647
0.252002632514502
0.20603664224155
3.96470079766811
4.08505649051085
1.14105943574637
-2.93783025829451
-2.53457132235862
-1.22696001754377
0.785585377337357
-1.08796395926484
0.0821361356002917
0.516963865828058
0.439631091696056
0.576704638797758
0.846986024360205
-2.1332274785256
0.438987683321126
-1.59152288587837
-1.04757104303447
-3.25756511808947
-3.98771713828467
0.0785745264632514
-0.810821332669242
1.19181615109296
1.43518855589741
-1.78348911837031
-1.4696123984418
-0.0985338325825239
0.336713132424618
-0.841546879809112
2.05150910228595
0.686222604189144
0.226184838634466
2.44332498449346
2.01055555790261
-0.941376600674959
0.331314573353488
-1.11711506815575
0.802861146166302
-1.5651072824615
1.64706598302975
-3.10749606183588
2.09321047887961
-1.15663453608075
1.46228474332385
-2.43588520648008
0.321417935076312
-0.870013887035055
-0.192992807869642
2.50734386601124
-1.43036081702627
0.406287238639657
-0.144238980584042
-1.41570424829872
0.169753512175731
-0.75113232801937
0.481233648970346
-1.09442916204975
-0.0723228022149778
-1.89180818122707
0.998589388564648
-2.7585001934372
3.66577895053624
-1.48248503100899
-0.0139765350847325
0.612755985838375
0.224988493436533
2.38455603975159
1.23302253336905
-1.00485451593715
0.844077129258044
0.35322913366399
1.82817840092125
-0.114144600517641
0.288556364381023
-0.389877284569139
-1.98754237306221
1.28197507796114
-2.88634892589512
0.0233580398429724
0.54450717301318
-0.109963174648747
0.0498549187142672
1.81377535519051
1.17731328770215
1.88374725399185
0.862316438140013
3.36581897438669
-3.01557096164554
1.8588318415716
-1.23363321229262
0.892455291840532
-2.92300474325806
-1.83084725504628
0.193882052079573
-0.685133205146537
-2.62362032136863
-0.882935565256656
-0.478031353090381
0.493605987918927
-0.847973914488238
2.79024512258176
2.79238920355306
1.7937525761953
0.926570192668405
-0.597899538559461
-1.23704873152474
0.431984615023264
3.45027683084801
-0.130188303370877
0.53721543344684
-0.453441012347884
1.29205459619722
-1.08399401386133
-0.389885163870242
1.80598888268879
1.23752282316642
1.12653620739342
1.98977408936154
7.97556229259183
4.36537376486329
-0.583095648950239
-0.284584734497696
0.337749670891147
-0.940031912057282
-2.81708996918132
-1.76201765935049
-1.68658043801986
1.71114789137633
-1.14780613092774
-0.162200910067018
-0.833379457606102
0.589228496376673
-1.16391624953965
1.12740969504023
1.14712843458759
0.0357284154749655
-1.55363734175745
1.21654783042464
-2.73056058830052
-2.23394018831819
-3.07425376823852
-2.6825152125824
-2.73417659189789
2.24470548203305
-0.798941591861315
2.46908625159434
1.54531889904709
-0.362139377548538
1.55408500523705
-1.59209854811145
0.0980790628856962
2.13355978516191
-0.0759075028757673
0.823798003074059
0.288179734390382
2.02986016766847
0.0903543241372932
0.825608835471142
-0.562733473585918
0.195009920625645
1.0590897326378
-0.0789189163934726
1.68473663064647
1.64899410715965
0.447716166216577
-0.0417401375958665
-4.11104792120745
-2.21832062676486
-1.31705945712744
2.18989926399818
0.297573226456862
-2.77349462740585
-0.648882100365251
-2.10335290984507
-0.752817476795185
-1.54497280602703
1.27898915429257
1.09149481210782
-1.62491263031416
2.20277071167154
-2.56187077760011
1.20900458292469
0.0161818030408188
0.409460616040967
-0.915661802723347
2.23592040730951
-0.852902137143311
-1.08914302597899
1.10017918717199
0.438304165278252
0.479121423241089
-0.211381809556681
-1.47596527429669
1.04404683598039
-2.44829478728398
-1.04856458372704
4.6448646693112
4.03187033453582
2.11583498235277
1.14267533389078
-0.282817331534632
-0.603496575513543
0.0837653784284127
-1.00764335910793
0.646829244105337
0.497112589813892
-0.0698753223437562
2.9534383795515
3.19065678063783
1.03588311948281
2.04151697924878
0.212060881683577
-0.669353659881904
0.609929132124211
-0.629904000260559
-0.522244212054698
1.00486197879041
0.80869388845055
-0.00356187431150445
0.449114022483271
0.566668565760193
0.180700478908034
2.44373292364307
-0.940221608534921
1.27514950756047
0.497223522669427
1.40831625948521
-1.99917255821598
-0.169734929489328
1.80361716196547
-0.347084120160315
-2.63510316399267
0.411454467355266
-0.186873810488361
1.26712590747789
0.68873625958779
3.41176201287487
-2.01975101303427
-1.70966876751344
-5.88072095267568
1.02828433093221
3.30544340709869
0.48527674864387
-3.25131663685364
0.395478723238914
0.383297246106093
-0.441098272804932
0.0246592978164555
0.60444430489858
-2.23370283831032
-2.81082380843393
-2.60066716499936
-1.38436148517864
1.4289090076703
0.47335945700086
0.385865326684768
-0.316824902494112
0.855495392156269
-0.383091857700259
2.89145964231432
-2.5885171272686
-1.31864935722726
-1.11413138467184
2.89483619996018
-2.853989384753
2.2566731737616
1.62671926034616
0.965212020562589
-1.07534506247375
0.457314621486972
-0.37669787823683
0.268067388067602
0.272305609794307
-0.206721502644498
-0.789786949355924
0.821405773095437
-3.98991021224109
3.08946747912993
0.975109897835686
-0.444745872020243
0.212929319400776
-1.50444873863852
1.69177612545185
-3.06336246323597
-0.415201534233678
-2.0068342658543
2.49147212393833
-0.528767286298373
1.36282409047187
1.02754023356826
-0.000874568196126718
0.831514557174291
0.414766121816684
1.21587985844294
0.230469146558295
1.4318110810532
-3.20130886432791
1.13347274259569
0.884151090420319
-1.7494022955763
0.51466318122926
2.30655958561577
-1.19333207436009
0.870032845110812
-0.241309976047796
0.237194840309088
-2.15954196259146
-0.0743216877500819
0.976843147480902
0.541302705541228
-2.46434287101265
-2.09323389365083
-1.26560991699225
1.19161040468936
-0.401841964540211
2.44750583552529
-1.59012247844244
2.45896984531996
0.497001580116281
-1.55033292268559
-1.1626206470246
1.66648985014314
0.734445032569588
-0.704092965806391
0.437394301077901
0.840611949729343
0.618863708989288
-1.35020663779446
-1.22063266214462
0.81240133669565
-0.0411649017241465
1.00280507571302
2.08195805449872
0.724396623310677
1.48853964627053
-0.930631216135135
1.1249611684284
-0.471256684417974
-0.582052709682034
1.31432662285736
-2.70755130493543
0.92098331549467
1.44779406172882
0.636284538143894
-0.273841507249473
1.54474059066364
-2.00393260525161
0.460489698185489
1.24235601408647
-1.58333330415567
-3.18850856174653
-0.348163528797036
1.19461971723193
-1.3290897912126
1.70326303943604
-2.03841051478982
1.69345008564974
-1.62684210392568
0.598902450287568
-2.48343908383016
0.692959026691745
-1.07768831302692
0.12595678883945
-1.20877018037143
-0.3059363834148
-0.0793266003740671
-2.21717958111276
0.775603690313835
-0.975244582022379
-0.995479971054739
2.33047537429897
-0.931840325004386
1.14087512384457
-1.89317689129579
0.852853435424263
0.559120926922875
0.8404562056354
1.14418448274246
2.72806472928919
0.393770119794556
0.604269090602891
1.48651452291305
0.601550212385277
-1.23532346893373
0.399843505677565
-2.27315092845883
-1.14008079180981
2.17134460732857
2.36285479213273
0.486073535988569
-0.290560306358276
-2.81224491659041
-3.11629747488643
-0.533157100168424
1.36014079829594
-1.55349381600449
-0.185388298094772
-0.947886837738688
1.95159563008608
1.23381864830019
0.681478701435993
0.607952607177154
-0.492272424051926
1.90866261137649
1.00052262776915
0.496857684035265
0.977222891441672
0.0648132718381195
-2.96587862822485
3.68564504963851
2.51717314085026
-0.440568775006175
0.762629374427389
-1.54666997885795
-2.27094431035303
-1.02148577836738
3.08427555351361
2.4840442566494
-1.03693675909259
-1.79037216297985
2.43953011113815
-0.864790555216544
-0.0912466149030376
-3.59847046727271
0.641197171194039
0.45189842695099
0.949421211008399
0.961065245798452
2.00852338984133
0.38220378796454
-1.35868940179201
-0.139564176389159
0.283250327568502
-1.16217182329222
-0.478615952298278
1.19355753178855
-1.5512553774323
0.670115972551147
0.923639242764396
-0.81889938299161
0.976262772722967
-0.383293936666934
0.599252129577584
0.680497317047157
-0.213935641945103
2.64245664471378
-0.566142580009831
-0.152042319110982
-2.89158313050679
0.565325069793031
-0.0716220764032301
1.34477942652728
-0.73737195842843
-0.901612890681668
0.892118275909632
0.0170887503112668
-1.45609226436519
0.018258990826993
-0.787972759101437
0.723949453037123
0.155452115962549
-2.35545455450184
-3.08790521962486
-3.79182963295508
-2.13699369160439
-0.600257127774927
1.90736404224927
-0.00736839701430475
-1.27438918438902
-0.299668777609876
2.74146839009557
-1.22004379381884
1.00260737569582
0.409400183784748
0.00740481835871248
-1.67570459322963
3.68416450961347
-0.588318443647616
-1.61852073372849
-2.46635942118725
0.0555831211306247
-1.79009791276861
-4.4152163709811
-2.20937091679132
0.849273235642928
2.10511123346195
2.12628648788022
2.21720854596448
1.56626994895956
0.160054104388842
-0.0649080256159943
-1.30493566693751
-1.99001057009337
1.65072303743341
0.117772090657313
0.116423611296062
-2.00966741310637
-0.175781204773154
1.04991371977771
-0.268069968664958
-1.43055005121875
-0.207080202933256
-2.18378564779715
-4.24562344306853
-3.45969218408007
0.526167408873479
-3.06604288889931
-2.18307969904698
-1.78918633718287
-1.63209631629639
-0.111308408116094
0.512956704262533
0.248104494283923
1.87561370420163
-1.65899912794809
0.963731856468331
-1.57012563490043
-4.06571863093927
0.800976583376968
-1.48832044080454
1.58525693918821
2.12346314659308
0.00612243024371961
-4.59474794762463
-2.62406210481491
-0.368616819559174
-0.144653719671019
-1.15733088006491
-0.393205819492539
-0.894345058734377
-0.0402796089604589
0.385242654335741
-0.111924667869821
1.87358929427074
0.188505083625775
1.41828957988328
-0.684396378097587
0.869100130210579
1.05292712228189
-0.575117053567218
-0.205081752025719
2.01795202385302
1.15726125654275
1.00207406648709
3.67110675584425
3.74865131602093
3.73320688867737
5.33080689568039
-0.622290524793717
0.356185185240585
1.0957985387567
1.86813195408834
-0.689122490278063
1.43595251489281
-1.42170268989139
0.0525587456246563
0.0394773834726514
1.12711601838934
0.120761155425608
-1.70404222516997
0.748625650401677
-0.233621449863061
0.772295511212034
0.62577389823841
0.99321819304683
-2.65207268796356
1.12720483073426
-0.855748646483753
0.996780446672811
-0.455498540721238
0.099766888926155
0.392082884764376
3.71084571668415
7.71848517185866
2.72428867080045
1.16249512539176
0.656931195602897
1.52232994469957
3.61114456828586
0.902261619421329
-1.24496042771903
1.33597179745072
-2.95651456623077
-1.87883364317392
1.18974246401508
-2.65196514523193
-1.26876414834136
-0.138276394405565
2.53568671604068
-2.07189081085528
0.879074904473254
1.09246027146912
2.7074264850298
-2.58855812937768
1.4566452417342
-0.365411646301517
-0.337672896081035
-1.1076266475471
1.15577141780513
-0.259342156891092
-0.291517095495024
-1.86028178216206
0.136693688008368
1.83421027249347
1.08527190927249
0.375353819775206
-2.8863251195583
-3.44595863766604
0.319276520233649
-0.727510750308797
2.10744501234409
-3.44614832897296
-1.11911572566056
0.626826637235064
-0.612859313612405
0.188794455615902
2.74891872574218
0.747443122683694
-0.644650278088605
0.0253779979136709
1.09051369130372
-0.334529277608894
-0.732536075005211
0.316234200129466
-1.89536258584586
0.127345390953658
-3.43136283207881
-0.305641284333956
-0.922677374203874
-0.722267471203577
-1.47898849697149
1.70612326744292
-0.880731803502811
1.3217465738311
-1.87411950517139
1.29723983170284
-2.44179986974685
-0.630135309123826
-1.96262355559522
1.53090128714063
-1.28128592900032
0.0802234985103509
0.262523985688738
-0.27465410059403
-0.119973129636076
0.356620216653402
-0.782870706303792
0.293457915450965
-0.322315062701432
-2.88462118897726
-1.88760126813318
1.64362056165114
-1.68868841998836
-2.01995738464352
-0.00408599671659582
1.34440922945934
1.8881359740857
1.27815729142728
1.11669714981068
0.249381180291635
0.748054942500959
-1.61137405169604
-0.23787075209631
0.0843106441767856
1.69481050065006
-0.970672804091059
0.447700769071796
-0.271405572262005
-0.539887663118253
-0.666941007473619
1.93176844709318
-1.29036576751685
1.21575562430613
-1.95245286380609
0.145304672707089
1.46971225051355
-3.08878532407431
0.862735728671947
1.83240420372282
1.88051766353734
3.35916515755321
1.86089649838743
-0.126778691918145
1.01697371426028
-1.39726661216573
1.16238071087138
0.0538816672756229
-1.35696429582448
2.12144501534962
0.811240933383881
-1.32488851226055
-1.21557049979588
0.837640676079174
1.23821861594659
0.769259956569269
-0.760344424110796
0.400737333011504
3.03465612660677
2.52475814366031
3.31645698508041
2.53648437931088
2.92499777431169
1.30385718440627
-0.533882246392014
-0.700149138853648
0.916646728338381
1.35032674014295
2.10887552983527
0.124930396688739
-1.25657018931072
0.693318252768944
2.12666251070287
-0.314995459589724
-1.09180921887457
-1.55902906169841
0.545665307323876
0.669970585911181
-3.3568075302647
1.29866986803422
-0.56572309871635
0.88723559042392
1.09799623894162
2.84090595263526
0.113054632706076
-0.811107608905029
-4.50880675741206
1.06040428251597
-0.374190972758477
-0.441827444770892
1.90431705425537
-1.07085500259389
2.72878061178981
-0.903053050521055
1.0640071528468
-0.536362397219295
-0.769439916621953
-1.19195305741921
-0.0135460917161568
1.54756440940696
-0.333911426663324
-0.110667582215841
-2.88889296933783
0.625312293588371
0.66874064096196
0.879365184918574
-0.509259391437462
-0.405881908582772
0.103575712714496
0.662883415673364
1.77157788914331
-0.988900145106024
1.14125376988552
-0.311126310470345
0.633345616716092
0.847856027925792
0.0607411116830473
-1.35814817670916
-0.49238927409509
1.94947388687319
-0.252824538831703
-0.07025558247942
-0.836018679610089
-0.639968550128765
0.876555650154765
1.44176422572121
1.93194765359336
-2.03470827691886
2.16853652331702
-0.188061095416182
-1.03361160271725
-4.61646430619137
1.26675992210158
-0.28375890679272
0.225043276135214
4.30158648366654
-0.101997258798749
-0.731174803467053
-2.99657136970314
-1.49160611425549
-2.16980049780385
1.69372867738045
2.15509539393013
-1.74479331379753
-0.00221497101837503
0.189582677349329
2.73820283282136
-1.03643759638937
-0.144430867553588
-0.942117797254264
1.13699807342865
-3.88312559323675
0.818806800501088
-1.03063886176423
0.236205066138415
-1.00932872513945
-0.94682614642334
2.21589943700507
0.331808230546199
1.04107641635368
-1.39529165973455
-1.98213024650313
1.24043066297247
-0.309099572756747
-1.99140818225085
1.01453942053635
-1.70126856352205
0.198862010635623
0.300079445333929
-1.40348636991031
2.29743670304201
1.13263883138454
-0.933179353375865
-5.38838878332823
0.565749118243253
0.117102819741004
-1.34571111946009
0.641335620210295
-0.973969392468545
0.514005974466241
1.77715020583213
0.865401398124461
-0.745409265122445
-0.198155224193603
-0.342363055070791
1.94491157566831
-1.05705612108038
1.2761096874279
0.187477211946159
0.167508041359442
0.860970488808248
1.81312245629883
0.925881965022238
0.502136278950842
-0.0240960910603505
-0.454332344080186
-1.58613332820851
-0.510461391202488
1.16561102476269
-1.07781253842185
1.74474487407983
0.838050368762056
-0.309085637490759
-0.038678921034506
0.51525723175125
-1.09499001581257
1.68942739244997
-0.874982065340182
-0.900050548043114
-1.34862813246504
1.62958005709465
2.3012383228262
2.00228537544214
3.00543414024441
-0.0508484014527116
-0.275858252634822
1.57043735161998
-0.533927853715226
0.951833936713805
-2.52572381590843
2.56162224669731
0.376212421747671
-1.17808544788521
-0.0740756614457626
0.74595245434511
1.50472133505468
-1.26674189066683
1.75643082635407
-1.83255559138128
-0.481849775338137
0.919698567743446
0.42152123113037
-0.0952706110014971
0.922083882825536
1.02922010636526
-0.798908479604497
1.1763900149924
0.314740056932789
0.188398288396103
0.997843995829198
0.776134298599196
0.622302294084415
-0.231206654169408
0.356865485257515
-1.46418760870785
-1.34159476689422
4.71056007856404
3.20885633380906
-0.081656686288311
3.5834146530013
-3.55193882664099
2.34301482901544
0.0497885535613842
1.50442860073762
2.97785732885612
2.07512573580058
0.594171487370399
2.8625805031486
-2.6611268657195
-0.974605582060167
0.619355065978915
-2.33385257388635
0.809436143454073
3.52455384924341
0.478681933610722
-2.63688451192188
-3.70180211854977
-2.06657283675355
-0.176414647651517
1.72778150670061
-1.47059824179504
-2.80597578936056
-0.446324545755319
-0.920271033467297
-1.24569365677126
0.87235111668758
-0.816915264012219
-2.32379852697753
-2.06414738417152
-0.891164670430359
-1.65225635767913
1.28174988428457
1.02633859869782
0.142607889345767
-1.34584883826686
2.37601937772809
-0.511427459865146
1.01902584034152
-0.831876434880755
0.173629524967163
0.410807818994592
-0.393960577301407
0.109327692517431
-0.798138439942258
1.42650951568783
-1.90481205478876
2.02413370607769
1.55831078402834
-0.69276323018816
2.52256675759318
0.0915740380646819
-1.77903172882991
2.01624634786386
1.08575018821468
0.0397493881417204
-0.690054667330725
1.13922888634879
-1.76503521740588
-0.248222215387504
0.585306776424019
0.112283422333468
0.819465369118797
-0.242965035752704
-0.424644344873555
-1.03208593007794
-2.96952181286652
-0.106178325559854
2.63190016429026
-0.480960912015734
1.48193268228935
-1.73914331045078
2.71792978986471
-0.50625989171901
-0.243821808255661
-0.63607592917829
1.35499543887576
0.105080784344935
-0.305641065380794
-0.406530538321795
-0.49072148072511
2.0331785031901
-0.474183377181966
0.44248338234223
0.505468145451872
-1.34444463083876
2.62660954096093
0.649828490013883
0.0557644149564701
-1.17779146620999
-1.72308087326203
1.41430513521625
0.708338007374808
0.474722517862508
-1.60808640000064
0.878573916259828
-1.87628035928018
-0.627253717372432
-0.71902893561139
-2.15433171280829
-0.812238754617179
0.428677141043902
0.63796369274147
0.226061192780333
-0.179654645541913
0.108361779542072
-2.67543943432286
-2.07333580260217
1.73795332904812
-2.09987387885028
1.17917459077929
-1.96066332266119
2.17934066030352
-2.70429793584749
3.43988602283059
-0.476710361043785
0.614296443072564
-2.10790428103876
1.67977243039334
-0.00789541090397511
-1.79937808755026
0.889794939322044
-0.0458235105915156
-3.75894841521922
-2.38183398528924
-0.200318051252026
-3.55468064750235
-3.0059049937337
-3.43197278474876
-0.74363533807646
1.64290833764116
1.02295910454149
1.51381797514557
-1.0981395240048
-0.785148534292218
-0.906636976384287
2.86526802162418
-1.31215494376235
0.19602176696467
-1.82157485729052
0.194860008077292
0.207756652860472
1.01969388925386
0.135635508000824
0.386406927283561
-1.85431849005587
-1.77133903851568
1.56929839818518
-0.245394374116504
-2.93526729572792
-0.716667964750019
1.25122641769397
3.56806371878859
-0.848647356282362
1.05933734571889
-0.830118979016869
0.664730656181903
0.0955277306516257
-0.6120745404733
3.36372558428706
-1.29310676449965
0.475344144537411
2.77001666797695
0.537717621932582
-1.45023954607542
-2.36915704956296
-1.85130824953767
0.022556262927712
0.635597114002265
-0.835098975060833
1.64055514070024
0.371243521365082
1.56337206057951
0.966212312610001
1.71399814471804
-1.02898169886147
1.02421752340071
-1.06887883348905
-3.08663930572153
1.49513877346297
0.830877181343259
-0.662669597001078
-1.1142033042663
-0.2078922023365
-0.340844760306742
0.758689844348346
-1.5854225843411
-0.756924133317059
-0.919980886169517
1.74384790864616
1.10159611859582
0.683199354553513
-2.94427148384526
0.325036036736466
-0.777479235911217
0.678684787613099
0.851550104144345
-0.962809982777796
-4.02272275631548
-2.3143058070109
-1.93452546988779
-3.79086928734732
1.51674854367155
1.52759628259926
3.01067169298042
5.18528522842419
5.24218535108844
2.62322016919997
1.15545537158233
-0.75515717231216
1.59623192075935
1.57872921259496
0.748663796435629
-0.558950426880982
-0.123580380421255
0.0752590679791112
0.886559099905596
0.00512607613098476
0.474730489063032
-1.54021130079611
1.35798587568954
-0.80572579305447
0.747496314078423
-1.37131275477419
1.06756588939835
0.20749611985698
1.00300509557554
-1.24933176285497
2.16066898215984
-1.03948288813704
-3.24884223487648
-2.77461516052936
1.39485107717652
-1.26191962460407
-3.67666149744027
-3.11956571967378
-3.87907805705176
1.32607944432101
3.87623702523785
-0.404073754557994
0.138533408890051
-1.16715368056712
1.03298417551376
-0.931610466253533
-2.31399561760131
-0.566388978614136
0.807345760091597
2.33001212400795
0.741661720147416
1.18386480012291
-1.72006104275108
-2.29805257012753
1.49708275323121
-1.0290491627721
-1.04081949338536
-0.94684079930718
-0.380569652064236
-0.514012703913987
-4.43950406308855
-0.723765231748749
-3.26658510140204
0.374041973856293
-1.483583174584
1.21850580107925
0.640085466799923
1.82519427484962
6.34559655109927
3.86551440723142
0.06648703893781
-0.629298514021015
1.48993026725234
1.12252887634695
0.438324587442584
-3.53812532082894
0.86177975996439
0.544479580687845
4.74289980510252
-0.839306870208417
-0.785241365242499
-0.119770569771689
-4.55693856622304
-2.20386851809448
-4.98581931754519
-2.48258718002736
-1.12460069053787
1.78912492849022
-0.606181867744501
-1.45956309114848
-0.108213111445147
0.491748551498106
-1.75986670696508
-0.54819191387142
3.00523315708632
-0.788052337810707
-0.464608065493435
-0.19988253276877
-1.22250265192764
-2.43894477308799
-1.57424257817184
-2.00804664543291
1.24537071648332
-1.61791455474059
-0.357902505012309
2.34785253787805
0.224829296190625
-3.09695271219586
-2.43625586659522
-2.45561118214138
0.550581210191108
-0.0340819068294858
1.84685500660725
0.585538291649055
0.0517649917518496
-0.960933930145684
0.501739313184509
0.19090464000402
0.088951736709582
-2.74999435775502
0.420856098983318
-0.636982433131963
-0.301910231425913
2.02976899279894
-1.03347085418185
0.0638472235776755
-1.25802647772658
0.167393596551844
1.32426108845315
-3.24567757067657
1.89058416411925
-2.65017937625779
1.48024206688719
0.532971189380165
0.72804253830926
-0.299561558540243
0.603110600168995
-0.399686141005054
1.39644247855242
-1.86996381890225
1.33757077343246
-0.950471268680019
-0.976731496792966
1.70303900825045
-1.93455168374991
-3.15640221195093
-2.71344748682645
-0.00348645278882137
-0.90712695314601
-2.19184816450129
-3.02396468993779
-0.933060717486828
-2.59792536281418
2.18204125631586
1.87126118989903
2.40936859068227
-0.408242710714214
-1.40131853305038
-3.0584580993786
0.263734447637383
0.0844954101975542
1.9000785508195
