0.567779837630837
0.919352080834794
-0.0803807675759672
0.783880494663524
2.04825483979104
-0.819652186088574
-2.50763137745612
0.0989291468652788
0.474833024027172
1.07490697197499
0.279766344958576
-1.38407431197409
0.888917426874899
-0.439868430142933
-0.389939106375069
-1.90314660016336
2.25713900485982
-0.218381428733094
1.21514127418246
-2.59331971497108
-1.46679927159955
-0.457157771627467
0.804770188402793
0.190867254205716
4.05782210748599
4.24562015910563
3.51234069825583
3.55036267663804
0.686127026576346
-4.05992067956499
-4.43600542343633
-3.53816350249834
-1.46202804704006
1.79637993096715
1.77096316115226
-0.752292531369646
-2.3116460839566
-2.42324165060554
-1.21892088893443
-1.04444735412816
0.968063068092848
3.35903130044672
2.11052582523968
1.50834606910125
-2.83008642768922
-4.17542774558224
-4.05307692857172
-0.455786317326919
-0.68578496030388
0.172553302491928
-0.16256230832578
1.30213771695495
0.32034482108516
-3.37423644272085
-4.93613044470242
-2.79618244734978
-0.52980372670435
-2.08411177444038
0.306128725028992
-0.318491344248086
0.0347775113058715
0.164436898620216
-0.0564694944215243
0.885023736873603
-0.0394937256422718
1.91935571150086
0.80793821911347
2.80750418269789
-1.97333670612186
-0.8295333014284
-0.755204901716272
3.22478145494269
1.39679678854561
1.40966333442892
-0.278459146069195
0.171030190701245
-2.04848251786898
0.997169311088773
0.311727691310271
-0.817051894135097
-0.327156707767554
1.78781123362294
-2.10458501261243
1.81616977258069
0.487400426945324
0.0519141256693354
-1.71901062456259
1.10985560454912
0.500178955381996
-0.424620482515632
0.673113950220789
-1.81364419729545
-3.78498322511135
-0.4402970407464
0.669039869578608
-1.50209295921586
-0.362824301786717
2.19192375955026
-1.22822058257187
2.02424159912968
-1.40025971067741
0.932846628123835
1.37760409640414
-1.21205737515473
1.45336230490397
-0.425362199122211
1.3642807567201
0.211495841553747
-0.376598471965662
-0.733871914832223
-2.80175166519279
1.13750865884701
0.733557098519027
2.77046138452237
4.78566670063829
2.41053728018897
5.1861507308745
1.92196774935218
1.97127642540497
0.695064239742751
-0.56561447249297
-0.34010250911124
-1.00512303723199
0.46944300694597
0.670948175868765
-0.734723054396281
2.84737432617102
-0.887456124944687
-0.0285563254361641
2.4853520016741
1.9513058778222
1.73355315469988
1.84979388037465
3.79455915107197
-0.882388729430112
-1.68230106877959
0.663939894415886
0.712336831394634
-1.32894886038433
-1.31432356546961
-0.514554835577771
-0.20415541714453
1.56333026382727
4.89860119439145
1.84110501248604
-1.8162523522972
1.65054277943201
-3.04261723681622
0.300400599825143
4.08041320011736
4.24372814136673
-2.26633837522702
-0.659796723386582
1.99614942613318
0.752116681115017
2.13719757293378
0.443385488837067
-0.532429205421842
1.22031110691985
-0.842058397473331
2.41875825031985
-1.15808140727664
0.546073324125785
-0.33460170465906
1.82213452636801
-1.01747267266534
1.28967939692466
0.21084185240029
-0.73905907879527
1.42520266564378
-0.446263469770905
4.27006003762212
0.667536019136912
-0.884091796220667
-1.37599007847855
0.46239570854032
0.384085740404769
-0.840786708253557
2.27268163089494
4.54725004720693
2.80664511575081
3.35421229221862
0.898503534974007
1.37173619687433
-0.168566419307656
-1.39366089346689
-1.54544690648559
1.19046268850579
0.0580064970011818
1.28237377670056
2.19639816831758
0.408662706644799
-1.34664672840487
0.68698097397443
1.37640124714643
2.62067486515508
-0.456865897199488
-2.53550100656979
-0.39023278931131
-0.764793513212932
1.19996973098203
0.727711508853995
-1.42074722128328
0.951920040064616
-0.306622614949658
-2.18093470749093
1.60909191932402
-1.7859842189553
0.399493636614138
0.907476211438589
-2.15781573981593
0.459803847311312
-0.348989744751643
-1.31046022374935
-2.39018743342464
0.490256811330406
2.06957822150565
-0.431531702306912
1.81145669230754
0.141464716648186
-2.15750869970121
0.783648510368904
1.98025207377099
0.362018749397425
-1.75799547799686
0.0854971654249194
1.52561664234779
-0.324038959556384
2.92129763029632
1.73665883542143
-1.00327825863882
1.00746684887059
-1.05467731570711
-1.4992312623375
0.205567545227948
-0.484876207323805
-3.15743573853869
-2.29503302397378
-2.82853302711548
-0.513107720647804
2.03466524311921
-1.1027140621193
0.687994175559123
-2.67899400267896
-0.803858097941079
-3.97185557618602
-2.14012470901743
-3.80161247392228
-6.60207661451118
-0.353518114545786
0.717633990242611
-0.500838758380687
1.85525121152247
-0.0933867518323959
-0.539175639882082
-0.0240791584809704
0.841163981907948
1.33153267087729
0.289813129623432
-1.86940841374047
0.451668282877776
-1.3699272797947
-1.27684919865605
-1.12615770888741
-3.01656943125978
-2.85312909601798
-0.975790379633235
-1.96300005731624
1.10469172107621
-0.233508503148315
1.97386186310048
4.54758940371655
2.58086047488405
-0.840600025004462
0.846170064187048
0.0811223508479965
0.0854547788280854
0.308292106047413
0.13270231910361
1.7053618282051
0.144486998173115
1.04688114737437
-2.4156435605794
-0.838706381269213
-0.0736813384870556
-0.500013697975094
0.135743539199005
-0.3245015733885
0.504413840625917
0.0837824446278484
-0.633740099091381
1.53129126915956
1.9453879591888
3.75437478706905
2.57315992823549
0.425371527547885
2.36131663058534
-1.56570424568325
-1.53022554889353
1.06944877374555
1.43306753883051
0.0657361909756938
-0.70996519172532
-1.48358845066838
-0.246721267391355
-1.97423083316992
-0.708064682874059
-1.88208152401991
-3.39383023480846
1.18133297812801
1.3099943900679
1.23901433381285
0.423848335646301
2.04831793544393
0.653770291096692
-1.0798920360461
0.466695612721645
3.40443776244139
-1.272100954081
0.989119743866628
0.887552481966557
0.0796737492121175
-1.09332567583172
-0.336204361306257
-1.05293271953651
-2.51784270014467
-1.07579808050927
-0.615586855088646
-0.354704610322324
1.55834445722262
2.50900754875829
2.4091203006975
-0.152949640108465
1.38440235757432
1.69227101797858
-2.63284190849629
0.75387194839283
-0.900934529258368
-0.288361485091005
-0.169273469244519
0.555554308868998
2.76891404481748
0.202130095639729
-0.49672128241061
-0.859919003258722
1.96566135086811
-2.39545082887763
1.47908561368797
-1.04011030546748
-1.84236221667484
0.692142786620509
1.01408617599182
0.872341973492839
-0.150830406748434
2.89629297504813
1.18495412465718
1.90633713013562
1.80430114576645
1.89770917227839
-0.151582179561707
-0.703053822244071
1.58384012658414
-1.28076668830329
1.83893066737606
1.93638236978911
-0.709061713432308
0.553059283052583
-0.0790885831869113
3.16819309443127
1.39666540550039
2.16813224879955
-0.28247400572062
-0.751762208378252
1.17056192978256
-1.32207231237006
0.406405246561482
-2.0617052351177
-1.16060712712992
1.08906953220517
-0.595929326710139
-0.214773768162381
-0.913998006748344
0.639193354852918
0.584734326654188
-0.751715743425678
2.28990238009823
-0.542310835527016
-1.44707783941546
-2.37945465834166
-1.46350378465436
0.756819282069459
0.673590895813508
3.14367502198614
2.64027454354877
2.67720048608559
1.52399183056534
-0.209712427183115
-0.300795698161689
0.580721208029661
1.58391762374631
2.14337037889571
-0.668342616700435
0.276938610583234
0.847374207085422
-0.688681184447706
-1.0448741913165
-0.888972416684276
1.7287213112846
0.089913460944953
0.614494381776824
-1.25545544855195
-1.74525669928595
1.42251937735486
0.683351023132207
-4.2673072195254
-3.86003058228672
0.285220932130265
-0.575738407742441
-1.08013426230221
-1.10064543383581
1.22093573030132
0.650713277550042
-0.710875818342754
0.103405101423715
-3.03127560614124
-0.829877869317542
-1.59818193484364
1.98010781599542
-0.268359032930978
0.164950783232148
-0.382616135294018
1.55603904370075
-2.11322771552289
-4.20748238438732
0.844584341924748
2.5103906635864
2.83312239980714
-1.61776658549579
-1.97633995778624
1.49761688236765
-1.64502731727937
0.285172469461758
0.187638354436572
-0.451782426528878
0.708646533757356
0.941081695206035
0.941125389147948
1.08844010401314
0.971892174718628
0.120460014283738
3.38271885251287
1.98001761960592
-1.8847149668062
-2.76229578465131
3.14964870040139
1.30881966943693
-0.240399328744694
-0.211103283541381
4.41469162469156
-0.929809832579109
0.914145981924995
-1.70170634573402
1.88837680019763
-0.574589086752479
-0.865679109412097
1.74725286259641
4.5231685611795
-2.25422799220441
-0.876080336078893
2.07141264292899
-0.205234138488777
1.78251132627858
-1.71190434782277
1.06536739630185
0.878611308717821
-1.14264191988098
0.595177217273263
-0.402744038387329
-0.118651581512212
0.210207761416325
-0.314211192467135
-3.33665401469637
1.99624303606854
-1.57493213123662
-1.00847674503282
2.33097110256868
1.06640105291895
-1.26062681577964
-2.06741867590283
-0.529388197279867
1.16541044393436
-2.12168878189224
-1.40034110839052
-1.31661348104183
1.03549976985284
-2.83192239405523
0.0120291765628104
0.310890529813855
4.8712038409365
2.31559563461778
-0.183026722700854
1.92539298133561
-3.95365373036618
-1.05610928753016
0.852615428503868
-1.04727786332295
-2.05835913477667
2.3127268036159
2.09168140426478
-0.197054348418934
-0.676145078378605
0.378264217050459
0.457052369089777
2.46768413003376
-0.67451518772219
-0.942556735567926
-0.393797858802417
1.38757802503939
-0.747724454872472
-1.35966402499719
1.35937154007648
-0.403112127622538
2.47953804609458
-0.260992751206048
-1.51058964045445
-4.79236247608826
-2.31206002756369
3.47367627650632
-0.600300111865451
2.28844454223419
-0.482606236997597
0.149048908690855
-1.45686777594951
-1.36070552580164
-1.02445877037534
-1.43831492437055
0.0923724289771612
-0.057407528528353
-0.639122095730854
1.02316158645617
0.654051259092213
-0.384710133087915
3.32575898039763
-1.91229377877276
2.27183623514111
-0.893680797587761
0.177484488238621
0.615622480052239
-1.04404335754064
-1.72612670076194
-2.47916843100824
0.144921300495952
1.1549618792751
0.460948185663164
-2.76443838623539
-2.51646186713492
-0.338674466376752
2.75582545276575
2.83723720114798
-1.35634824713397
-2.8752970142116
1.25952658884687
2.9346007882645
0.273097538572381
-0.201906724391347
-0.0627138210480745
-0.0565350418913117
-1.21642806264657
0.000158321062275757
-0.991887790253075
0.411131030544399
1.00476546930915
1.40483692965515
-0.487054406137712
-0.820331562854034
1.12360938082289
-2.75732617297535
-0.289601216573928
0.998851673135386
-1.12108030590031
2.22351026766523
0.26819373520776
-0.794504609734959
-2.00602580925043
1.85699445972772
-0.747239919772073
1.37693107223796
-1.75273184295125
-0.246619740497853
-1.64225627754802
0.670359422135323
-2.10219775376469
2.34973899325629
4.49588152906215
-1.89466200005515
0.426623263957511
-2.71689631354089
-2.66576701232248
0.768141704780917
-0.270009052935599
0.605406848266477
0.699722255250285
0.606287822314571
-1.99825409862774
-2.36760259681939
0.00941831092032646
0.521565612189227
0.180719718522292
2.74362208185182
2.32760457995734
2.07815563688741
-1.7512447131212
-1.38264594146365
-0.246247363040249
-0.42242998061584
2.07497832545535
0.337953435183917
1.9663996751663
0.127066396447196
-2.65437748138782
-0.719759570907726
1.87820904571919
3.02306185532327
-0.364412976292666
0.344974910334196
0.0273597611782189
0.38224724294248
3.25280642365877
0.951599495915583
-0.777486572730754
-0.889314096349211
1.01978616688938
-0.232786557435103
-0.723977930985949
2.33320837384079
-1.72075304360569
0.23311902974361
-2.94979224513913
2.03441932281673
0.311718413738053
1.73888334895275
-0.927564549937651
-3.86647016856494
-1.03448921582889
-2.44510095791111
1.81497650036244
0.196200906882047
1.21102708910233
-1.03839169162529
2.13628420081618
-1.68271804239191
2.50977460687016
0.43110659698963
0.231704599971887
1.80092066572946
0.799673052715587
-0.736922625899876
0.514093562158821
-0.643980315275842
-0.0243627611463324
-1.89761885771937
3.30815637401495
3.65721091854726
-1.49234496758002
1.40683828301192
-1.019224602934
0.394290049845555
1.28209060374182
1.88837953252027
1.79994068206965
-2.45307495011512
3.60019528572975
-1.55071158743437
1.26747831472052
-0.636164706542672
1.75191611798729
2.84882776145715
-1.56984786185911
0.222990531901397
1.72468949319768
1.03400064747277
-0.258111772952911
-0.320946348470308
-0.753334754592863
1.33575918122265
1.5752012704902
1.507161699913
2.08580442075629
0.314528648038773
0.530023951034514
2.3711241843107
1.16987389113727
-0.868934840733934
-0.405461434536539
0.405598987540537
1.0911508419034
-1.38051781542694
-0.14712664423417
-1.71473370036143
-0.0344128545803036
0.302505507227212
-0.483868292268838
1.64136860586371
1.41759100083289
-1.31814533198217
-1.08752229491817
1.09780936026872
-1.20305860189652
0.229938590886927
-0.0826894711115698
0.513331146061602
-0.327023420412848
0.726111533423284
0.0299752738847376
-0.157337529110273
1.35779572509248
-1.02779900358633
2.01237736090934
1.78495804500168
-0.751328013588299
-0.945504215288531
-0.46768104863383
0.19045751544743
-0.521423640791596
-4.05925047985139
-2.81435134195498
-1.79879733738022
-0.025731816345173
-3.66543422344802
-5.07619109848921
-2.47768210735028
-0.554928351556608
0.632540606946966
5.53945380791302
1.8527087281558
-1.17460873173155
-3.50313320254003
1.2063593940399
2.18581520670632
2.43795835781381
-0.171429127080439
-0.486167183575625
0.0163393705280943
-0.900478051691978
-0.664266458568854
1.3899216928961
-0.997597832585275
0.0738114773612696
1.03061278811706
-1.00514576860776
0.22795169861011
-0.808448719138427
1.68838481314776
3.34795743661805
0.459046315351593
0.270917618800703
-0.191159783254508
-0.545253279427148
0.903657961751067
-1.78659943072827
1.48918178762869
-1.47325262329665
-0.447312873662099
0.835878792750648
-2.07297705882607
0.913282993222379
0.40081879477836
-2.07936528345956
0.0315657494347664
0.47008758846697
1.92978094838793
-2.03139668553671
-0.0387620750080694
-2.5828111315396
-0.161093173677525
-0.494017933872581
4.43286330517638
0.44089791007059
-1.59528488923618
-0.0774201816125431
0.495584897509512
-0.663768299717437
0.145809830698691
-1.01509227240586
3.25287034203557
3.40954023104242
0.897413408765352
-0.177386517965186
0.746273571891021
0.423099874506717
0.0796033414113573
1.16434484241862
-0.472087392030773
-0.334624807539932
-0.504320930586334
-0.198050970161067
0.337251345710652
1.58332036303125
-0.655645566651739
-1.51802934333471
-1.93665107615518
-2.79350749422951
1.51164871243689
-1.92129363344776
2.56142198177671
-2.50073810878573
2.73784356794274
-2.67432772158953
1.05338701325487
-0.405354836859451
0.56629514826755
-1.53806358268231
3.49992343129425
-2.69339219737336
0.803488656371839
-0.480957682589726
-1.95732587730661
0.0396403836571404
-0.3578404930863
0.169933790541762
0.323629923667774
-0.15271890093437
1.09852058598013
-1.51830111980479
1.47662575651174
-0.514217229545384
1.20286600212166
-0.246344287311483
0.8545699458787
2.15339623599665
-0.707578547015445
-0.260604023368327
3.38359120606848
1.59105340015102
0.143736038749994
1.85861928466585
1.95021114876552
-0.487218109122489
0.837446793584236
0.834290245610143
0.353442161612755
1.27138828779855
-1.59685131220474
1.89060654559771
1.3035877080842
-0.591541942878874
-0.276714260202174
1.74081645890053
-2.06357069696556
-1.17759028963267
0.300612123459573
-0.996676579897571
-2.1391598649055
-0.0555433600526385
-0.756383358993903
-2.25886376607955
-0.825294966149207
-1.20293136900878
-2.02151074758194
-2.30740895655398
-1.21001431129369
-0.0105893751228339
0.394085705831101
-0.492739848350562
0.90970419818595
-2.06056528941951
1.26744786106797
0.686842614334006
0.502632170479829
0.350703450217522
2.31698036251931
0.190318389039156
1.76801337794749
2.38660319594565
1.89735668996957
0.749472858165699
0.373741402397676
3.45810640989438
0.971610244099141
-0.757362057876309
-0.488361492954326
-2.08252990629897
1.14848892969441
-1.90741395446155
-0.028939866706985
0.697898085963747
0.958146747974613
-0.45432339297219
-0.530262904842557
1.23848260561466
-1.70052600894836
0.131844438443193
1.08381208672701
0.927430858843189
-1.22354789691068
1.03804669819396
-1.22127192802402
-0.742475053991723
1.11870845816502
1.17500739551314
-0.583813911835311
1.74229593846165
1.38021277571069
1.33480596104993
-0.00212896900239182
0.320337419605768
0.949101808570469
0.10918555969342
-0.278957015813915
0.404228553843845
0.10829781873791
-1.550102278409
-1.3455418629974
-1.48381045487731
-2.64345563762354
1.13810973381987
0.0140544976745672
-0.880012963304768
-1.42164709236864
0.812449969539585
-0.507179683146174
0.954149942237026
-2.83688022707781
2.44152013861077
-1.69675889502382
-1.46435275735305
-0.77084331278007
1.53462917814848
-0.174291768149813
-0.427794748902661
1.22858263342867
-0.0281515287793506
-0.609227145548735
-0.702897147249754
1.8618929886574
0.736552452177454
1.24656463797818
-1.90960739084897
-1.46497987917454
0.0200311862516663
2.07964401719503
2.8136498417918
-0.0728613059043961
-2.40746631450102
-0.461599572246421
-0.919837657201405
-0.942517649338857
-2.9096938908362
-1.0008369347764
1.26684973297617
-0.430898155435303
2.85550558355795
2.05431865315231
3.55441258805435
1.12837659797866
2.71831343192407
0.410477360827603
-1.79799854737642
-1.03131468087458
-3.8116295545552
-2.46573843277696
-2.05078350791308
-1.43904506408048
1.64295908647662
1.33271053744189
-1.9978778639446
-0.47747109611152
-0.88312548548765
4.41040674293558
2.0136864949679
2.30463465293935
0.587252288024624
4.23150022895766
0.020014036132102
-3.71377637499374
-3.42458054663612
1.03266539575961
0.804906076825331
-0.371921184337135
0.345526280624352
-0.40492747137113
2.38270525811192
-1.463423752526
0.320565226757489
-0.520348511364884
2.01073730337844
-0.637212920615716
1.56425278223311
-0.581252588873861
0.966391404719634
-0.34733654784586
-0.664933952412805
-0.0837784871899822
-0.824369123318974
0.846513985550889
-0.812495571457237
-0.607060334781587
-2.64424245177913
2.09854725784326
-0.283390799324942
1.94432861467995
1.81246892832444
-1.65847293306212
0.661915776268081
0.226384497966708
-0.79016583396339
0.191955224468861
1.21299503888817
-3.02401080114282
-0.187987955358627
-0.244086992188357
0.694967412470481
1.06596321949708
-1.50179986248121
0.642404677130261
-1.18665275312911
0.0512986889485391
-1.25626149456561
-0.348512116775587
-0.122664776879304
-0.140320793738613
0.478758743921859
-0.918744906044171
-2.42621456867883
1.68630430751684
2.16188439454258
-1.23095589470551
-2.46397220068793
0.475162759492552
0.944503758453101
-0.700171732906554
0.620256811641975
-0.705461737648626
1.93639093419261
-2.43868636982614
-0.988519584639351
-0.255908405156969
3.02537199846114
-2.62266388558116
-0.907730911715786
-1.29838774926757
-0.245812723951889
2.21059521655572
-0.328857292649382
-2.05129650490171
-1.20546340463507
0.901937330611023
-0.387745411826213
2.97112892256376
-0.678106406221979
2.72758735887742
-1.17552860896135
0.0190760194058724
-0.358631454164182
-0.442779626347844
1.88578341553687
-0.305743208904353
-2.97104620089638
-0.416308964475643
0.853408697360171
-2.0365357238172
1.53761834089436
-2.55261858595053
1.59144743060152
0.737881966649537
0.150127329930428
0.405987938496556
0.50432865362379
-0.323208909918761
0.61381541678579
-1.4278957330568
-1.02590366287027
0.919322574140598
-0.341176801471404
-0.0307251668589439
-1.28249643410044
-0.869211940019141
-0.0502859624744967
1.16219627814136
-0.198622129339062
1.08112663919273
-0.207719950876898
-0.179298339300873
1.19684044366593
2.01207092751441
-0.707206446184359
0.37606904474974
-0.976017606479391
0.258036041941283
-0.313545391695458
-1.03657487718654
-0.25240865573115
0.407052810185911
0.113454582763718
-0.048771844311657
0.0155436319472304
-0.119049090571388
-1.83832440691313
-0.259887809460583
2.89288031628534
1.2489206212814
1.01173988832555
0.877737872720694
-3.74014334153696
-0.0155793954398275
-1.18242796902248
-0.34140220390449
0.29201197479958
1.0475810212058
0.190078809989953
-2.00031904001971
-0.440070974105325
-1.44778149692458
1.03592209840521
0.185906311086961
2.0108015254352
-0.262579065673624
-0.104233651375193
-1.65625232905906
0.553649635192815
-0.98279787015781
0.681045830684319
-0.111301991323556
4.54410471434962
3.17747858651297
-1.07587392268796
-0.0896100368513117
0.127961693862459
-1.84104955044936
-0.503400083092902
0.0157028411043091
-0.356761568530013
1.64546972996756
-1.15205134127018
1.3016754557975
0.326030515841417
1.48382126837436
0.270732327833955
-0.908059310896815
-0.653542321579957
-1.20245628707227
-0.77495501563109
0.427298934196064
0.893219710530739
0.909825890914551
1.25568495084628
-1.13084584123862
-1.84356265332098
-2.23927454574635
-0.124844184653064
0.292652285676702
1.02368501074589
-2.79143835903121
-0.680533989830691
0.0722046668031206
1.98907984412435
0.669503132787537
-0.744438204872669
-1.67229430685978
-0.154115100784182
-0.986472847433622
1.72015605121668
5.23051968152014
3.45575276198734
-1.08281948946867
-1.81848707005454
-1.10438686077251
1.03717939954004
-2.15901550247812
0.886405752843355
0.396732528878919
0.428378574859007
0.497234495332708
-0.773555815678789
0.90082431979312
0.288344830414214
-2.59602203755008
0.494344201662543
0.0968778327506037
0.413048963761048
-0.130268967462327
1.85881612452118
-0.0937201267942735
1.96424928574944
0.676387185395529
0.676170305868155
2.07918406297092
2.75160364202502
-1.71381842411338
-4.48633962714959
0.955966505463949
2.11508775803388
-1.67709454118301
2.7772179523149
-1.68117035109407
2.66652020351537
-1.19167860317947
1.50770716782219
-0.462084220945911
-1.02423426114301
0.60270823675864
1.25583756852021
3.03816074009481
2.19284301989623
4.11881307506457
1.72315499138495
3.74615389655513
3.92400030799166
2.90056854184003
0.0785910628576521
0.182027033423288
-1.17661408232824
-3.45645049214703
-1.03278418560609
3.46821515546331
3.62808639680698
-0.329154036022489
-3.08216060011091
0.526408069025059
-2.25443771000234
-4.58128617271594
1.23806485903397
1.51561829147221
1.45875500512031
-0.355811702388836
1.15100775926203
-1.34466520133013
2.3110283457126
-1.31836847625135
1.54452550517396
-0.726728709979142
-1.13958722953106
-0.0236371346090448
1.80793490777694
1.12657913262801
0.43161238472992
-0.71486162898015
1.28281057039034
1.98072442319726
-2.42735999933641
-5.11871850137003
2.68472419901479
-2.10125844445331
0.241382347491261
1.00418664908924
-0.360560573042888
-0.814702318747265
-0.200798059640368
2.90240595243476
-1.78000005549212
0.506582581424443
-1.251954094091
-0.716800492196456
1.12820372901773
0.86918298843452
1.27077618540199
1.83889866697492
-1.54079022450841
0.0446692211294298
0.361469822998272
-0.239202752160224
0.280002401272827
-0.467849099349204
-2.27349023149531
-3.18760546118786
-0.680987361639322
2.28776249048784
1.69344703757137
0.227391821847875
-1.83075693759704
0.0759795131853692
0.828680490152544
0.307654999941494
0.111384397394723
-2.11472711915935
-0.790584953582292
0.913880263042752
1.03929672745516
-1.05415823208727
1.20035957842736
1.66602547107355
-2.43554839552334
1.184892226053
1.01828672852646
-0.460505761995287
-2.1564104290508
-0.214030770702778
-0.00146309938861904
-0.660869143999299
0.640454789710204
-0.246540345975471
-0.809650015215075
-0.727412796118075
0.331862856864341
0.557894997751829
-1.49676577389517
0.151342584450751
0.169775635896653
0.946373888844726
-1.38627701425101
1.34026091166839
-0.0923253024323122
0.136820670436884
-1.23468829227275
-0.145446828126241
-0.698013127944839
1.40946438509259
-0.0339117935249928
0.249909049877967
0.0135492316480836
0.0819707958401999
0.0904593839001425
-1.78830349331805
1.12239434574734
-0.880938497329892
-0.833404093350092
-0.672576728650974
-0.0478376342775511
-0.0823786400526314
1.70952997715427
0.168138697134028
-0.38721631867781
-0.176247967955946
-3.26325574294427
0.423043877573841
0.218990671896541
-1.55913009718103
-3.24943036546461
-0.791760091062234
1.81505295791551
1.55556564188539
-0.651418172776611
-1.37915548594261
-0.350099991392471
0.0304860202094715
1.41328358991548
1.0453186296854
-2.05171517415671
0.177909845738361
-1.066809321207
-0.26631831471399
-1.31678139131282
1.47678282807618
-0.3681960779603
-1.21260086994719
-2.258115322938
1.43088536361996
-0.110715505248913
2.52400539503613
0.0327379690419028
-0.143502674455319
1.72213582469729
3.17117302477983
-0.8668675643971
1.26568646359815
-0.105234444032128
0.196679353119849
0.123077649443824
1.08962301365854
3.94217360675171
3.60142404161886
0.173111314944977
-4.23969543189645
-3.15782543835518
-2.23770206702613
0.823126181751688
-0.846591348080033
3.16538561543076
-3.29824076735776
1.57871906012245
0.567992502308288
1.22023838407794
3.7508592929437
1.56317948104594
1.01017931257901
-3.36579631240838
-2.89649376887315
0.696251728809138
2.50677490518528
0.600728553672705
2.08402266474166
2.31044114776777
0.615988852185014
0.146862167167058
-0.154649440226683
0.410986775583783
-1.28903628748756
-1.56600250574127
3.55741913303724
2.77008224500951
2.23131743880736
3.02815414318757
0.478634130846685
1.18883907583526
-0.261810998462962
-0.194714190363218
0.636982158029086
-3.54870907013455
0.627073725097578
4.62657602119944
3.05174166389131
0.432662278950859
-0.209417386961439
-3.13973087492067
-3.71385805283445
0.438886096878631
-0.0131925201555817
3.21147179500148
1.4607173725853
0.0956547870741585
0.515653345139061
-1.30576655495458
0.116306592708153
1.95873134440429
0.938326828856373
0.602287898386921
0.541978630331015
1.00470405105826
0.671201493874586
-1.19780534399192
-0.510443345106788
-0.0345970435950557
-0.227837649276731
-1.87633759551499
-3.46255639687364
-2.61431238113852
0.89253963956312
0.289056224752507
-4.88245243986736
-3.22437147785649
-1.39922498075305
2.55089289633284
-1.34572385519775
-1.25453073084633
-0.420839581875382
-0.309567502710717
1.21583725851369
-0.0168160103573995
-0.145211882205937
-4.6311182766153
-0.81730788785075
-1.52013242852392
1.03052975044496
-0.0291083857415502
-2.97110746829582
-1.58713906817276
2.80709146897775
-1.1730131945833
1.76723672893409
-0.364628174790908
-0.338954982416754
1.29017473683991
-2.58167148292663
1.44805794604743
-0.574308226866992
-0.383141167510025
1.87687303804428
1.30191193645732
-2.45676605298479
0.341012831512605
-0.404992810253491
1.08930903685256
0.812840935359245
-0.313518156732565
-0.568745230221324
-2.14229769076925
0.586063010594215
1.12810526939597
-3.37242371144254
-5.48559005437862
-1.19909264126421
-0.667146248215307
-0.0133851644492982
3.2162872474033
3.52654974792155
0.416721067771916
-1.62855043888073
0.968921336582363
1.00494032201221
0.523428949652652
2.19264003742413
2.10495045097701
-0.512264522082421
2.29847458560575
-1.34033388413282
0.142359047186572
2.10975974450904
-0.320364965426484
-0.431023970446558
0.631551663271775
2.52335419924419
-2.20129356763899
3.71691470487235
-0.691302695449505
0.206334885713316
-0.0678727681309137
0.811345061793189
-1.68564593876531
2.06542135615611
1.61552522349676
0.608767904770306
-0.482654522804001
-0.198417788923104
0.675812235068787
0.0467626800340307
1.88864850846998
0.0394250005913384
-1.27580490160706
1.86243471083303
-0.747946008685579
2.47762461393492
1.08824931157848
-0.693189347828118
-2.78048662118003
2.26382028181203
1.08881339709339
-3.02999105351913
-2.24505951139672
1.18117726531739
-1.4892971474646
0.471620502018633
1.63784263638681
0.85043203122323
-0.995662586773445
0.365957754123496
0.683514116950415
-0.536753483625975
0.127590370392636
1.88329846228622
2.09429403149888
3.17647943676974
2.00260345024875
-1.42307490422192
0.0434731581829476
-0.432570851966244
-1.2106072581837
0.283091811252708
1.18489075811835
-0.324909541106796
-1.88936107928981
1.1122697419506
0.149198181587279
3.08254437331396
-0.530637956819215
-0.598175527482263
-3.28949351842704
1.7168135834885
-1.42610468067692
1.85968173665865
0.26260451859352
1.13649515054506
0.184722439029894
-1.59119977599185
-0.340265023435709
-0.0116316197541297
-0.689452004170177
-0.547572421134952
-1.4438778589878
-2.84446386237744
0.61294385901418
1.24220258301868
-1.0567058260068
-0.35284707750723
0.990116868373729
-2.07745437422581
-1.6114564942329
-1.64948057971078
-0.0505700592149934
-0.686669303664566
1.97945037389945
4.56139283409582
1.86151913271002
1.56392933371031
-0.1894734853927
-1.82230608217248
-2.41194086831859
-1.8641973695816
0.906082644599036
-1.23993997372898
-0.923624355587165
-0.696460752800233
2.30928936944847
-3.69226999449693
0.515763842225698
2.12043456179223
-2.03474789017346
-0.107458211202751
0.272281523145265
0.117120902969687
0.94435910280532
0.335760446676021
0.295885162281692
-0.410791780791065
-1.1458733234762
-1.65922356822401
0.667438443320214
-1.62648533194245
0.750016025285922
0.264791018128772
1.74833377745236
-1.25747953885658
-0.819905364059778
0.363555386845695
0.422219009229693
-0.753897666330709
2.91353503774168
1.0281326503811
-1.60919774435348
0.172512005819235
-1.29975945553511
0.044372416679177
0.612939196696053
2.43925200607647
0.893241469835121
1.31446044051086
-2.47255495890008
-3.22354108222534
-1.66565577039335
0.0525881634102248
-0.335922017563226
0.615598043393032
0.370230714924625
-2.22230393336989
-0.182814442351946
1.85409339011733
-1.06050780122204
-0.350592988791976
0.921696361378106
0.593504519192554
-0.750084866552625
-2.35731256037286
1.05018186165389
-0.279963131691634
-1.35415495901997
0.10709751057977
-1.76558296915481
0.610720075213449
-0.1535045887602
0.400714016998137
-0.892430032847198
2.76793318037433
-1.11331182255201
-0.717784913969845
-0.670163885088054
2.35300435217816
2.1121977135669
1.88061154999597
1.3890416113239
-0.095499435076471
0.793435823092098
-2.75428238209333
-2.80014759734844
3.96391971550656
-0.323910252315186
-3.00560352149802
0.054637513846789
-0.924984782448385
1.11867993649481
-3.07186565159499
-1.96137807121618
0.26277367403232
1.41158064098169
-0.766793727113067
3.53108816292615
-1.57082908289387
0.0715490410778119
-1.95890611221197
0.504146851288668
0.221108513470673
-0.0115207879588214
0.0948888027358224
-1.69267692578718
2.10145880110279
0.444918810430383
0.75102429817033
0.766887257982644
0.819312741238194
-0.793938007623008
0.609611471042598
-0.853995886120585
-1.14841205149632
0.161267688806842
-0.271748951470589
1.45940250202399
0.764213210248415
0.214914874057245
-2.65805857287952
0.352275023577404
-1.05335580182986
-2.19193461726569
-1.75946195907297
-5.02422020686187
-5.01422603072615
-1.91264475096015
2.09134108979823
1.20804062838076
-1.91224036014092
0.492579952897185
-1.63621947258372
-2.26340215643121
-0.11059509182501
1.8624030268027
1.9103281081019
0.419379672955084
-0.619987278594226
0.860131732159114
-2.12821498009762
-0.930012450791665
1.48297557519886
0.333961017073653
-2.81820579191027
-1.57804558627982
-1.76139865055473
1.14611791451298
1.37674550530311
-0.405318778181605
2.14185239203267
2.14678976588743
0.268954843629752
0.486695666567843
2.34639837186848
1.9005159211156
0.012117441142681
-1.22520308124372
1.20189992504113
-0.317646462304388
-1.03355577106615
1.34603711195168
-2.86526888991736
-0.42163574939712
-0.731096783825515
-1.69647158074389
1.94292542553555
0.601694429865872
-2.38079271695343
1.95980711820675
0.852631967755894
-1.43140986249901
-0.842176605504442
0.347489490814154
-0.712339693396991
-0.36374918025147
-1.66344878898372
-1.14930608417447
0.272226981951708
-0.335897569565813
-0.318089829000049
-1.46609637713602
3.22264551354585
3.8103181105954
-0.93707531882904
2.12714549602892
0.0822520174004396
0.467032294352033
0.952497698581459
1.76400271539196
0.133264870341622
1.06327556868231
0.272807424046261
0.899199246773769
0.130902114663064
0.108239924808572
0.292184372050996
-1.38030344410777
-0.884098044138239
-2.54453192999126
3.04779793484607
-0.995538168388983
0.323579680430457
1.10874983114901
-2.23556585312415
0.840208496243202
-1.78906157432763
1.009656621217
-1.05820546135064
0.365858857716732
0.0738338587794287
-1.60413602818466
-0.29446909637852
2.36201644072696
-0.599058786109179
-0.214645701751357
-1.63056179097141
0.605981353130266
-1.51389145490184
2.51543222144934
-1.47368692109531
-1.1337509317186
1.11846380920616
-1.02932857785207
0.74404543364353
0.9519569441825
0.129357667166887
1.57234670019103
-0.527613654078186
0.479992918091026
1.25701209099792
-1.38883938688484
0.682304661514609
-0.325491859248399
0.346598931681778
0.577256078810013
-1.44667454323052
-0.937497903198012
4.17863366453377
3.43089414763981
-0.968627480867281
0.841089183841743
-0.52745532834085
-1.73251223399087
-3.75452581622061
-2.51623681299182
-6.03309944540457
-3.35668747553541
-1.21516909953408
2.43268977736204
0.970029695851331
-0.122526028184032
-0.716822865105962
-1.73520812514168
0.27491177788809
2.50021127337179
1.36189648467911
1.94171295735759
1.97029865639684
-0.712248355815937
-0.87959182459291
3.38289945375349
5.16414711473047
2.90701527776206
-1.69001255978137
0.381528135145677
-0.985902830028099
-0.0333528202980824
1.01996112446108
-0.461436622945515
1.31792485913242
0.495998319879735
-3.57944108577358
-0.099696301441383
-3.69557365159092
-1.78157189358636
-0.0880978433141714
-0.686867997468508
-0.490643403376171
-1.83151027310004
0.451711710242794
-0.789626542291689
0.702433001359548
-0.547106072885147
-0.202406625289104
0.749777350797743
-1.23980740509171
0.552496148880555
1.73242329559041
0.180298269867058
-0.781501035913533
-1.36069193287543
-2.82410077776977
1.52236401142194
-1.41480211073196
-2.04436092583154
-0.64778586656592
1.77209713252265
-3.01436659648157
-3.42545097999732
1.59193077636596
5.44960754528524
-1.37433141208043
1.78763672444643
-1.63209374370444
1.01505439514769
2.12160003742147
0.000959439588727906
-1.06877168115224
0.917970028076013
0.39168792723699
-0.858756904616883
-1.15522575149204
1.79884645382972
-1.6853738092226
-2.75070720641999
-0.0905697569912043
-0.682774983191627
0.194359515362753
-0.367003150646958
-2.17388831305172
1.84100132179325
1.12385193670263
0.166563731679374
-1.80788846953461
-0.168333514563905
2.55090398747387
-0.84701173267443
-0.600848242666152
0.292711063953913
0.414005084630432
0.151133189917308
0.23041565629559
3.12263954899973
-0.751116368073779
1.66719270649524
0.867055224395037
3.01130145768671
-1.33030767838192
0.884780259648617
0.678727129873183
-2.68724110688291
0.401642780195162
-1.08936336400224
-0.0266333448608207
-0.509852781239309
0.668014442427226
1.62764791990945
1.0468465739254
-0.942360227275382
-2.17626001065432
-1.10609923058158
0.37213415411528
3.63466066972187
2.50849014076458
0.349951260968138
-1.93904328738415
0.689666571745945
-2.76538562408303
-0.729580426783893
-1.43280028448863
-0.113063817715535
-1.04705753955122
-0.595127234954237
0.18785933628011
1.065114396547
0.735901493172996
0.683132998403682
-0.446167439831862
1.49830510986754
0.648749213490717
2.33437243208359
2.18683627158795
0.85120124357966
3.44902056606937
0.0757558858912323
-1.74032017603101
0.568432011437849
1.30634892957551
-3.35437094410203
-4.3623200822504
-1.16317904455847
-4.46731129701882
-2.80129580756642
-1.52433692319775
-2.33550176760503
-0.709576183881242
2.28736825887372
2.33165438727724
0.855153252449675
-1.07232134307304
-0.521870646182186
1.37418422784082
-0.568364005429628
1.29862008493949
0.180847765521216
-1.63337073175823
1.88065560185426
-1.68524201305986
0.116178964572998
0.444678264338634
-0.456130907438534
1.27217648730142
-1.50762337884317
-1.47452143416861
0.150637229110726
-1.21751998123739
-0.626245882823807
-0.292295166560621
1.11327948610863
-0.73440104429227
-1.01922510206592
0.873416310673778
1.58143782943278
-0.835491455185683
0.829848323673263
-0.53346954775644
0.99707147619839
-2.67147390773692
0.473711438741295
0.478676222992466
-1.28944799743439
-1.42413108844434
-0.643212949637035
1.06187456643261
0.278642358773944
-1.40568479441573
0.114592215395899
0.0191844234586798
-0.198465933893535
0.19481493323465
1.01890327368771
1.81079540757474
-2.78618746230918
0.286477937717829
-0.934131118570226
0.209995698563069
-1.18605947643173
0.401825068629714
-3.36755170785093
-4.68342863923853
0.372246829342519
-0.356281064112153
1.86846325388318
0.198665708140399
-0.0767242883996703
-2.52784326469691
2.26030165045044
1.0148995107023
0.275006134038224
1.28895871730248
-1.53534398225793
0.538652088422655
6.14168883905663
2.2229676298807
1.70062520500463
-1.15965248174109
1.93867522251436
-1.50242411150404
0.707591909398589
-0.378807156494086
-0.644660294931152
-1.16157736334716
-1.17370303039187
-3.02256053925091
0.586679331540284
-0.138932763302639
0.501910836277162
-0.314160900452683
-1.21595431052091
1.11405163791504
-0.876764756981802
0.908530493374654
-0.120268975934724
1.26894808446918
-1.31330928847469
0.976270293763884
-0.279506675776799
0.40209737953431
-0.596159309933528
-0.547966662837956
-1.22118313527943
1.2012389820654
-0.732829503604215
1.96901704245295
-0.216382858361479
0.161787493215899
1.12148986283037
-0.109441394162807
0.108172884349522
1.0761820839333
-0.633102141920415
-0.6765909018593
-1.4814098768888
1.00408058167631
0.215151756290893
0.574066851192214
3.60426343768778
1.0982939442969
-2.9845686014356
-5.21343696676647
-3.45129765292411
-0.414736763908035
-1.58142161172764
-2.30407254781834
-0.473592948041089
-1.56416290190182
-0.621596415648865
-1.33275380405622
-3.24025698857644
-3.86435888164946
-1.21649520385506
-1.5173516097079
-0.0340522433037465
0.377834414764856
-0.81664561213449
-0.979130034869052
1.26675074430796
1.64105869406607
4.76528890951065
-0.0964466035262161
1.96074807538783
-1.27772291217684
2.49151238806481
-0.275414393635204
1.98800436676796
-0.363773401045209
1.28551878707216
2.74435925313093
-1.11853404674257
1.30054495567864
-0.631475754455346
0.000861473310117877
-1.21462371125017
0.907699605744148
-1.21812925204634
0.747045002146717
0.270026539083228
1.58525048420424
-0.755736632585373
1.76627559311146
-1.727816615973
-0.945203543031718
2.18933582426549
-0.578308640600242
-2.6175140410613
0.371936547067909
-0.0927793255751806
-1.74296586904007
-0.44433961382414
0.100002831800717
2.32819465640146
2.63637744536427
2.16238054600621
2.04776808944518
-1.19204640324689
-1.6724098117993
3.07564414604047
-0.262769674216547
-2.09928786995471
-3.14977900975944
-0.13449693403528
-1.81447695508577
-3.00319501561566
-2.41855195185949
1.13977446147483
0.846363893298262
4.25298666541323
1.25640252310687
-2.96896461482084
-1.88534318747917
-1.13678458386794
-3.08068325031052
-1.48032758029761
0.438010119028824
0.922330673464334
-0.536029820066084
0.0607572840803354
0.139376040674177
-0.0451540579007379
-0.101050004684413
0.697906773564437
-0.309613497704153
0.650984521784714
-0.750347857508004
2.25643954372351
0.270812843705232
-0.263986395430395
0.726774892239255
1.18846169350658
-1.66500460213838
-0.207983213519315
0.425224735623026
-0.0638283404721872
-0.763333794840868
-1.95521237082547
0.364213515617286
0.12014408821643
-0.304844617649733
-2.10691409925757
-3.67301998792769
0.359205631336202
2.85381676219076
1.68938830772284
2.80113297516864
2.54629826103937
0.804024245792286
5.33728190189202
5.30159209650493
3.79688184698846
-0.756727242280548
1.11550551367891
2.54055674144669
-1.74213673881464
-3.12563376732973
2.43026930369675
0.783607998642779
-0.680804680634936
0.167256281252276
0.695280462681916
1.52364743765782
3.06227190541308
-2.18795653274539
-2.3565875550681
-1.16689516727412
-0.77696375403683
0.718581358577947
-1.29475687608921
-2.52046327646052
-0.020621483915603
0.770865013546244
0.134121813698527
-0.218538321993714
1.92464063339936
0.686321811719727
2.30632090523977
0.629893764740238
0.991776624223445
0.149496665116923
-0.768491164463757
0.804995963090886
-0.307555736292167
1.81507036623697
-2.94982315059764
0.269538171091971
-0.661681095682789
0.101827032715035
-2.51310074274562
0.979536066904306
-0.133504660366779
1.77751853366771
-1.73074079888691
-1.02674316379034
1.06860748615677
0.843651180491916
-0.860994791353707
1.53164311002642
3.36088206258563
2.16975823215964
0.960996790424647
1.28283723798604
-1.55857766021719
1.2293947096751
-2.65133841177784
2.20281455813088
-3.03314596821511
1.64875154597803
-0.696944218110244
1.27886018709914
0.686830406568161
0.759709195433805
0.33405920520706
1.08009572407122
-0.888606123464129
0.768324339735803
1.11487476227604
-2.89246130714865
0.612174847384373
-0.856442148049767
-0.467852624142781
0.103598344652173
1.59753480654881
1.182138982953
-0.235953276631059
-2.52245631059696
2.43087768881869
-1.76750847716686
1.05805050920303
1.19117200588765
1.41608283867289
-0.218964724933989
-0.895169691576004
-1.26802555572632
-0.584367488564625
0.427681968609053
-2.6383573648536
0.113234831547317
-1.49662242354697
-0.58220323904288
-2.80692917985365
-1.94872540160263
1.19809816480746
-1.33206957540414
1.1926196032545
1.25468499642011
1.39586259574366
0.0953501058980744
1.58926865793838
2.53595405041013
1.78133351389085
2.44747971399886
-3.95116756794283
-2.27316696242484
-3.1074330456415
-2.00936880607388
-0.391302861309415
-5.82816529980386
0.15501182722729
0.470304946197466
-4.02676960367504
-0.239108908648403
-0.790576397412714
0.419733984161661
-0.56726251732513
-0.389440858297506
-0.47227886077485
-1.65962038396567
-1.80024216966356
1.20015813848258
-0.419914030250194
-2.13388005080701
0.956605440043204
-0.0521033670841472
-0.904211427298864
2.58062578107509
-1.1860263551727
-0.0474976789706406
-0.534005523771033
-0.285567233457328
-1.91561557705787
-1.76997253695452
1.92380196027737
1.96519516600696
0.985525486195715
0.00859308955831339
1.67061518010881
-0.544596973783914
-0.771434176412702
0.332053708926737
-0.0281994954374508
0.665447592192808
0.0572476098996161
0.627392652125185
-0.825714695452853
-0.267352676674089
-1.20599791560856
0.344919597334437
-2.04627369843197
-0.722966540709694
1.24102275346785
-1.22087966005062
3.41713571540341
0.618290371472189
0.691528068014492
-1.2736425406542
-0.476003972095076
-1.3294088248963
1.73559068944917
3.48138113815529
2.40934907990479
1.5280399233805
-1.73680850565648
-0.43198477877123
2.60595768100699
-0.989632482791258
2.05511872446092
-1.31951997375639
0.725403574457435
0.729454173213155
-0.955344359328806
-2.51172793019231
-2.17731019659893
-1.61546523613764
-0.275459572483538
3.47407142022025
1.44931239385372
-0.0818861186186007
-0.816360246336868
0.0442091382725138
1.76182706617926
2.85606644908864
4.25998066336563
-2.64035572891875
-1.92701009628347
-3.27920820113887
-5.43599843746501
-3.63042674687431
-4.86476815033646
-1.98570821678897
-2.39906482820122
-3.01201503102079
-3.01967260638664
1.15286180785462
1.77744302321689
1.69795446318263
0.600180049472742
0.152830818745974
2.82816694541895
0.557319531573923
-0.847110267414994
0.0905380054426239
-0.509705613590112
0.431593477348256
2.54275991538556
0.606218339521432
-0.865365513407216
0.701173789065454
-2.28390811161945
0.538423210102607
-4.23478084705826
1.41620139089513
0.926988233328023
-0.394509233063253
3.27795723513308
1.10268684434762
-0.236542596144514
-2.83723907755074
-0.265887142540825
0.224855258255249
1.18306916552501
-0.208568270394053
-1.17447173582893
2.1538294709188
2.4009503756951
0.695998866035618
-0.198418218059599
1.64853665104409
2.67323306796956
-0.809987804343432
0.948181039900263
4.49732983152889
0.621797343096599
-0.735666560816849
-1.2612529537117
3.8243823298909
-1.86196538377467
-0.00668191033823257
0.506853354593237
1.71994243262192
-0.295548587461924
-0.133336034529671
2.52204605247668
1.52558955578471
1.16197767854247
0.23169152489854
0.43375706219607
-1.46554000494967
2.06354016553223
-2.16805319818019
0.573270463223726
2.85693469820823
-0.0768705988962516
0.777538334030731
-0.64503114320812
-0.116454538438285
1.71728541801885
1.42531315002375
-0.967546426081742
1.19932317839911
0.00349626211709309
-0.469464989216231
0.343433668150522
0.0612623176190166
1.65094897174724
0.19971160635935
-1.54214942725784
0.55994040823552
-0.321444713135066
-0.809718673377929
-0.712209903935688
1.60072866868056
-1.05880293750967
-0.430440682488829
0.774280193300524
1.17975782847419
-0.705549308744562
0.488893684356738
-2.70468893482986
-1.92364612263361
0.525699043472838
2.3000912504342
-3.5850509702681
2.09305973829206
0.118974828071117
-0.78330927924711
-1.41225941830972
0.838469991102587
-2.20408196338767
-1.20672399549188
1.87057060083583
0.257708595624797
1.16421224791238
-0.956673419216226
-0.755563241439812
1.37047493467774
0.521902169584767
-0.321137407812635
0.53548603032676
0.230990839053705
-0.253960353731794
-0.169544166620242
0.0210864075545725
0.264378355806237
-0.972942410880698
0.708075712278486
1.71429215956594
1.21617172902412
1.66409830397794
1.02922438490727
-0.649792434774276
-1.46150421220685
2.56948316197613
0.176720932665058
2.10491798639146
0.351834437658811
0.548316659552815
-0.282576816542324
-0.615310180534147
-1.08183280311073
-0.0403716940251099
0.127196886424877
0.573134422215936
0.419444920199052
0.631352433024703
-0.0422138895478281
0.21784984924711
-0.0847461533130142
0.876887200426535
-0.3964921064628
2.82879903372051
-1.47069387274211
0.0375380586475497
-0.607883067554058
-0.504969848520605
0.984078439819544
1.08158754835566
-0.404998405357101
0.876132359570427
-0.082630168582054
-1.3783458644394
0.732571935882375
-1.94606894261014
3.40721317483383
3.84819316498735
-0.0543704700437778
2.42424125590968
3.67225563492712
0.391737619200559
1.11689806110982
0.496535487350257
-0.661272810298208
0.543454142298747
0.356349429708358
-0.805322455418284
2.05016901531626
0.719032074273606
0.965459140475347
0.691037105239049
1.68869526545493
-1.19802017552927
-0.81937831442632
-1.19817391706355
0.0951226468139741
-0.120440881030712
2.86907224125274
3.33117308814315
-1.8781223718029
-1.27938180611935
-1.51363625864538
-2.02515667997854
2.57757050955717
-0.00317226965625576
1.27005066753448
-1.80371995569526
0.332825916144458
1.46243669453669
1.52909858987132
-2.40594362365609
1.93770888440381
-1.49075515253283
-0.195722530797303
0.0464444569067968
1.33086594500704
-0.612836459043855
1.69326825535511
-0.731079894857613
0.0734778325342297
0.738219355872319
1.92038872847667
-0.303247755655962
-0.227131730617379
2.09602536408877
-0.177957027623509
0.861302776020268
1.761205327507
-0.0225990804607992
0.949769365601222
-0.556076497323049
-0.647133080502611
0.648710000730779
0.862155925344011
-3.48087496176313
-0.845254542900746
-1.34718619505755
0.946724438364879
0.270507771875113
-1.05923711966777
0.48247331396699
1.13749351334513
0.634485448072989
-0.191658767657791
0.597828611609824
0.235101778208564
-0.907537966126757
-0.239819623038233
0.659028793990422
0.859596013216309
0.103817318050072
-0.984979867258437
0.617061937382604
1.55936606957378
0.502500846110777
0.158139046135123
-0.572810965159372
1.29359413068868
1.20180646860734
2.89882288757041
0.997158328932077
1.42307062613263
1.37308657335854
-0.943823994936557
2.00824544611452
0.175562974554327
0.987882886641858
0.294132025500502
-1.00408939219128
-0.615783071841212
1.32091853799815
-1.15353921963573
0.574295044120006
0.910457880087296
0.117845443893825
2.67704675267153
3.03898566341128
0.999300579216973
-0.148322203804995
-1.62393541677703
-2.5732338868271
-0.233398825141358
1.48902936389644
1.66775050458375
0.232470791910335
1.95572323620177
-1.29668815452656
-0.170315723137562
-0.447797407105169
0.58798492447448
2.53091692359161
0.601577884700903
-0.939049311590975
-0.396391689518552
2.67366225715466
1.07139778992874
0.177887947155869
-0.435264896886918
0.50914238283739
-0.334311900059892
0.118610167739574
1.04905319871028
3.0522558075678
1.44672004896214
-1.14766069897495
-1.44325848532357
-0.410833869811165
-0.472026004336763
0.090035921272095
0.494650471786675
-0.867618082050164
0.146797193881789
2.0690038539174
-0.868638569806264
0.699072351734255
-0.693193879054504
1.92370049597337
-0.2515538089304
0.741132875643845
-0.675390920207795
0.510160067044021
-0.46313826517179
0.714630780753566
-0.536108663475076
0.109916659529982
0.032309803138411
1.47201114441515
-1.10456297501904
0.0150345304972876
-1.4505909152265
-0.487830953796847
-0.345774675549267
3.04920182166113
-1.17673887846237
-1.90469119310076
1.19107260499619
-3.54089583509501
-3.64673533350552
-0.707027079205987
-0.35151691828919
-1.10151610438348
-0.898518662404468
-1.18283131944711
-0.237706283823492
-0.669367997023549
1.90844223740264
0.0544393636053174
0.94477214023511
-1.28640102662537
-0.144080629045855
-0.722928493441647
-1.08368253030606
0.899274278901661
-1.61470374688355
-1.03876713829542
-2.13004452872311
-0.81139216133173
1.56178671400804
-0.241133412632048
-2.09283613015668
-1.47549788044874
-0.236604415668029
-1.45929187448554
-2.39572828836825
-1.25432535124182
-3.95822409322035
-2.30689326641351
-2.33291512848214
-3.64679139848436
-1.59063713318803
0.502465652164081
0.41770791924714
-1.62933795685435
-0.312571273416413
-1.46465582799761
0.743651533408873
-0.461851129388126
2.71483447500575
2.45888811144445
1.66511214655892
-1.5319220952267
-0.457341163786788
-1.91855182725855
-0.209299457616671
0.013713866033186
-1.92556816181082
0.217120023816855
0.12145826555984
1.1092915585642
0.591217098317025
3.09272290880469
-0.361527253313084
-1.87264492161954
1.34666150944225
0.596550262477143
1.02982437602804
-2.58238926848173
0.812917400991644
-1.11479097153391
0.456138855571908
-0.696911803924516
1.6484989091179
-0.497255061775071
1.06223451001508
-1.98496769009964
2.05985745982274
-2.02619742374763
1.100139073271
-2.95406038775427
0.836661266286998
0.150320738596748
-0.876884954275741
0.0638215750437824
-2.42189257380244
1.05241322073936
-2.50838930117558
1.35702235700522
-0.32658849941961
-2.97854886848586
-2.37814970354
2.91791992732404
-2.0812320905204
1.5855999291014
-1.9900899659741
1.84546333950291
0.431773819641594
0.700123713583026
-1.51791112960734
0.162979529954217
-1.80186666376775
1.14265385641464
2.63270768422542
-3.26909847820771
1.66279847554197
0.677106273781557
0.839299995368955
-1.0159251193239
0.0572261566113507
0.988812828761103
0.377469106585434
0.4578202677551
-0.642591908811064
-0.373470961125162
-1.8795614962315
0.958716610774979
0.41078116582395
1.69651252912603
1.06252371797142
0.994529468922688
-2.5373060900161
0.0281544348101798
3.20731754130659
-0.42303856760892
-2.73168878684639
-0.411810119490933
-2.50649171583725
-0.774894793573205
1.66076794159228
-0.7583003636431
-1.74145667348623
-0.992246259759887
1.9021997475212
-1.68688596999746
5.0133670626909
-1.01256786270262
-1.59341658644316
1.2334109178921
-0.345072952959278
1.13166843290313
-0.944953862756679
0.686489416026403
-2.07939504869987
-3.76201937179354
-5.5044693197873
-2.18525347530924
-2.01633254693807
1.20275986947936
0.158594986882357
0.126388045853657
0.848435656345848
-0.855930627719927
0.604293378631273
2.60060420981156
-1.16091915498924
2.51737594927832
4.25272797001873
-0.880946617454907
-0.242728747276224
2.19027099276141
4.50728736275877
0.115731879142609
-0.826221675865722
2.23381044088976
-1.19017480679548
-1.22973547104445
0.783905793365607
-1.20403301876662
2.21443729265671
-3.10664314283243
1.05887534703298
2.4343054719761
4.10125033051653
-0.397440632485712
1.72926338916748
-0.851409065026993
1.43282394348391
-1.7329674506631
-1.46025309035682
-1.42455630325977
0.511518195371447
-1.40295696058007
-1.15551970951722
-0.089904607684175
1.48558709017543
-2.03019777687788
-0.485578116091204
-0.642359432479958
1.38107605550758
-0.987489009074796
-2.17643840847713
1.90636026628186
-0.000341061713101054
-0.532829576318646
1.28836961118938
-0.0923155047706869
0.986697202948699
-1.77525784850873
-1.49629756581373
1.66609811467444
-0.113116371461246
-2.17702552707425
3.84085422420538
0.280216222379181
-0.193125557927349
-1.46846151020854
-1.4378725095579
0.566849574422136
2.97759279975094
0.0220925611556698
1.02971951172837
-0.336911032589449
-3.15246302359921
0.660931203394385
-0.908557509076731
1.02058075197403
0.898682396535789
-3.13889129548046
-2.11079651275311
-0.282539153994822
-0.613283992622998
-3.19168974049976
2.07422614015434
2.53731819295569
0.179157855511766
1.11473205137415
2.14862374076797
-0.0999541189847432
-0.232308549995065
2.23873100345621
-1.32951097700203
0.768980540514612
-0.280540369609753
0.665697415653062
1.67981765103828
1.1077265578476
2.79405146909734
0.822965471339097
0.361843365766192
-0.691356270513797
6.10962264522499
1.52936311529422
2.38417112426624
1.07867757525551
2.07191622492437
-1.44871408281382
0.33389795917937
-0.235659748185209
0.582966158817005
-1.17535799058179
1.65531941258817
-0.179187957518247
1.71820145824992
0.286877160177487
-0.625431506449266
-0.777420172123322
1.00166557834333
-0.250624751071386
-1.11469647957662
-0.653830394671614
-0.534199252252296
-1.31161830392468
-0.0275112486320921
1.17795422460929
-0.465174771992736
0.117012344181422
-0.981334261414892
0.927875418831682
0.468887098113285
-2.04018811543451
2.33444537061102
-0.794313935145548
0.610195556257818
0.44578756172947
0.868422785920207
0.836877549088213
-1.68556776562377
1.89344209374611
0.467877367361863
-0.0844924407639407
-0.933502862286039
-0.120988768254615
-0.895179038455052
-2.08183609149682
-1.09935260164102
1.63121640705547
-0.573634759620252
1.06904475204897
0.352298935667994
-2.0349652707409
-6.88880192504544
-4.38931930936925
-1.08398454678545
0.811467918662925
-0.766115428860329
-1.37549682143637
-1.36008290288237
1.8870212445277
-2.09407799616042
0.581799071719929
-0.739008314526105
0.884060583139737
-0.0417372888492117
-1.93553330401848
-0.0626172493956584
-1.01421150913219
0.314361326548858
0.085338024529302
-1.68335973914446
1.35717474607955
-0.313113023749117
1.69134375512538
-2.61221767340145
0.351730149996701
0.583304182223894
-1.14050400631783
-0.324564732679635
1.17534301493363
0.686064394865069
-0.938704350922057
-0.921753404535427
-0.936469564916805
-2.78594385185637
-0.182599239672875
0.959460068640525
-2.74651734291011
-1.38598709610097
0.426179372255945
-0.545709852688169
-1.056468713968
-0.621956980839861
-0.2301209328125
-1.13842123215013
0.974418888296146
2.07563012145438
-2.5843895918678
2.13054539749087
2.28917450237301
0.0102260769260848
-0.178969083243415
-4.19856124430009
-3.85981662016601
1.65545450693704
3.15135270870548
1.80939628051226
-0.207867623011086
1.14318859094405
0.483271159638014
-2.24039579518708
1.5647039326024
0.110888669223308
-0.69079079654716
-0.37755221838783
-0.932855536740323
-3.81577550319353
-0.805170279470207
-0.173349619626164
0.670835568113496
0.13115998429595
1.70578240126707
-1.0359897632318
-1.44962394627974
-0.181622884136022
-2.12691348270071
-1.27291258825501
-0.344599578457481
1.29046121747933
-1.17136025240368
-0.671033837700136
-0.465362540879943
2.48220884101917
1.42134905135083
-1.25032847199286
-1.35353985951568
-0.885867060575671
-0.372505465371354
-1.51489463898836
-0.12001883802515
-0.500639577829146
-1.93360267827091
-0.730590217306512
-2.04650689235573
-1.33871767825017
-3.41336060910271
-0.48756506769776
1.24494522388394
-2.09639417697479
-2.19977109154693
0.0147822853936142
0.840756647434842
0.880936473748432
0.117562558956051
1.18953182085234
-1.16245808107365
1.7763872762871
-1.08859176355197
1.97415654073814
-0.861088718859886
-0.800686317210273
-0.639496352303016
1.12349553142441
0.0659493283408345
0.13158398821571
0.546099913200259
-0.570234061950597
1.10713918659055
-0.227083176520396
0.887268954040754
-1.67516098668471
2.4318213594558
-0.738120554417505
-1.67061466260735
-0.93019833112399
-0.38615654588453
-0.85826427650087
-1.73267360171291
1.58010406730377
-0.647384658504101
-0.109859077503555
-2.40640281406578
-1.48431181699533
-2.09126147088656
0.452215780337673
-1.36591619754897
-1.49340479361277
1.36365128952891
0.361956960791577
0.545284865695783
1.17344400765049
-0.386411092144689
-3.62007212017762
-0.566294097169086
2.28705089410379
0.0793777580515411
1.31503715737083
1.73346529275536
0.377278095069088
3.33038062385663
1.83991201082056
-0.170975650419892
-2.99668653080917
-4.23838552208427
-0.391182362203938
0.628726441043793
0.511081949240386
2.38308933407316
0.260783939559537
-1.59980300627783
-0.160341624651034
-4.12067354322587
-2.21941775525232
-2.84136236381523
-0.864880566895347
-2.74468249256519
-1.27782273956224
-2.85597320915568
0.147080945636489
-1.0256851525671
-0.667576145957172
0.543889873391169
-1.87837056757173
-0.753161025846708
-0.340220315644851
-2.47062674624156
-0.149098510793913
-1.73966347908939
3.25361600692031
-2.83118878177895
0.0531678106758145
-0.462620599646815
0.233097181342197
0.668860774480361
1.91913298528834
-0.178565357668899
1.23596076989167
0.155824984934108
-1.73502578494577
0.503462082446855
-1.53298394724893
2.52746618342791
-0.960083829752312
0.716954502909661
0.494839286041826
3.59902200446397
0.882707632366305
4.06658251491242
2.27184785824674
2.19998367778656
1.59717675031341
-0.677331377764135
0.804245423593759
-0.51400417863328
-1.38336805950554
1.26537402570562
-0.31610139394953
5.45325301755308
-0.591758587818908
-0.24873414720478
-2.10445902993418
-0.112389503746468
3.06148350847715
-2.39632813130684
0.151025853337337
0.0427282651650037
-2.91679936254464
-0.770974817483455
-0.944272817232311
1.03393229150438
0.0887997437811101
0.583475301880478
0.349054443924446
-0.217891417544316
0.867800317705099
1.16658958597543
-0.718297528410332
0.817777918364493
-3.02306538526235
-2.76697092069463
1.50387994569717
0.951759598431947
-1.64513871147409
-0.604712434734974
0.839024695796363
-0.138906382911424
1.71691639112729
-1.17206993909893
-0.0381018157219376
-0.277419523285409
-3.98205214535313
-2.80592020463624
1.66608758878897
-0.736371622816202
-0.136749656125976
-0.748234634292174
-0.19422609116649
0.202261876952314
1.45810761588823
0.240887288806563
-0.462553478553087
1.47414830902622
-0.196928909869267
-3.53549541487307
-2.25016028427604
1.12615873850501
-2.76526958533614
2.75810197273899
-1.35994554930296
-0.367178528555547
-0.61770686764391
0.922127743325422
1.53107191740675
-0.0900703157567758
0.399212357578975
0.376733043687067
0.239768576918718
-1.55939820164624
-1.51746404172586
-0.350063887022836
-1.19241850698976
2.57426185103925
3.55196355278746
6.79155816541511
4.52513441382044
4.40488558856908
0.872731516025144
4.8240933739018
4.12290831659075
1.04662695638438
-0.173697650359357
0.562210366973933
-2.11921064020457
-2.80877496072102
0.617984352923538
-0.0162428311710633
-1.14906259453833
-1.91248090571256
1.84943440308297
0.878201011743894
0.268789826879429
-0.183616022171463
-0.478274801277642
-0.426424029947291
0.182142543392269
-0.652239141146043
3.06009436738388
-1.48251006929221
-1.41184847966861
-0.119617193141893
1.45111681248654
0.370822204184913
-1.89147090581479
-2.34624100110461
0.870455705745408
4.42562174987185
4.17562211723075
2.1536792014465
-1.21452732428607
0.0972879736375643
1.31880059905578
-1.78349207735762
-1.31629496560236
0.398260062469397
-0.405198901749627
-1.19953947538079
-1.29040749121828
0.353634489361441
0.139327906897512
-1.22115822068308
-2.19261800327824
-0.577548910144545
-0.300851030520129
0.972837870021299
1.29715964864115
-1.04828502931403
1.11224777270393
-1.12729209735431
0.531856807987618
0.902783544710532
1.25747258961775
-0.0932624559028473
-0.235621482542253
0.0146964935526771
1.02149256770195
-0.730273563605988
0.946258043444813
1.20449702976434
-1.94497875925866
1.62801255964238
-1.75204552250562
3.80142196952303
-1.14765864145745
0.152159995257671
0.660722261422529
-2.58437802993518
0.697065994381825
0.168506864191499
-2.53228922728813
-1.00758406078378
1.21305793173521
0.850364241735457
0.914224452148247
2.14764513356553
-1.01440041591426
1.05373067700884
-0.920953137649391
1.23939978709927
-0.412557248967604
-1.78720953660955
2.64348628221072
2.1955162659181
0.286947755670955
0.656000878797173
-0.197661381661396
0.169420213318162
0.0218070990704763
0.647038544960335
-0.0776780165271395
0.332267078970436
1.66162633206664
-0.705127649358697
0.363556695787403
-0.859823255713998
0.548342115938626
-1.86993801291612
-0.934799044260527
-4.27593862550522
-1.91219955704685
-1.84543151696478
0.759729374773841
-1.81728488053961
0.626170690675246
0.195462125338034
-1.97570041166052
-0.328943935859849
-1.47970062455415
-0.653045472588749
0.616269100418055
-0.0857995617806077
1.59889463591154
-1.18847207403211
-0.328903975014815
1.61710672744621
-2.12479231665821
4.51639184261644
-0.936948369081525
2.17083098915199
-1.73234834032642
-0.24266892495124
-2.59189508299652
0.441176294988351
0.299612594997602
0.141414716088508
-0.11776699751463
-0.875412950478883
-0.583209209107027
0.741129266261808
-0.989612905937795
-0.765140403274544
-0.380174582361815
1.14773073349055
1.52820917049233
0.437342282517606
-0.103193690150013
0.0469073615947472
1.41960884235932
-1.71844318827661
1.18696820666241
-1.93147433623029
1.75787431292566
0.319325489784033
-0.0489377818806113
-0.878925967359401
-2.56339226173798
0.165340826035595
0.748358462683179
2.5133691766865
0.499620600206581
-0.572288281192225
3.50115095295288
-0.229424574505967
1.74623370921812
-2.47502165132915
-5.14145003161381
-3.83319934921911
-2.89473021592392
3.19976769328495
0.0672890337333183
-2.53536853826226
3.41570156475027
2.88555812924427
-1.22047257213799
0.686868814277273
-0.0242588482757044
-0.0555394593680911
-2.28880835922929
-1.23646931359735
1.90667980492577
0.150511390670556
0.914663035034116
1.53410815096273
-2.87090730513686
-0.791733409931563
1.19155310280312
1.42418495158187
0.686260517514726
0.839649374350324
0.830204746243216
-1.0941532131646
0.264380476501382
0.90668699185268
-1.02455480106409
-2.44438879155643
1.93482706231913
0.427453833258868
-0.330342062799343
-0.737612238541048
0.628335732468182
-1.16531782566793
1.365279998759
-1.06417539144194
1.98692422390573
-2.34566994709763
2.82895760908908
-1.36441682767526
1.38242122311006
-0.740096559517916
3.09431953364629
1.20505240313849
0.606333417055024
-0.0219618235129636
-0.504383313334434
-1.05765715968277
0.189587314550772
-0.7450526968399
0.611740536744326
0.361075647995815
5.28736699845014
0.996352135615149
-1.67741897673829
0.276311229302847
-0.677721789753775
-1.20684010206634
-3.40619948616832
1.91163701152466
1.26010337498111
0.0510023896022391
-2.72414253936904
0.947568516526187
-0.441836001584722
-1.05139126337764
1.17735440993106
0.545332089099527
-0.390324073293291
-0.668800999160033
0.23269892877554
-0.54863165794423
2.60238111215888
0.399507242302431
1.43993893612172
-1.61798826189675
1.13235151583248
0.919762713739574
-0.227838653948665
0.369726083806892
0.611587661003824
1.05004862293391
-0.124067831956176
1.94499379961118
0.319052213796021
1.24115632019367
-1.14812789555236
0.344246917288271
0.105983365588162
0.17939895714366
-2.21905662022049
0.872481262266128
1.86570671717134
1.45464557847593
0.740910986977147
0.159941454963614
1.46723617976146
0.760066006903642
-1.66690836895417
1.76567317606026
-1.09970881089846
2.80099959389959
-1.90586294835698
0.810968052066143
0.105644739304847
0.170411564761818
-0.294504989964496
0.254994341889649
-0.0733139464729309
-0.0913910419773728
1.20007918370224
-0.516716755435384
0.154521797736614
1.28037310156588
3.29200312878279
5.68570663885979
5.37027667261622
-1.08838942474501
-1.65373595458571
0.365183802728394
-0.810126197201283
1.06867278247443
-0.394169647397566
0.676618882521176
0.717366099496143
-1.07130233513825
0.464227570181846
1.91347659745902
-0.209294629944622
1.26382495920608
0.783559275701693
2.94435647545843
-0.573890061354569
-1.65787371926387
1.13083652864246
-2.44612031619404
1.06880691453175
0.592961163468072
-1.23831010456121
-0.870949355772788
-1.4149393211109
-0.967699647623073
0.443317589873517
0.717729219902032
1.52126242505729
3.31608112264905
0.269126907402987
2.57153678852165
1.9447752660414
0.346833674457956
-0.101289613035112
1.35829371092172
-0.45503388950547
0.108042474912504
-5.72777290705468
-2.58272489121965
-4.08831203649515
-0.413888683122864
0.224732352907023
1.42485202584216
-2.74579044564085
-1.21358356249675
0.21547078656676
-0.286650507544103
2.46122805835932
-3.54041960507833
2.6818543721198
0.00341316611284294
1.91438198892368
3.2178394267264
-0.472017007819481
-0.646068697191081
1.3835728258888
-1.89411582855397
-0.559640515763707
2.82072851689606
0.858466111786226
-0.209992790011398
-0.877938158220875
0.290176853669027
-0.113958153163028
0.791059306665598
0.369744137649427
-0.532506879480215
-1.22292436925882
-1.77509549819204
-0.044779102137664
-1.4952184460332
2.33631313124548
-2.10524761163719
0.885430484582813
-0.865328195309578
-2.0254004183544
-1.69112734036235
0.951231440584174
-1.30158693448216
1.29027799590579
0.0833101690470417
-1.6034533751608
3.88071273526616
1.34592773843779
-1.13740048647236
2.00193842252913
0.708983204363394
-0.49230590935682
0.954537654659676
2.23630444471975
1.16104905453001
1.12836257908811
1.14540505655199
-0.555536273515863
2.17154194654325
0.420728604631582
1.8671999303885
-0.511808861558196
1.84076339527205
-0.0729230309522159
-1.83374444732102
-0.444982612587841
-1.65674574352596
-0.741417593789505
-1.20072625173226
-3.12016505111979
-1.53835564075704
4.43226681555823
-0.346690271261558
-2.32915402763178
0.891383232083527
1.28551634908758
0.58316374271697
-0.693032412659909
-0.536009321750901
1.18073612372976
-1.39153469632748
-2.09705454591005
0.122431739606554
-0.299575575764927
-0.570739800515739
-3.29609713529014
0.761043473436234
-0.0466002686423226
-1.04164874874797
1.21451662017775
-3.0463412720846
0.938944191409613
0.684372155789417
0.459853557116223
1.26781607631729
1.89428461878802
-0.1816645070631
0.420247091674577
0.659023016558827
-1.22813203748016
-0.184813032044718
1.42583607343985
-0.704664497110702
0.746983018707287
-0.14396630751513
-1.16456209868377
0.935149559688832
-1.08596180250779
1.31430153639649
-0.20900413335459
-0.0599071886977311
1.55359929460089
-1.00672535715725
2.26955206865845
1.01580398531802
-1.36487105330471
-3.77303871933967
-2.59369551899478
-0.539071931938012
1.13234522589991
1.68002830843702
1.13289025457087
3.448799756468
0.242766961750631
3.68308670137064
-0.290346102516998
-0.548680566576297
3.76459900441856
-0.0975356304407263
-0.497522361284644
1.07974332850571
-2.64658040715127
-3.90978787916355
0.893015520361085
0.929620344532116
1.92081959089387
1.73163104719907
1.31500902650231
4.68234445539946
3.52531342436886
1.32111009594708
0.0295781750320688
-1.23279319953834
0.504393109417197
-0.493253407769013
-0.525016270827852
1.46455167416076
-2.99542666379796
2.34296411714883
-0.624747090932278
1.21268002632448
3.85057789802895
0.4313959143324
-2.14843683948037
-2.44067302016545
-0.859810012375481
-0.137801338167703
1.30268782390503
0.4906971378535
1.10875738601168
0.739081496406781
-0.785204479361144
1.81850704821328
1.06417459497946
-1.46632311253625
-0.118662693271631
-0.179491509967774
1.78853460027953
0.485622277532622
3.25664898338134
1.15044846741202
0.85326536404789
2.94830926252259
-1.24312744082955
-1.62842361462097
-2.57165075698151
0.789159332791824
-0.356849489924058
0.469237944446272
0.713020895272282
-0.623397944443367
0.411146995577535
2.56535194591743
2.49942921024183
-0.0437103867840886
-4.57382227162261
3.79879994465606
-0.0216520988429946
0.461222758791968
1.59172740443114
0.178388132580887
0.563697217043017
-0.755813843231757
-1.65761351921962
-0.495069291081204
-0.770825751681621
-0.21916833267606
-1.17706477518954
2.6190447449363
-0.587508766662694
-0.679947908209923
0.804747923330544
0.91663657723349
-1.71123020619009
0.151719236805569
1.7739521250498
0.378626323488014
0.0134229124891301
0.192431752388965
-0.214596067460644
0.658809062772502
-2.81781986111086
1.01406884732488
2.99238792773643
-0.97124207201982
0.824808522925694
-1.0202587856142
-0.895057156836477
1.07251147737724
-1.31417952449842
0.345833866206248
-2.16904622098206
-0.140460984414794
0.823610824625047
-0.938384357079606
1.01863732914625
1.85747550485827
-0.947029528408132
-0.673204797281653
1.08915292121054
-0.185683550270415
3.37808811930192
-1.61822065915563
-1.07156689923298
0.0813565115630406
1.69854653974999
0.6336010793585
0.0387250011371836
-0.628980348865394
0.650539340016672
-0.129361816245641
2.09746570438587
-3.59838486003366
-1.63632153487754
-0.688536168503522
-3.10266121151918
0.121601546652926
1.18319607467353
1.11756156485839
-1.18409273839454
2.18306056637447
0.922340645072292
1.436437765428
0.367584953916854
0.288143403650589
-0.780593306626052
0.674527062268605
0.350289193635469
0.0445546740427485
2.27653752742997
-2.47105813689442
2.76981549469351
1.8344463544566
-0.209769411976519
0.92772918843732
-1.58514004484211
-2.74247214618144
-0.6634764641338
-0.0965434882382948
2.3826967627587
-0.95939868106598
0.164579407759826
-2.60615089957826
0.297224993477117
3.34511291988972
-2.90646569200047
-1.31905965249043
-0.456547298406416
-0.324525060785971
2.41225043450219
-0.537804155436991
-1.57166848591424
-4.00493333436161
1.28155361000344
-0.881747561316195
-0.374414613914472
0.714679480341835
-0.090018272337177
-0.439248182196524
-1.01847743697013
-0.293657015861625
-2.78602401713173
-2.86349382010858
0.167058804726233
1.79701590657107
2.40261123855689
4.19937495749512
2.74455198644581
-0.218559299908851
1.02493356277495
0.303924047860587
0.98964313345572
2.88934436149461
0.28291402939829
-3.04718168297961
-0.00618195036720887
1.31261055192826
0.656078105513802
0.656963817864743
0.60382048778199
-0.127753203092321
-0.111391035883876
3.83780160474822
-1.58451514032746
2.63504614723101
0.130699380780171
-2.0713372173051
-2.14301053634033
-1.46088244989925
2.31783668333456
0.692421161271771
-1.26046490884221
0.856977616497699
-1.25475211347879
1.59800162350614
-0.978539662314071
1.21795017049514
-2.2503083438328
0.84809968869329
0.274585844500089
-0.45553550060651
-1.31499147054106
-0.0102528567451282
-0.517732656193071
1.06398458007032
0.728958220705122
1.87428906132245
-0.356077662441633
-0.892045257904143
0.709097776845948
-0.876520273123146
-0.359130362586064
-0.0295349418181108
-0.559770174029674
-1.95899080661121
1.57868728946486
-0.371379484450833
-2.20364636175772
1.19813805749146
0.0744761724234699
0.899359884434079
0.789523421052127
-2.71347251469659
3.21511345784713
-0.282114270433188
-0.775464969662269
-0.170923907451988
0.154230344365612
-1.91467608677792
-1.18666905558745
1.6195980616481
4.46989048240733
1.49535484120157
1.52529305177075
0.551769348626449
3.85814272121463
1.10738600671224
1.26191256268887
0.140860449159549
1.42834114799539
-1.48565058345651
-0.474787545470097
0.214998443672195
0.388256957387742
1.0385148530324
-0.14261532907808
0.104700666595215
-0.628847212078323
0.230936965845353
-0.73679092940534
-2.01262302445198
-2.82623258670454
1.05788725817971
0.611909135138818
-0.352077515234761
-1.43118559816485
-0.32112001709499
-0.373492670996227
-1.12842950947835
-1.38408959124968
-0.742364712314673
0.218059678596562
-1.17903258582829
-4.88316706675419
-1.11573090623442
0.685761506087534
3.95622989895648
2.81569964054275
-0.346966585898728
0.287623593224474
0.294134644026128
2.65522145857861
1.97195763179975
-2.59331280651056
-0.381572183228194
-0.235647370255861
1.33368530350627
-2.56925759135911
3.70091103122488
-1.15776159577725
2.1877732492228
0.594056870023312
0.721243419742872
-0.707648494144375
0.734481550105756
2.26553463086195
0.401775893826602
-1.07219558260063
3.58606889498884
0.35755735135049
1.49425133070436
-0.271775682367871
0.858535117695323
3.00073290738529
0.444291921997439
1.21458224502302
3.57060660741069
-1.86245861879216
0.244883955032683
-0.00374025467260931
-1.57920504628629
0.927983033149185
0.477459206647656
-0.672103222810436
0.766230075221604
-0.602778143080901
-0.984119111025866
0.648719671409918
0.86373151603864
-3.74157255871038
-2.27617064063897
-2.4876152981225
-1.0857588553432
1.77841579599561
2.71353794870635
2.77008669444678
3.43859125675647
0.716108120310175
-0.265009250625117
0.556767362929089
0.814937818925833
-0.829079252913462
-2.09612547038325
-0.890204091240012
-1.21723969785056
-0.950065436936944
0.507829376340397
0.525662125402673
-1.36842886702229
-1.01332111753439
-0.415553623073885
-0.694667496647359
1.3235554074876
-1.07427417916079
0.201509954242264
0.453074042140329
-1.33439866122277
-0.542828020163052
1.47260757540925
4.86799929303586
2.13381629521512
0.669900609346667
3.39945221962038
1.46514190691653
1.24930580177387
2.45400748176571
1.1296065767351
-1.45235046839204
1.59744906495824
-1.39528471223678
0.493608720029804
2.0152160627915
-1.43712017475567
-1.16252947245052
-1.70254025758488
0.185932107310538
0.596963050162705
0.621173210333333
-0.818648882399351
-0.0733963225354627
0.594075998382303
-0.743369795138533
-1.7179242597829
-4.37650863159018
-3.86169000547895
-1.69625628755395
1.95259370091252
3.07118253649058
2.57767803407864
-0.704829173302347
2.18259590562891
-0.497951691911485
1.6938133374948
2.72741950293815
0.985291479345703
1.16408562221518
-0.937034240921994
-0.184718517899029
-1.72163574167689
0.610223721893432
-0.0178456167961121
-0.890948513429716
1.22051344330542
-1.78533077164327
-0.506019634698164
-0.44881668358821
-0.287607046691197
1.53589269911553
-1.76892448892602
0.291871241273722
0.561854574102139
0.434036728513672
1.09007328777264
-0.772154819373507
1.04470764501535
-0.947820646924407
0.511437322553872
1.44561464597786
2.61627309601306
-0.472276292875647
-4.19076186850777
-4.71392944408557
-0.205993438001269
-0.0558826619676802
-0.0451163481692472
0.270501890113564
-1.43300576551404
0.573856407839516
-1.22862326947913
-0.881952475323889
-0.959592897359778
0.666631351071928
-0.80120412297426
1.5338026033842
3.16583898016016
-1.13729932815684
-2.54435428134887
-0.252989492366111
1.0849321147424
0.610005026677519
-1.03437389794001
1.90132759708804
0.935699607655223
1.01221635338562
2.33688129183959
2.02057921686458
2.35840254139698
-0.181997733853708
-0.421333639105717
0.182435925746454
0.828354010693503
1.6749211512276
1.28870425075232
0.162973083799464
-0.602051134997964
-0.368843107216449
1.64834530810133
1.14577587716372
-0.531134318608671
1.8496971620388
-0.692492446966392
-3.71659130390716
-1.62043063389179
-0.00690080241138652
-1.73098270625156
2.75124033757848
0.567601059936414
2.15427296306266
-0.57313305256768
-1.41383157834806
1.20083672062067
1.09822130599395
2.53785361998548
-1.54578542462492
-1.00638156405514
0.381628104401689
-0.722072767130181
-1.02479145403661
-0.138566517487442
-0.23627724932899
1.71574649595809
-0.553161055817779
1.29546411797931
0.120887928332103
-0.5009984979287
1.03617816535112
0.704707815207311
1.20928878739686
-0.705523789598351
1.49325679275004
3.73442661216466
1.41653561967226
-0.192475288196519
0.278263802868209
1.26092483300883
0.715824405306986
3.5559860494225
-2.17121633245715
1.27029490010527
0.611602834150934
2.47929705312492
-0.458308829398261
2.5637234003703
0.752485390881719
1.57603054765153
0.32151156973016
-0.877502268478725
0.866994935452968
-1.11806166912091
-0.191935008668349
-1.40722652712707
0.298874354413323
-0.254853790113832
-0.326203314557305
-0.0391702342199062
1.20124109032873
1.0224758378423
-0.263934878317532
-0.423141054876072
0.740068456955635
-1.18753169029205
-0.091393110182608
1.2153844650626
1.38418158684143
-1.22010229214457
0.772001122688668
-1.67677573606672
0.515122106658463
2.15515168996387
0.932946196827284
-2.52931413429206
0.808956044576266
0.0293639846327037
-1.43870972728603
1.97187480017554
-0.0674682545573393
-1.89893174392528
1.84590979621438
0.715755673336736
-1.0019158377808
1.64768881191311
0.860237720897318
-2.03812279789
3.59383523393416
-1.87694211966363
1.46357219657646
-0.242819556342249
0.031249884411013
0.257244016145898
-0.073356783444138
-0.882355916718868
-2.19809073864916
-0.258671400245072
1.56027525694216
0.639740553291513
1.51027859068018
-1.66530085628073
0.939938612226803
-0.85217384029948
0.868687413554885
0.845126156840062
-0.297923361305943
1.20432130181647
0.776096459155581
1.53945380881569
2.29100952539047
-1.06342491859526
-2.17044351259215
0.306169994633157
-0.99994425563825
-1.11883106902909
-1.96681200135617
1.61362681238879
0.354800862632712
-2.98067218253557
-0.811035910088179
-1.1390271153239
-0.790793248956898
-2.60388621023851
-2.59886273121542
0.488503382081486
3.98165646530067
0.170832142566054
-0.184219105230411
-0.0628422253498858
-1.61061741347716
0.569577011734234
-1.16555809835201
1.3867606817647
0.61348145332417
1.36857438302312
-0.62696120029725
0.407724939175493
-0.671634876281531
-0.705600102635756
0.350286662055897
1.23683962019083
0.346344156686509
0.74927945390869
-0.0978717356419505
0.415744555263646
-0.463850278343432
-0.84187402724616
0.728197535881971
0.915971048855573
-1.903054577201
-2.04832352536509
-0.26371468501198
1.52834946080244
2.73593440294707
2.29633300659061
3.72311296481959
5.16197985287246
1.56967033484189
2.39484832310062
3.49882434245613
-2.50077337433582
-2.47513704910755
1.42004970320466
0.891880838343062
-1.36475610702866
-1.80266696563784
0.733174047209405
0.141776108342628
-0.994648724652341
0.59880823360025
-0.631185141348751
-1.03796592884022
-1.84399686472871
-3.44731014761265
1.56279683559694
1.47737129870762
-0.967902859892606
1.68082945692327
-1.52938877676726
-1.11208638494641
0.604001913020879
1.75111246187062
1.1109648557082
4.0290947192272
1.00639092190514
0.296807995401242
0.204294219674194
-3.46066418113784
-4.46320472273051
-1.22327929588867
-1.2624433664678
-0.600924139392493
1.68900472465535
0.323661366365037
-3.70770451802654
0.163941843409337
0.25322806740654
1.23471281880476
1.84021869372601
0.749397380259528
-1.48261187682958
1.57481534679077
0.0091440821355917
-1.96376936725314
0.285502325398498
-0.224718626318911
0.641649730151413
-1.17791499685449
2.19238999814033
-3.32776130037954
3.006053813215
-1.58187905518783
1.07951414036064
1.03142553782243
1.97128670158029
0.585219395562993
1.60578870072642
-0.733932671248976
-3.51721300030115
0.156289913280565
1.34604567194538
-1.71498961586119
0.182317280152861
-0.438712562452281
0.566137714895484
-0.064829342058693
0.778689889238188
-0.842838171259394
0.620454444080962
0.324843757874648
0.577418629900444
-0.273308533999791
1.94125387802826
3.53318439490185
-0.836487556616492
-0.555582444517915
-2.50332787687315
0.566420131060181
0.00913305371896804
-0.240473480303468
-0.18195431100282
-4.18530039965668
-1.3645061761893
2.03390461861256
-0.133648101451827
4.83849975777039
-0.22357172542775
-2.78218810534939
-2.42794408800953
-3.82900149512236
-0.155930585163435
-0.131265020662892
1.58697510469414
1.29853123728342
-0.182684335018275
-3.21282577096614
-1.01641424337992
-0.581053784294981
-0.470153890268491
1.4777800668305
0.214410857891889
0.111842414233545
0.327261356904946
-1.1561352930881
-0.173019453367858
0.473604573675652
0.987794769715993
-0.43347714955445
-0.518880129781307
-0.858388069228016
-0.111290501041172
0.343574884433167
-1.02855874572872
0.459458545517804
0.322104662678614
1.82251219636007
-0.794290187011653
1.18350547605837
-0.278997057361704
2.53865470751079
1.4413290400526
-0.559835280206961
0.403200090117793
0.0917469880523798
-0.623432710948979
-0.534141583309519
0.691907799992182
-0.909162901065517
2.05184176502202
-3.08574660483886
0.604436287034665
-1.95450209261385
-0.473902249663013
-0.132557704304342
1.01474912335866
0.294093496343501
0.406942813500578
0.356865968819075
-0.183944001596927
0.702550947582435
0.590321644674409
-0.752858600903273
1.57677627912543
-1.30428631323916
1.10045948074356
0.301885386020969
0.26598977964516
-0.952100413414661
0.389329349456598
0.105960746416116
-0.638029844327951
3.07029395320109
2.2589423519147
1.97878052937695
2.99669971273322
2.04884260026398
2.70609763559177
1.36294060270613
1.12683828234248
0.766593152974223
2.3265161183755
-1.02055888208293
2.25342187075797
3.03775835457087
2.64325500373826
-1.15433351260689
0.02526677400736
-0.709081594720079
-2.37140417389456
-2.2710502545427
-1.77247672269839
-1.09704791160073
-2.98145964028024
-1.57192270935173
3.99441193051378
4.305725558989
1.96128627776247
1.70293589134289
-1.88263325335817
1.20427533137441
-0.778211267477504
0.338458458804204
-0.800278083242727
-0.0660093849274963
1.48090300752876
-2.07869347504747
0.418774243946183
-0.245232410846283
-0.247179615400072
-0.831933639255932
-1.33081834374175
1.88696372532937
1.51794876936645
-1.69719417967848
0.730830491840204
-0.685790018752191
0.464060311187153
1.15975650313579
-1.07518868072324
1.62629221152482
0.236915219436777
0.512690484118999
-2.61612505726256
-2.34654949626678
2.42222480994694
2.25547616235204
-0.971942702467348
-0.826727750616432
1.21888497801551
2.38398629169591
0.282959349125701
-2.69968237989219
0.708525658459928
1.71829279892361
2.64271022021543
-2.38280430575715
-0.241967554137175
0.077819353842952
-1.28137393352298
0.5255806051415
0.649803644591441
0.159844947941097
1.01406400403218
0.821610716256595
1.13014841772203
1.95302224197476
1.42334015943528
-1.886600540559
0.346888313292512
-1.78731696044738
-0.682098115038915
2.22505737345971
-0.990742033800191
1.60658917213573
0.85842606091951
2.56142787210265
-1.25240345769543
0.777023324918339
-0.479220706772614
1.84279309509098
-0.566580950461435
-0.299017186778196
-0.0336245191224931
0.216443034617056
0.647864977056388
1.35542779021554
3.31997409799709
0.0810218967910095
-1.86614311818387
-1.44565438251149
0.529160172341255
1.7389113906345
1.7011143490526
2.28800877716851
-0.681385504850901
0.628671782387323
-1.07026755659688
1.76562926194816
-1.51842211633516
1.68302269366213
-1.64000951145214
2.7207314416339
2.15966051555509
-1.65757937646294
-0.310479285413199
-0.119673464595805
-2.13959886359276
-0.665663821694175
2.49304250170605
1.54717547891604
-0.339825909486928
1.18120324251996
0.650650348471418
0.55751161759559
1.40858641342813
3.27506604542443
1.04665565462443
2.90904524939352
3.17440189620006
1.68530498064772
-0.522000710338241
-0.135438523970209
0.758684527074633
-1.00489929358574
0.943836337527763
0.377310374270624
-0.650641577541381
-0.559108226908532
0.843233119058461
-0.198107122502115
-0.566248416081265
-2.40697040267983
1.13223017988492
-1.8064623809129
1.37301712505962
-0.910932207680952
0.529157598340151
0.97796153721001
2.34564962015632
2.59380176062643
0.574451105763995
-0.754705797682472
-0.331637031430296
-0.358729358895988
0.973154189308675
-0.676843906612214
1.64342770970657
-1.02636691414956
0.089077174220384
0.445283510547583
-1.00567499656749
1.14917649964656
-1.37770658111745
0.858882657183598
0.132245536976932
3.31439723498735
4.28858744941498
0.757531819145871
-1.65070864027154
0.729507945146645
0.418060873905288
-0.524022016002899
0.909056782609061
0.424467982882658
0.627873358832571
1.28573816644146
-2.29365056595627
-0.625395896260045
-1.07954888881361
0.0520486532147817
0.00334796703489666
-0.528096640507387
1.58234535623886
1.39097777329958
-1.24456196076762
-0.0315914024098804
-0.66858841811279
0.100319864844976
-2.08089337458218
-4.03636510717046
1.42335781683906
-1.24700839353376
0.830831112367114
5.76544687128741
1.3927522074728
-0.989467309766314
0.964461418682106
-0.916482955668465
0.103861392314686
-0.193039986000091
-0.995086874306397
0.0250293551784772
-1.0977505328666
-0.0626788499392116
-1.37685435286685
-1.10396808777736
2.34875559507516
-0.295113212843981
-0.465372700556943
1.2223326078725
-2.36199275568111
1.89517649754287
0.0720036564705964
-0.0987896848911574
-1.11478033577768
0.545976148656261
-1.07701192460336
0.38284203188969
-1.69552882534329
0.105623767452062
-0.681923837772111
1.0140322030583
0.277673720334625
-1.47130482991239
-0.800096906089471
-1.33825690027078
1.0551914848628
0.52066478701931
-0.155283281802254
0.93879631961626
-0.992241738354138
0.618597222882697
1.03018268077264
0.0016324285366556
-2.57590308247693
0.895853528307095
-0.00172513781593794
0.594053073040978
2.33161164791176
1.05098495590343
1.8353733180501
0.570061042159002
3.16445004606151
3.2278957230674
0.154220006118732
1.44358178946627
0.0973361566609271
-0.0314989340086735
-0.858747309599651
0.096321523746098
-1.21446570375072
0.912586501607025
0.719983541659378
3.15658509337274
-3.42619288248885
-0.0292290007851167
0.497175774780873
-0.798336049172089
-1.23525012719476
1.15277866923164
1.46952933048435
-1.6763353242074
0.584462596699017
-1.31068162191482
2.03276420189642
-0.093612019517038
0.996443275071756
0.332188421163977
-0.645260757920633
0.263541362455993
0.70715409545574
-0.0887592341126391
-1.07000918020966
1.05650730519827
-1.08830208531409
1.56095393966956
-0.00660476085081119
-2.25541544628829
-1.58265064059381
0.302146052552144
-0.175171872929408
-0.3207056588309
-1.87048559185572
0.0227635608883464
2.91102929949331
2.73342630999833
-1.24177321032928
2.53317023811057
-1.22654632566078
-0.178124623693137
0.144230488700028
-0.943334545798624
1.97306798317967
-1.56787445046623
-0.253419690903295
1.550741186533
-1.57054239294133
0.768528232058938
-2.75719185149401
-1.05694434499464
0.742042601467051
-1.0494895449079
2.12518393639735
0.150088017134391
0.302399129830746
0.571671815672144
-0.0519026186469049
-0.257363758942621
-1.92738613482725
-3.28330501058116
2.46712188402572
-0.810211503720298
2.13829409718732
1.30047628254359
-2.55223818705565
1.28841541000506
-1.09986709581023
-0.239944460280132
-0.520767020426759
0.266573764623476
-0.723676648112219
-1.64545686286058
1.77841310226745
0.455404151857862
-1.22803970745818
-3.93321977832383
-0.788451568250321
2.1406205577205
0.572394286839199
-2.54573475096826
-2.09171950462423
-1.88439340935917
-4.78147724325972
-2.58239121549538
-2.64231743000501
3.46630049519721
-1.17012376311691
-2.78991748302466
1.92679622160788
-2.42132118666224
1.51183847465669
-1.42425993775857
0.859929441143021
-0.870601732277163
-0.165699794428127
0.340687434756324
-1.76990114597025
2.90823675991791
-0.940466767959536
2.07297681168781
1.99979134305651
0.786346839834571
1.17582370989126
0.0535763657510882
2.19241796523619
-0.335200202293998
2.07558633566042
-1.21734858616696
-1.64845780750712
-0.864197322545584
-0.109622723323827
-0.194951448805518
-1.03360466168045
1.97587803064765
-1.24043606972553
-1.39734758071156
-1.21036490555112
2.38634643979644
2.97868095214404
-1.49639568365155
0.219204116973053
0.32877937689345
-1.04815824125074
-1.83329761443643
-0.654387228766708
1.74893214747401
-3.02966856175932
-0.564790826069339
0.449470184170756
1.34551196314477
0.0260963056505927
-0.0952075740073364
-2.38953179225329
-3.32765262607987
-1.02318268055313
-1.19951722474891
0.559973006935177
-2.31751473917642
1.96006893538119
-0.974480394176821
0.642615472274433
-1.20884337321279
-1.09811258155935
3.26112435321635
-0.583803546550267
0.880396456067371
0.364408904927512
1.73577057933555
-1.04606345863291
0.486436516824356
0.217414224412007
2.38358350261278
-0.304046763771769
0.0393883804475184
0.992323285453288
-0.880803321171553
-1.40858587813731
-2.12846954074795
1.8313274916111
-0.135025712781477
-0.28850773353902
-1.5919101544405
1.57148523273847
-1.13631134580757
-0.233959314224434
-2.9288649677997
-3.16908315054383
-1.59419747322501
0.379583495502833
0.287586289612849
-3.97682273252491
-2.70433368463216
-0.982925603541601
-0.326612089503592
0.566136607373062
-1.14511023192604
2.38091876883598
0.190492823142309
1.14230519837818
-1.41320422890814
0.383355176892355
-0.737899380596509
3.00302932729698
-2.18866119974211
1.07544489361038
1.14232068250376
0.666821678492045
0.614096952166399
-0.728048803027259
2.66554814603552
-1.43897169088508
-0.295847381500338
-0.309921743194334
-0.21114394714285
1.25902889801595
-0.584988781530539
-0.638347502482375
-1.55750356510702
0.192107810272788
0.656650077312517
-1.11195956009932
-0.599716771225302
-1.03544453902456
-1.89256895440497
-1.75098521882252
-0.718685912562203
2.53690140394757
-2.83561130210135
0.698882618116714
-2.44070869892992
0.343849786251836
-0.242894581632873
0.053672296011072
1.87502385225526
1.95022260572469
-1.21641323820865
0.472147036239264
-1.6126021746505
0.552944518382602
-2.10664133849611
2.63705621454917
-1.48778685386264
1.35962059927006
0.424799934660409
0.228880618027779
1.77391081923026
-0.371203002690455
-0.725855614106182
-0.0553070064613236
-0.305196344002424
2.39799338783222
0.483133193864206
0.39440994583625
-1.12759334775557
0.0311339679444893
0.556856666120222
-0.133718523073948
0.410679964431904
2.32615489593157
-0.888678878079189
0.0319484888472943
-0.583574007711717
0.0318592490896338
-0.607670539663733
2.92132848513495
0.741701296159715
0.468997204410927
-2.31904805233978
-3.4554786492659
0.541814078432362
-0.476074078469179
-0.68331713774577
-3.35944376146571
-5.86424416266826
-2.23587477094088
-1.68479250755753
0.0534614339909754
2.43326432081586
-0.147834877986917
-1.16056802489205
-2.29664979452726
1.69203634052456
1.2017442482857
1.66919056251398
-1.08002843557156
0.485813137680241
1.30514234266204
-1.70454987246431
0.0428312310123893
-1.0546307089702
-3.81197868086634
-2.83163093480146
0.912981052192689
-1.78701750501525
2.70110326465165
-1.05013504132051
0.0207255667401507
-0.42553909080381
-0.343197002112382
1.00010223449196
-1.51207988680998
0.405211310925307
3.7519298891396
-0.931940780886521
1.86405906972538
1.36897412475722
0.333294518122346
1.23418599605365
-2.26346132277848
-0.737490413030596
0.605692572243716
1.39320673816942
4.21734886967892
2.01124650438837
1.65509158510574
3.23602331022497
0.692581395700293
1.92736328934831
-1.62261998661976
-1.27157752524119
-0.00357661278679522
-0.0849384276979528
1.06515549997367
0.585289315908984
-0.727844321342362
1.75325686097825
-0.242549304140712
0.386860593939305
0.861603916285879
-1.48278911185757
0.37060336624218
0.223589281898284
-2.57684843829302
-0.0568277643690066
0.600734885569635
3.67858262598223
1.32800353922244
3.61848839636094
3.77195159076261
-1.84128955765522
-0.724129748181224
-0.0182951252845955
-1.49230241407441
1.13640219004791
-1.45111205332297
