-1.96678463666848
-2.08894740881123
-2.85232202325281
-0.589315678971308
-0.661175671311665
-2.06185990413117
-0.748175320529281
-0.836914210472651
-0.823661243945008
0.210926481494983
-1.5021943941753
-0.365726321283341
-0.176253026416102
-1.37173987861799
-3.25065879400412
-2.85304445652451
-2.10104803585143
-1.73935561019953
-0.623821292672859
-1.34920312605229
-1.83291408977213
-2.99131178029604
-2.8560961349574
-1.85357051611618
-0.960168088661809
-0.992600449315832
-1.27004716174794
-1.36388053539122
0.190855080143872
0.925045143592699
0.868545580901315
-0.125306080032171
-1.19882427824392
-0.272708260296878
-0.480689749035514
-0.0175861190434786
-0.204779222176424
0.876231649906692
-1.41793226536297
-1.66001160132791
-2.20557511294761
-1.53332821787168
-0.59797454609901
-0.9315363881155
-0.594525845300761
-1.9249307179958
-2.09823467408964
0.906778187149605
-0.122104011359532
-1.1932057918343
-0.769910458946998
-1.53477290770684
-3.01476444753464
-3.33110625082917
-0.687217862936218
-1.30286664430388
-0.508690773917457
-0.994046962971214
0.234024949493222
0.141455572680709
-1.47122801758722
-1.04490064429962
-2.31280231304072
-1.43192330813879
-1.21224238614
-2.13992722292236
-1.43808114843912
-1.20186310561713
-1.04573207928355
-0.198291795748395
-0.53936373187791
0.0690968613565718
-0.566076381522634
-1.283830811489
-1.51778557143619
-2.44863185762327
-2.74270208257751
-2.16096000537371
-1.96467095789842
-3.1402801302498
-1.95606312865865
-1.73427688238696
-1.26245528513912
-2.80422014441117
-1.90820657899242
0.0920931216949894
-0.74047440093545
-0.484272716706501
-1.03258395828691
-0.420105199099461
-0.815263069266648
0.673668428277943
0.40572293817038
0.439081772068535
0.417296761447619
-0.230792674602331
-0.463189217106491
-0.143827735647819
1.09538176007928
-0.00634324035469558
0.334281150671576
1.16639612154206
0.46673258014394
-0.756967759953644
-0.337428926480009
-0.792474541636033
-1.08087208957801
-0.211881109447763
0.422526168650066
-0.434084316343602
0.773940869438135
0.820552574644001
0.931228587061655
0.118293973221962
1.70661545829746
1.39191144057423
2.08969081454271
2.11668187757084
2.11147337808797
1.71127630465167
-0.407920771348226
0.730490373977246
2.48851197039561
1.93455095052421
2.82421364362933
2.00689712848217
1.52626569403345
1.10994852486603
-0.599977348626689
0.0784327550265478
-1.87927840370949
-1.34429583361683
-1.02114707103655
-0.599065574460324
-0.63863933564107
-1.55852320409552
-0.700893372687737
-0.0525420030678571
-1.86494949693484
-1.01074077059882
-0.20822616948147
-0.302170257006463
2.3081775012824
1.55575579448603
1.37655627491137
1.11351638209229
-0.453543090796563
0.717865145972195
-0.170757152023696
0.509677199136098
0.36726752174283
-0.611981216996512
-0.33188053727707
-0.312806950205709
0.329840549022043
-0.460937683805593
0.492774335902476
-0.051681175254501
0.271163837950637
0.520265041287016
1.013490563132
-0.145745942077494
0.952627553516115
1.6840537699577
1.28801013568869
1.8037405919641
1.13340973450696
1.44250303809526
0.923345262287309
0.813424256246881
0.655254166042646
-0.691842227637598
0.882060265751791
1.18475713673942
1.4481963381092
2.00002438772995
0.669881411935923
-0.204800658826925
-0.0544937173153628
0.581209648376019
0.260171922080162
-0.0441299901158715
-2.55293000778353
-1.65073178194164
-1.8344539191362
-0.0200786135761468
-0.543752770848228
-0.597733114571635
-1.99468324999761
-3.45566245303791
-4.43610423087462
-2.57469013337676
0.262318741026748
1.23106166100229
0.38212916027296
0.517625306636365
-0.0542556375874565
0.873178460687972
0.598615179999906
-0.150161605944248
-0.731718858542874
-1.15859653449278
-1.67317356993845
-0.677737246791226
-2.10626986310805
-3.24227924003916
-3.2071198496959
-3.37075830703918
-3.69026773316272
-3.29468960679023
-3.13868186561961
-3.54103888373205
-2.84459023151303
-2.32182049342211
-1.17788493246267
-1.60508992125432
-1.49937258761525
-1.63834910022467
-1.95503511152193
-0.961111423058529
-2.42677286104281
-1.926211255515
-3.16665923444636
-2.83522637830889
-2.85955521427012
-3.4755315085066
-2.86911075647557
-4.35397528728667
-4.0606367622539
-3.77106465211323
-3.23666012788175
-2.8798729435604
-2.55208351475986
-2.27164513640746
-1.19756838754095
1.38368143642386
0.990771196610734
0.991383912073018
0.0986555540317468
-0.00859156581037886
-1.02690117774993
-0.10867085689694
-2.14381877123833
-0.282573649914243
-0.0272099770501256
0.714302232201346
1.00070350145686
1.36371316082614
1.66198174180815
1.82185924106251
2.07213159237198
0.750092192080233
1.00006709196602
2.28569204565605
3.11045506082716
2.29288491635922
1.18378305073039
-0.606095695716248
-0.774417905872458
-1.1450459020116
-0.504558833845471
-1.61350027617763
-3.42220156081769
-3.60835674310831
-3.17224464211381
-3.48433727211557
-3.27533072730633
-3.91380131164359
-2.05165354132316
-3.57811423852361
-3.10676466641704
-0.652725571106195
-0.649122382117895
-0.237962072744387
-0.523018147237602
1.52134377071951
1.07768418757956
2.47108717839561
-0.764141105407532
-1.15351482970114
-2.1767737810456
-3.42792331354013
-1.49790585175399
-2.27581410841998
-2.69182159236045
-3.96566993546466
-3.19725430601005
-3.23358897823089
-4.31329118233
-2.87525114876908
-3.35487892598505
-4.57950242343312
-4.28562657375118
-2.95737609345683
-2.64782583617014
-1.98901014241031
-1.65333343152701
-0.130542721263306
0.416235585551552
-0.644252414000673
-0.442823557100885
0.153021913683484
-0.118331321522454
0.452754908476181
-0.620170396679234
1.34411714444232
2.2368637091805
1.73783317322298
1.92115757928028
2.08893082402555
1.66208241523845
0.923032688878743
0.928651792673275
0.657510445930201
0.17981709158118
-0.435779918245664
-0.253072045096721
0.0324161397639351
0.615599459515567
1.80128037538727
1.61649059345984
-0.5436319197466
-0.747647201400716
0.462423467422255
-0.804832531064281
-0.892109137393
-0.0557097534284385
1.54930985050922
2.55647354155367
1.15426306549953
0.541076886834618
1.20867199475827
0.715282802339322
0.832845301615518
3.12086420866674
2.3468886190908
1.58800827104724
2.84300926580487
1.47193905087546
1.13052853694589
1.05676869646308
0.784544841797653
-2.38488716312279
-2.21025939711632
-1.41675385021253
-0.950649282243087
0.508158746094796
0.301156290659858
-0.194161797279231
-0.42723680312596
1.68000469034117
1.88157426431209
0.676600222856522
2.37436486563137
1.76696629528371
2.35995888881767
2.76481837332661
1.6812448652894
0.374695200657261
1.47326925397781
1.6076560323235
1.69115367126606
1.80486007184984
1.67122334630559
-0.131120629635763
-0.154791110970769
1.54462110438834
3.83746424753261
4.18856110029439
3.70320766345961
1.51639497905436
2.0019739398664
1.01335289384357
1.07393789490294
1.56479694428235
-0.574980978752022
-0.892336712535392
-1.49248709593817
-0.184159957221918
-1.40763317603987
-0.200668890820367
-0.948366777071184
-1.47595177784272
-2.85141010157365
-2.65940657418042
-3.71720153814793
-4.2339516297733
-4.52292166764392
-4.4638168737594
-2.79276832175248
-3.11634507135897
-2.9617693507349
-3.32958284067216
-1.70694904115718
-1.61085652286492
-1.11098770332866
-1.53041857228461
-0.0768327368166433
0.245922428485097
-0.143515091727136
0.455756327604843
0.0914164772452158
-1.30410886903241
0.578542387008653
-0.647438406680344
-1.82490293090864
-1.52415221179039
-1.96249564598498
-0.859061367172268
0.791881534087272
0.770541875564615
-0.223674073196194
-0.360638462607339
-0.431796831576203
-0.458844690906629
-1.20453639565363
-0.554650083723507
0.283069120290102
0.109144891041579
0.717449589605755
1.87247848197713
2.31294166884624
1.87379269908708
1.77481206132637
1.30890751415673
0.986106528013003
0.580421325074817
1.53445931387153
3.22240943843824
2.2939726121091
1.43993175021769
2.33243209797283
1.60301688857577
0.486500127034809
2.35414644243012
2.77352864807238
3.15475457724666
2.22656577331518
2.1105991065528
2.33331582379579
1.98462658726993
1.25862058112534
-0.541341008107934
0.311898857456654
-0.568057552190198
-0.439139896486904
-0.529810595332447
-0.868213403544654
0.0670670189982392
-1.1890984039646
-1.40355070455821
-0.364623801709312
0.464251688477238
-1.31926344554885
-0.533283263464664
-0.653611215196483
-1.27770213779709
-1.00542669489907
-1.35159656270401
-2.1111067031534
-1.34871077995609
-0.785967004901306
-1.53889909339209
-0.79836296336771
-1.35163493224792
-0.297427152677449
-0.475395481102939
0.702668958209345
-0.567440348879869
-0.189445532013725
0.184821283750775
0.0013880160374258
1.3823959055731
1.2211764889973
0.557569322405039
1.55033284004091
1.70504794935825
1.53045208285184
0.808829847121701
-0.378812443219175
0.832286290768266
2.15411418816877
1.97734463948384
2.12935003468375
2.3689420557304
0.777256042330433
0.960653683375586
0.481502661367372
0.102065445183655
0.668368256681807
0.9639880375804
-1.06823683873104
-0.411287130843602
-0.43675083518642
0.232296688099406
0.524372248931652
1.68754160564726
0.878652586844249
2.11624304394476
0.71670476480694
0.509464820695046
0.00584160738474848
0.43088870850009
-1.54341207905894
-1.53358701800136
-0.0998199807898117
0.252004099865549
-0.64724959886815
-0.358869545889266
1.37717110608036
0.622964868639371
1.20084459081579
1.82642571582998
3.87077114213246
3.727052556688
3.64514538511289
2.21593565241147
1.94681370191015
1.84365186554889
1.8813286491516
3.20524291056302
1.26040300420907
-0.0592223598401513
1.17396054115281
0.0469627977702146
-0.172900610480929
0.624021713885421
-0.349603665251599
-1.68977537918509
-1.91586895916836
-2.06671784362545
-1.63505879851239
-1.99522756137738
-1.9307509613264
-3.32784846314722
-1.76337492984987
-2.83746562859151
-0.373426796937345
-0.496991146725552
-1.14373469820648
-3.16969654695672
-1.33359040130947
-2.63877319006508
-3.07640012283401
-3.60064406808413
-4.25547615701385
-5.24612141301391
-4.70827536064238
-5.42809222830372
-5.32009825570942
-5.98517224541919
-3.17757365051293
-2.98730068923153
-2.9069204995181
-2.54714926464498
-2.87333412319301
-2.77843587121516
-3.00817229038093
-3.12436843225543
-3.00105206938238
-1.56376723676834
-0.896170467948219
-0.566966848834248
0.601125557171594
1.89051671551574
2.34946505034705
0.545585309834758
0.116397239542676
-0.545568890031861
-0.974039980016762
-1.86709259152884
-0.606211895675518
-1.41048384501677
-1.35160314749682
-1.15121417678817
-0.325684316439546
1.24503839501519
0.653190164717043
0.955272727779322
1.91359477137117
-0.105004755714348
0.362056135144838
1.40754954693444
0.500389602243313
-0.1942238919084
-0.292685958654734
-0.388160360212294
1.95866707224282
1.85647950026383
1.94170867622735
0.198256249354166
0.702295824752052
0.0637759677140342
-1.66681935159543
-1.9865858836852
-1.04639159275023
0.478468317983576
-0.218795077550308
-0.905529216568828
-3.23973620580284
-2.85372476275156
-3.54372950572568
-3.31330080749124
-3.4348375254843
-1.68864321390004
0.526368946535124
0.626411477624572
0.647701324402576
2.53865799312735
1.12239331807782
-0.0432796866635093
0.0125548401833725
-1.04155995764938
-1.79305860836973
0.557162322159701
0.52746610392967
1.19481319572426
1.29024434244923
2.11153391191061
0.567964207581571
1.62048268063259
1.17519379387494
2.15291834919062
1.93146748819465
2.13387222347197
2.15662621236409
2.62943699886244
0.985745925054679
0.19624593182684
-0.858722776319471
-1.41195816663991
-2.30091367876056
-3.11706957769896
-3.92346295672671
-2.92684616850944
-1.54022018710702
-1.11229599977381
-1.40545343337996
-2.6546286334475
-3.38517610525209
-1.79431370690768
-3.16236427747021
-2.60007000560013
-2.63066826316633
-2.0431947162648
-0.978621041297687
-0.462313521662952
0.593675663962075
0.0696967178377822
0.5414583839389
0.892243964801073
0.624687868422174
-0.219912215566985
-0.0743532587490506
-0.521123751064115
-1.3402679827469
-2.41329327308565
-2.21587158393358
-2.15601557536124
-1.84088117452172
-1.65416384614778
-2.5653893093815
-1.53502211826418
-1.93649997916243
-1.53742435083634
-0.041901344929673
-1.55018048312956
-2.02892014015142
-0.408530593161556
-0.842945656394663
-0.848381101527924
-1.0043087400538
-0.877437626236987
-1.32453018945953
-0.42175480392071
0.989263019418807
0.875951920827043
0.852796158390294
3.02974790308053
2.91538426564531
2.11692261108335
1.30608752835781
-0.351602550404871
1.71838467949862
1.44289125198148
1.41487007505991
1.05494015772325
0.365319812036229
1.30155226683626
1.92545847845233
0.0281339953096706
0.329048027153721
0.844763271407078
-1.15711522449788
1.71894852098967
1.15947365261753
1.23353923628896
3.27320602859156
2.53603400054542
2.46051653044448
0.988376522358612
2.52310636846664
2.02542943173732
0.380238953792256
-1.8076566976993
-1.64845423640153
-2.17016603379239
0.299154682207143
0.541927068802096
0.836637345631985
3.59162795872793
2.16368536299535
-1.12888925915791
0.521866827014002
-0.745832385672158
0.824085970533136
1.36142880185499
4.06732789782667
5.08893934123365
4.03862706572366
4.22744598626708
3.33112086829574
2.92163814892812
1.01887497811354
0.00957671602069443
0.104075388536015
-1.04881458287747
0.891383342602474
-0.0993921701326881
-0.575512758744176
-0.316450413440028
0.411086140468875
1.64415756157719
1.70758398123053
1.83381113462162
1.34320305730495
2.2507955429655
-0.406225227813342
-2.15470981441139
-3.54431247479852
-1.79774714116862
-1.16177177335268
-0.449007917318067
-0.591257532390764
-1.16580567433267
0.350741981586868
0.223827237615749
2.28083031239215
3.83060014203912
4.21475566462836
2.99179932113593
3.03322544816157
3.2583733643316
3.63658406743883
2.40348870283074
1.71302316945331
1.31947513837218
1.40739356613028
0.28160177669331
1.16788133859349
2.18782821492032
3.05862127973681
0.383015339620105
0.356523992554526
-0.136005677168442
-2.570971712384
-3.45197196885329
-3.09778827710886
-3.06602306709324
-2.6352764634306
-2.1049272821877
-1.40257180964335
-1.53917223036133
-1.27479362059492
-1.19791038422908
-0.643783132573413
-1.0031302552739
-0.753697543124561
-1.38144274516717
-2.14887590185255
-0.612795884536069
-1.89937583067534
-0.568868506184431
-1.06488965045444
-2.83032722195472
-0.807892708404338
-0.721073650038264
-0.0973849201624596
1.13897762906691
0.637688518705232
-0.24725382402042
-1.30646062844214
0.0423704972737835
-0.644545783099532
0.319334948884237
-0.292118850690458
-0.680093382043316
0.139419484525968
-0.526307699087842
-0.43374359232897
1.96960287493688
2.54205517623377
2.02865442739768
2.22291098332667
0.902534541544683
0.408958412686559
-1.04869490468561
-0.0828311286183758
-0.999664440687298
-1.21712077623023
-0.995512328116497
-0.118365448258838
-0.00312700066458323
-0.253963843334564
0.637853294633479
-0.213112018292379
-1.71985472055223
0.745770970531366
1.350458423913
0.905033886214482
2.23009408140258
2.09373560472085
3.10369587304279
1.27792581610716
0.769424735747314
-0.839865884945175
-1.20768254704023
0.186770342672672
-1.42817214665962
-1.75974915508116
-2.0296344852478
-1.77744064317007
-1.18878064272941
-1.19106789277529
-1.75204656083256
-2.2836326344421
-1.56716636785897
-1.92985031100818
-1.31193802836545
-2.20185188498018
-2.86663321794144
-2.3890524801516
-2.68833887417691
-2.73132135070182
-3.64333942024817
-4.0254137628569
-2.96894909298519
-2.53742439608326
-1.57707570725281
-0.509851360432402
-0.476254482105871
1.13171574940845
3.04900976678942
3.37045519393216
2.3656533055069
1.48023452991097
2.33905242173858
3.12130356523502
2.63054337626843
1.7484572979396
2.14446917211818
2.50842968968153
2.77783935599162
2.76235481972184
3.54141903810477
1.5470694693334
0.974211794200949
0.429770930277747
-0.72076450260546
0.00297147636998674
0.410372089622036
1.15427959554098
0.0891845037498045
1.53329066427095
3.57144593251919
3.61592943319291
2.6410536114274
1.79026288664803
1.62996313572121
-0.131907080303491
-0.44286088061061
-0.818250475486498
-0.653790896537633
0.336207589629488
1.82504690710207
3.78193623147444
2.95574386374054
3.29163809056432
3.52014661413589
2.35311177314397
2.90701662066652
2.3780417057165
2.61679908097609
2.40080437737495
1.6039328483868
-0.73231910615974
-1.27848891072612
-0.249612451878465
-1.72323702315259
-1.98136887043582
-1.44880474432322
-3.50882094898294
-4.31388746735114
-2.67376429014921
-1.23679706284449
-0.306223250104653
-1.64085205854927
-2.45567795115137
-1.45414857993656
-0.662592671522318
-0.554903688320857
-1.86529505154621
-0.858940464936762
-0.476069172500135
-1.02626045992968
1.38995051413111
2.13191449775723
3.7849558973451
2.509722318505
1.39592413596971
0.22394054730495
-1.54806399017345
-2.50695247456392
-2.21128648935337
0.188598963182867
-0.476266018744147
-0.136421270999849
-0.654658727655528
0.0651987777692867
-0.380717735941021
-0.212711041115346
0.726829050605639
-1.29632762409707
-0.550944546995206
-0.347484517425786
0.142725335926814
0.403690592625539
0.138417562566277
-0.96348196645695
-0.290716415624513
-1.25912929204063
-2.42003569082644
-2.22929374101875
-2.85691418661684
-3.0673517072173
-1.7450071593349
-1.11520555081909
-1.77733616108634
-1.28835373080024
0.618077919143781
1.01145435901094
0.713947494023706
0.94647829186957
-1.10367548291073
-0.377245301300284
0.873117409622941
-0.954551763307254
0.448293580180403
0.11557667654814
-0.844370599118082
-1.04299270649625
-0.414201380915785
0.708275633696097
1.32259935801847
-0.107773461399981
-0.287472429497119
-0.868888975233813
-0.150316008457291
0.316060068691602
1.06462645578846
-0.0454366526794941
1.38611732667661
1.1036038464825
2.65926822130122
3.16892768284615
3.53365021143655
2.87832319927455
0.824512623462314
1.20566870630153
1.51956040281371
1.92934487853577
2.16838592053661
3.18753548600838
1.6709272201741
1.46908536873174
-0.53610433733958
0.155230603804383
0.893403746406623
0.985548575420478
0.274050370128591
-0.126718717319328
-0.492695775514884
-1.51927876648415
-2.59773515275845
-2.00635633869468
-1.84303351941957
-0.664685180216619
1.79104609008672
3.22554760515582
1.98323392342674
1.28439499208986
-0.494930193854557
1.02814115156154
-0.314949483589759
-1.08888712338307
-1.65226233321005
-0.935709265598375
-0.635838961071791
-0.530383448863602
0.453500548630914
0.752747875203799
0.812875026821952
-0.630402094564295
0.482912308112595
0.0328483038260086
-0.205121225795061
-0.191324610679072
0.479202908995977
-1.28122780051119
0.433916451420659
0.0867720959854455
0.834597377858869
0.399031454711912
0.97410057104214
0.0830593600473026
0.438956649446201
0.372874356657813
-0.385207723899107
-0.480887254900658
-1.4092203307583
-0.000751365075557509
0.743424868984494
1.27979624101351
0.340533187480096
-1.24554597906364
-0.157887014520543
1.44902723687326
0.66017925889548
1.72906920710705
2.15459421604973
1.08345312886201
2.35443712514954
0.805416951458794
0.8877132754446
2.66466467009369
0.980501792855077
1.5729826905602
0.591154721479447
2.45867220318277
2.78360345620093
0.616106154281505
0.44207753453258
-1.65317696981372
-0.52390422975794
-0.588291667447304
-1.20061806470064
0.591561117069327
-0.932971694750842
-2.46739970925695
-2.30630961746276
-0.628055044490308
0.494836780218052
-0.555380885931304
-1.89171833997375
-3.41073911890353
-2.01726900566343
-2.41733269455214
-1.48471248858709
-1.56822436397036
-3.62366666718346
-5.30440947129184
-3.87902866813592
-4.16697943641318
-2.24189062145715
-0.75351370753096
-2.17849857676336
-2.24788171550933
-2.89093814398125
-3.65799424354998
-4.27636119206305
-3.77971243596981
-2.07988950553535
-1.43977189272851
-1.39359643407745
-1.98485572597185
-2.53763252335245
-1.95476743649078
-1.62338183683016
-2.18810552074359
-2.53273111236867
-3.11286554759936
-1.41488147290713
-0.202577910675207
-1.72868736430589
-1.7328119980529
-2.84750798029379
-2.22582075571387
-2.4593498371039
-2.947296492894
-1.60057707192483
-2.64348970814434
-1.2793289695447
-1.95490131154732
-2.26418208853801
-1.53052243170413
-1.05779290734482
-2.48961087061009
-1.0922876652036
-0.34332862369226
1.8266471893712
1.4497730436344
-0.034255251829308
2.7635677129336
2.90150005969607
1.89053378124436
-0.417192637481901
0.156845495714741
0.382431157965362
-2.00551921055203
-0.871653228965668
-0.686918742284657
-0.155699449205735
-0.701234530911162
0.435061519818224
0.504956286818832
0.0157723908974624
-1.33346972623753
0.153493138608162
-1.26204036570308
-1.78940989259605
-1.21752697561693
-0.1817599138115
1.10953933610138
1.67433543601351
0.796047180934438
-0.379395788464551
0.0908605819055842
-0.95201887048807
-0.593091532136478
-0.032795064301214
-1.2544127393725
0.885956904943861
-1.37225071800293
-0.493794970698853
-0.0731863765759288
-1.19810681823877
-0.834567604069761
0.0823352492873255
-1.65870752861901
-2.08108128391471
-0.716113076273701
-1.19382021084148
0.0407854378609989
0.640611199561741
1.00020518975159
0.883684870019734
-0.0925133218769723
0.660300576946206
0.476501671328142
-0.596193194813046
0.0318689562394393
-0.247012387243477
0.565126889062662
1.25052234566843
1.77069954729228
3.03071474122409
2.9643665447436
2.23530202393984
3.92355664306556
5.63862960968702
3.6918968358128
4.64359656231199
2.7511342779728
3.26170887278579
3.64225815170431
3.94415465085401
3.25052105325107
1.24258528386023
1.64736633933804
2.76748024095809
0.935232097124631
0.513852208988486
-0.509903628487686
-0.0106787760651765
-1.24007970518956
-2.23618843518211
-2.03756990107095
-0.375606264403857
1.07893396275755
1.07971768665439
1.44226063991307
1.15334116181569
-0.1651448244833
-0.55861909291745
-0.0710070904827087
0.124461466042249
-0.595090900595522
-0.860527968418063
-3.02283859951637
-1.46774626918434
-2.27639424511291
-1.95443506377487
-1.34369503561754
-0.0644890701547094
0.379678318923893
-0.2267657635282
0.597838572156797
1.21113630654378
0.746389624686705
2.31158195070351
1.25964249764975
-0.12041915387367
-0.351168634582964
-0.762957526674086
-0.859779329286675
-0.0668514712688886
1.36073347068809
1.85881628104619
2.16130255810781
2.13635387140225
2.00749976152091
1.38201872978567
2.57480545451186
2.23424161034401
1.91787222744459
0.979153061240104
0.553079674234594
0.384034827578992
0.112067571581362
1.26761326527338
2.39181272200581
2.10770745106537
3.11418068772353
3.1140815250544
3.08281560570508
1.52050045179567
-0.925734795051173
-1.67494536555338
-0.468237087139955
-2.02486294030175
-0.982297842863297
-1.15997334052618
-0.453768866750462
-0.315859945533493
-0.946192160840341
-1.987959243313
-0.665882679109259
-0.039680483472507
0.477615990663071
0.43129962978962
0.929386032863342
0.54838626244208
1.60785784052833
0.826915755680783
0.533590017188799
0.797607361267417
2.3339938364116
1.69359887113436
0.95052866628009
1.63202718351142
0.641177322409264
1.25846136425451
0.0575605380027204
0.766172229770438
0.748902273330536
-0.765858190935681
-1.5209389106905
-0.643733583904761
-1.01414303934764
-2.03373733449013
-1.77025574405839
-1.40667325182075
-0.988659315156835
0.452539907100746
-0.14256579889166
-0.183437145941715
0.450761547266952
-0.27531270330081
-0.715611142136356
-0.929902539668513
0.0389136361914947
0.64753450920465
-0.621295937766614
-0.212377224675068
-0.306925151785379
-0.371741642918742
0.116606407030323
-0.809339352121008
0.0713935436009315
-0.308685400313228
-1.90755633971356
-0.800685127677004
-0.206980666124578
-0.87636281202838
0.301424657558352
0.420054576870483
1.64389882715792
1.45240131775807
2.68116096697879
2.28096545155851
1.99821082163008
2.73160410364807
3.8035431280413
3.98215056082351
4.99234689385039
4.57287389484485
5.25048873201992
3.13351044279841
1.48046552580592
-0.584984531274386
0.557474221969975
0.272786881642276
2.61940083720682
2.81531946808815
3.17377834289905
3.66192045210982
3.09081448058727
2.71970945857021
1.28923059970067
1.73628463208916
1.45326216965145
0.00136594140389579
0.238297793759705
-0.534477599526444
-1.3770391000161
-1.4733553340043
-0.0333097103675559
0.294701019938246
-1.28420358427371
-2.46518183257923
-2.0794637431086
-0.499827813250469
-0.4954115098177
-1.18114059080173
1.17110079630018
1.10277474864293
1.85722647193526
0.0275714906630486
-0.596410133547054
-1.23092823216969
0.922970888169564
0.0930029805977791
1.64566763946071
0.0805604829801765
0.67756992086985
0.201151728232403
0.434500994447525
1.00183092368899
0.37592505876342
-0.441376611468969
-0.476114966135448
0.0957586045797615
0.134181313902445
0.356144462891318
-0.644641310272169
0.398589515864381
0.210139275818829
-1.4744378463315
-2.59406323986417
-3.46723491194278
-2.32945699264268
-1.50838768643872
-0.393348980145784
-0.518341484814783
0.249135518492709
0.637979109890093
0.168056291445728
-2.68602493021376
-4.18674864307073
-1.98476344847938
-3.375889094898
-1.96732367966099
-1.58454313144945
-1.24307030585641
-0.771865377027559
0.284898539666775
0.0993851791900332
-0.357308650476268
-1.06583132981314
-1.27379336334613
-0.0138376296021772
-1.31510708977781
-1.84574198150669
-0.917751201392678
1.24478710097677
1.00098360008886
1.72788568589882
0.62535956602104
0.765979483445072
-0.648149970400694
-0.14949069842698
-2.69475839497639
-2.72397468392614
-4.24694198871717
-0.587467892695084
1.31991254402892
1.95652865228971
0.930861101506462
-1.42516987597039
0.196132066112573
2.1728197900732
1.30819540124875
1.39605786047494
1.13786037986997
0.578836378325059
-0.383810245838635
-1.05655267805204
-1.38756944474368
-0.314384473311457
0.36001089363832
0.371400226578935
0.00583159660579913
1.17410432745871
0.733063474784506
0.682532254308425
1.09146995075741
-0.318919064411264
-2.84921119339258
-2.77128809835851
-0.766211133828774
0.409605781496694
0.304114282772897
-1.13587907565782
-0.174887517729015
-0.514041255469625
-1.91123138256361
-2.79166374560577
-2.05815725761128
-0.806487863632755
-0.554875716851372
1.01941852332363
1.75822226636705
1.61833187977916
1.74789845789073
1.08795622535878
1.63703121760482
2.99552782149573
3.08458904902145
1.27860036706466
1.28110730607922
-0.197900538496839
0.745934500587321
-1.4715961523989
-0.429057594397328
-2.08920585843979
-0.774019569135708
-1.246252744278
-1.74266774014101
-0.879850575161975
-0.111956378095312
0.49519573952979
0.525286330324425
0.563777192333478
0.323392125685568
-0.712044120058258
-0.881697783731651
0.254056445062352
0.935318707145012
0.265435563368703
-0.343133674946239
-0.452832433074684
-0.528406392954939
1.73948243010479
2.23001186695781
0.847389104465974
-0.298535344736068
-0.487835787621972
0.173214222116828
-1.27515320983898
-1.36852134934538
-1.20857256789533
-0.757429281870905
-2.19932931560085
-3.02374180020228
-4.4544220147607
-3.15657695370263
-3.35162827021218
-1.7187769267178
0.158988764094961
-0.361240639367364
1.37987235938513
1.79521209269511
0.927298297097188
0.731056109480228
1.0308645859111
1.97571501879458
3.0978368678654
2.91074529358215
2.13247763157312
4.06618266552442
3.4230444770728
3.63100094491068
4.42468859057749
4.32273252766813
5.96331150688006
6.06901141086278
3.60285086269635
3.22406101645906
-0.0498198036274515
-1.16123821206233
-3.27955423401261
-1.99197340253066
-1.660880286467
-1.3765371481042
-1.60848952871449
-2.70253172513367
-1.3864018407697
-2.46410185368769
-1.52377235470078
-1.83111513762002
-0.688385991929399
-1.545134653726
0.49956358814146
0.577048667292918
0.968672028094752
0.172717696301871
1.36816315856868
0.0770479943360789
0.649586892485027
0.099433477720954
0.168866934260132
-0.798556254824843
-1.62554707832259
0.517091648466502
-1.44289185592412
-1.10306688340542
-0.120203184991633
1.73831722364453
0.389870298045019
-1.70275787254453
-1.71794468168188
-1.3873771149985
-1.44686007670954
0.230157088953499
0.529395104587974
0.175676867618125
-0.0446385477312081
-0.510323799973957
-0.606699689423357
-0.338851784037201
0.997648976458769
-0.857009806092067
-0.326814579432078
-0.866965120327038
-0.449084746525334
0.373869001611929
-0.178134531646142
-2.0912721755867
-0.688046852660278
-1.69461715645499
-0.375662497867277
-0.534947808826583
-0.579461559798894
-0.531220090925752
0.125527329506872
-0.0188131230942485
1.30672998426106
1.1543860834964
1.7660790963235
2.5368649418959
-0.107037170831546
1.53757234930667
3.31007166905452
2.62306612401575
2.48765133611835
1.87796959730421
1.37574339579034
-0.232014682561387
0.475017987682775
0.850398644850972
1.42356892711868
0.867127038902436
0.527876372026891
0.479766634684422
2.09849591845784
1.95344345580199
2.49743897748395
1.95377138612387
1.6232460391738
1.97824980259291
3.95605461691827
2.55379825009998
0.626718603945875
2.41330741263264
1.5366843338801
1.19297003722867
2.01959580212502
1.08103466884846
1.17480692389767
-0.208783051031524
0.0436604669038679
0.642539546077381
-0.518792773786488
0.967382715738732
-0.443289417990703
-0.272989097604526
1.33354028994441
1.01282259893363
0.487936864550364
1.71197655784075
1.52048794550817
0.287092380025649
1.22689706687904
0.811399270794637
1.44060134942443
-0.705812931623678
-0.777166859860918
0.0499550268153025
0.264695163284203
0.797864259607993
1.5904483043411
2.13338148626898
1.14182643350045
-0.0821884937107438
-0.401299711942792
-1.64308997290799
-1.92912018465086
-3.81638935592561
-5.04086429002704
-3.41259213190235
-2.7669761393816
-1.00229415925086
-0.702235295576988
0.350323442185149
0.567779093308386
-0.778252936463377
0.432880534526099
0.734503505386016
0.0187794788529833
0.61822349759414
1.58201098666918
2.11288931935385
1.35368296314828
1.46955903003748
2.06262084058079
2.7207011060061
1.82843204122738
1.43217851818405
-1.1208868766329
-0.439420190014102
-2.25146408471365
-0.0682181546562022
0.00208072541847355
-0.983435525310735
-1.12575056047624
-1.31643590376318
1.00029767264663
0.335387102362367
0.612651877984069
0.000569043021387661
1.2985611802916
1.08300491620417
1.36132080425817
0.501453337806726
-0.136526885769599
-0.336272512432847
-1.18290767409642
-2.22424657759953
-1.44928120208845
-0.903384850764633
-1.44326680095307
-0.645281643747875
-1.41828725727445
-0.153252957534568
1.21232836304941
3.09369692428911
2.28628833794712
1.04852135334558
-0.694359792537771
-2.37739001580963
-1.0390703908465
-1.38536970493141
0.536796352718708
0.814536805520434
0.891639315284288
2.40019816007304
2.92063401485362
3.11046100811299
2.42462649006158
1.53917813936913
1.62322126047896
1.04021466587929
1.21641288017663
1.67869464716907
1.9922589752683
1.26101582427696
1.35679933289831
-0.39691511486955
0.0452422235420912
-2.38669418311715
-0.343464852558435
0.189862352914372
-1.36544674153032
-0.283575370639624
-2.2734421266008
-0.849224906118641
-0.557591573145484
-0.509071358431489
0.534833801509416
0.964500561863353
1.11125324145157
3.00066088392814
1.54962182966165
1.88340833960002
0.492795705182544
1.97401716503459
2.3424228520079
2.56290710287491
0.473568543923044
1.65222879835143
0.606361878499996
-0.149208785089856
-0.0273577973122031
-0.678491025462588
-0.0788638041841223
-1.45754009760626
-0.192480978796066
-0.515910537624203
-1.02294372684725
-2.21107677925788
-3.32672331337996
-3.16857193777742
-3.38553203911479
-2.08219207896284
-2.39005878205798
-0.580237197383781
-1.76118918187994
-0.0502080044635016
-0.317742283505631
0.466963926613352
0.884937114357599
1.99999715643891
2.52106184201548
3.42792008652476
3.35541539985801
1.74400489302082
1.90103047525732
2.33979745879317
1.06753607107902
0.601458126913452
-0.0442436470537097
1.15000041885428
1.58913319518728
0.493780502348003
1.60911364297343
2.31668430647133
1.76049490959657
2.14754808582328
1.28809805309466
0.0444069742409789
-0.602961863947747
-1.33310156443882
-2.19548901900519
-3.48013479379015
-0.737441334506709
-0.223906598345881
0.380731416777434
-0.0614469984367998
-0.223140553009097
0.999832047057489
0.494945612506617
0.132156898484346
-0.254658306596994
-0.0200883839459376
-0.432006326311857
-0.855680702238806
-1.59990831302738
-0.65294027814169
-0.974124620299398
-0.343483943085135
-0.754081561160325
-1.24848871025199
-1.15678224320276
0.941214826292129
-0.947937030388857
-0.149859936798884
-1.02438099146343
0.0380318125087153
-0.388434539333971
0.37629921678225
1.3891199987701
-0.472017873278863
1.09515800312371
0.619174905870784
0.350121329991218
-0.335061347775808
-1.05397025924387
-0.360554951646176
-0.0453297014628537
-2.20379778310112
-2.52953567770867
-1.74827437993736
-0.410264217622946
0.771121141138274
1.06130298996045
1.46346271877864
3.43285843656288
1.87532839766854
1.93363821185247
1.28788818589786
0.722701559017743
0.209866312851385
-0.0588359241892846
0.673579747711568
3.16573302037958
1.98655761932765
1.70594020582785
0.575085072346925
1.28827132040972
0.924961150136208
-0.771233592797419
0.761103070146064
0.210873602034276
1.02138272290901
1.95980622435802
2.17294258529789
1.81719823946238
0.304194073817209
-0.635819601955408
-0.836774609052832
0.186023494358482
-0.184128156009386
-0.0200155984222787
0.157356632202521
0.369968092697824
1.26173870621307
3.23573295324471
3.39372421877037
2.98174312669285
0.720314956926903
0.972226665224495
0.652848382698858
-0.889420806529896
0.0485118063176244
1.82016982682539
1.7534448735375
1.95649987902868
1.93612794517831
1.94878948011209
0.908837346558342
-0.333501311911125
0.742964404922678
0.834034744497358
-0.684810299461576
-1.28422547372868
-2.85152195570463
-3.20564065536727
-2.04344494125966
-0.740553210804499
1.00482921402783
1.02133254091003
1.72945812634159
0.119767481729174
-1.15154400583037
-0.666529515520077
0.950822867129403
0.267042693235545
1.83573264502758
1.43360118700402
-0.504050663432529
-1.44026688258349
-3.23382453460482
-2.07738633682073
-3.31891895114768
-3.11433724040422
-2.43366512179738
-3.70905315398109
-3.76283828129264
-2.08701378105014
-0.30993767024105
1.1957474170322
1.07173058292251
-0.240903607501724
-0.85184733745001
-0.700939583663143
-1.07179355484536
0.587937963664808
0.151014215762626
0.547552120160986
0.532803029884988
0.649290889711036
0.236922715578806
-0.388060245696019
-1.33909053561416
-1.35970680449005
0.536630562196902
0.90965886405589
0.184780949760256
1.34390280623853
0.315687571923432
0.476520991334786
-0.54545721798203
0.594014934182275
-0.37100257693784
-0.50726421576983
-0.198176203574607
-0.944761327584331
-1.42112763402341
-0.729722629312416
-0.693599477836284
0.943974969758596
1.00164047691109
0.18276288626539
-0.694117380338752
0.36333839842659
-1.99706526989173
-0.683449113354286
-0.0836163311998713
-0.178649005298915
-0.741168588727249
0.525150499738806
0.758886943104896
1.28459863381035
1.49882441038438
1.18472479377568
-0.752214888905406
1.30237845686359
-0.238874537968968
-1.01336055472004
-1.51897859105756
-1.99232480572872
-2.87609046148937
-1.84973215722519
-1.03960662345088
-2.9450797778232
-2.50959018889103
-2.23607745503975
-2.53233831327835
-2.17781516974524
-2.88394924464066
-3.22884945251759
-3.26605103772354
-2.42051001089336
-0.738109563107046
-0.284664260957777
0.389764238086093
1.7871030907895
2.06318698279139
1.57594769692773
3.16806699290419
1.44576371283188
2.15425231918362
1.82112505722979
-0.223830494310474
0.840936670862795
1.18909390352663
2.25254136857726
1.18931939747884
-0.134741199048474
-0.145876999906029
0.400338956523306
0.602098784064886
-0.154742383253097
-0.0744355180499337
-1.13107739796018
-1.00070094595044
-0.881357652190238
-0.309572759971092
-0.202433605865304
-0.308988335813996
-0.420985174661156
1.2084140573232
1.86491127474012
1.93839174909429
0.138317852705938
0.401491903806879
-0.373221750061817
-1.14495315551139
-0.0264090712429594
0.271644026332267
-0.705901435731447
-1.84245156731591
-1.31148004202917
-0.00300550497408847
-2.14577037053243
-0.0140460229835742
-0.528092537780641
-0.0904397580888465
-0.587705972561201
-0.242280826882201
0.140802239387038
0.363902885766189
-0.56394920574854
-0.0617296958453107
0.106620534549076
2.21059205189506
3.01505913174265
1.31563106602286
2.3347656609794
-0.744729020921431
-0.218483939065207
-2.76970270484136
-1.64394633452737
-2.44379753281229
-2.87186519371822
-4.03063709311565
-4.43881911250626
-3.36905314222974
-3.98224258825622
-3.15731466312572
-1.61654877862634
-0.498488812741338
-1.982153027235
-2.23366728999496
0.021035101692497
0.0503143168393341
-1.63913589106384
-1.21425972310194
-1.97522988539494
-3.2240946828397
-1.92894611403221
0.022104723268169
0.318245019770264
-1.34878097989812
-0.887645590177542
-0.0340794998566437
0.711092780125671
1.09962445662631
2.86698605321439
4.72475124940627
2.85514704022188
2.67023766084676
2.19007442760769
1.38595623148908
0.787721592808735
-0.117374466289468
-0.255789950033372
-0.476033545424129
0.375493410951603
0.386103799707411
0.603197410627764
1.46555655578487
0.655492535738318
0.904846977514985
0.768680415450446
-0.403428475273609
-1.86598442924026
-1.8486190996681
-1.39131302624135
-1.75307617961338
-2.54503766066103
-1.66654769736456
0.270272249323496
-0.484182541876787
-0.0866429625435262
-0.750677238773012
-0.0412015980319443
1.17507536164445
1.58960690108362
2.44444121010624
2.6986555978353
1.68101390969214
0.163357718701365
1.29097896631601
0.495768360794115
-1.39903984161509
0.7850696313165
-0.0972979639527838
-1.21612118447935
-1.02733781814456
-0.456137931363106
-1.60836460233442
-2.80308969276007
-0.990558197467907
0.0588316916992733
0.00145800263004964
-1.65979176597085
-0.960398397155075
-2.4245646944657
-2.46766529283892
-2.47463391982665
-1.78549240193654
-1.27435156908374
-0.676565013658176
0.785087521402535
-0.398429436355605
-0.631473733585076
-0.173758792888497
-0.45957408128809
-1.86795815577942
-3.71707266089541
-1.97686684849423
-3.33358315383518
-2.02789893818445
-0.527577082095548
-0.565262463081284
-2.3239793122292
-2.43269665277666
-2.70092227816699
-1.97913349389638
-1.29500665373935
-0.426090195152556
-0.33946086829444
0.371263055288565
0.0450618939919519
0.180221001670832
-0.873424202061472
-0.855720597025662
-1.31859855023747
0.474933071561049
1.20312949046865
0.812737615513392
0.811337996480036
-0.846480068809462
-0.551656524106996
-0.213157793175671
1.1491512828827
0.373971266421987
-1.56349286345675
-2.06378859537809
-1.77318301458735
-1.43813101282316
-1.57413640139744
-2.95643228972926
-4.42280922757818
-4.77365342406317
-2.47011904378621
-3.13089301370629
-1.75619420863013
-1.55200145447993
-1.05650527048742
-1.85747746105979
-2.51330296804064
-3.01308477846885
-0.680730393370524
0.00982458780241713
-0.975913431477566
-0.548070655556297
1.16655707336577
2.02349201931387
2.71516648601968
3.34894219307936
2.67358546940157
2.28557455651892
2.68446088159859
2.23168714452078
0.718155084051129
-0.241749837801357
-1.46879120577618
-3.00020634995197
-3.68766029769379
-2.57407570924353
-1.80411440779885
-0.738915011897784
-0.0822998998722289
-0.244283473401118
-0.108419151722902
-1.33408413032618
-0.771028009405912
1.11451290690036
-0.114403704796004
2.1613214647592
0.896947129381364
0.471947635964615
-0.569269176780875
-1.81102639239793
-2.67391951974264
-1.56960767396635
-1.72208836070463
-0.313010450549083
-1.38232462482026
-0.901962931560458
0.839617349667379
1.95503587806567
0.533591524409394
-1.01068444125535
1.27700424068788
1.31096231000205
0.902376606530707
0.152384611620661
-1.10950175377066
-0.296050674288545
0.470442808727598
0.0594070370330727
-0.378971112297278
2.17202483960902
1.15539350507141
-1.08179478258477
-1.10351295666745
-1.01472295642466
0.654388514815997
0.489350341115844
-0.552634292177023
-1.7623451989212
0.366016017652699
0.705187537372765
0.844751549101737
-0.104431215133307
-0.528270026454343
0.673418300155526
2.15220724239752
-0.00220510582942812
-0.787906764828354
0.0986942129966425
0.806773579302182
2.24599858762042
2.64984401872791
3.30762188933134
2.92310540685799
1.75078906251982
1.24281262107137
0.346645215414196
1.4974534832824
2.91859460557682
3.07888247418858
4.20457556951563
2.62597657325699
4.64208048518988
4.08358057158077
4.65639221546697
3.05887994149242
2.03032442172926
1.26947503162531
1.20066666770801
1.47401372740327
0.979861910456702
-1.55795176417031
-2.71521389291848
-0.572547803573019
-1.56878811007973
0.286643710818649
0.2588104218044
-0.958279934011922
0.865308867253893
1.42818510384515
1.72072259477941
3.44070150137948
1.86156497292872
1.4495563814317
0.26880084640518
0.399167803404513
-0.840412872080806
-1.7551370819033
-0.684918929248317
0.247321297724947
-0.818991936486309
-2.6185978142478
-1.00130119838298
-0.564245773140717
-1.01361847361105
-0.206495985880614
1.27242760749431
1.90023052547833
1.88866028755257
-0.683138654509866
-1.29876105050055
-2.49404792679329
-3.13064250447255
-1.43313369358005
-2.58366942560999
-2.84591663726918
-1.38864956456722
-0.0634430315789203
-0.626519771194859
-1.41729080576534
-1.89484745337099
-1.79762720204294
-2.84283861501398
-2.14740427807725
-0.575205360574716
-0.125576641692719
-1.18243936556172
-0.764926377584296
-1.60186964862142
-3.2865908364715
-1.29222169347812
-0.891433639979194
-1.75619095562193
0.179710160231173
-0.907367995765424
-1.46577438076147
0.172096517450356
0.792236166857635
0.509719113587409
1.42613703314147
0.20781647238185
-0.782877730338495
-0.554179588723493
-0.607269836161591
-0.588263688436639
-0.494352561046765
0.122601069374198
-0.719327050737086
-0.901809443413552
-0.21319016956023
0.419067146692621
-0.102891794797197
-0.670516987177211
-0.9053073550425
-0.769591420429327
-0.202148138809788
-1.04904554349295
-0.542888109257655
-1.50565409603555
-0.370182641065339
-1.9213942522848
-3.4391811367819
-3.64424830469884
-3.46869910558688
-2.720325861117
-3.04018751757924
-2.66517434686022
-0.683527291086067
0.255902791560857
-1.11803960915534
-1.21104582770658
-1.87732273884992
-1.11785082625536
-1.63357934235639
-2.46568853204028
-2.35107354925714
-1.94160937128267
-3.04702248371189
-3.04117735240061
-0.943149109170259
-0.454512089694714
-1.64945410252955
-2.79686174615463
-3.10334164833622
-2.09436221795826
0.569356869143308
0.251998510953502
1.36470722491665
1.77537222760712
1.35706045547175
0.483915970779507
1.13009004335179
-0.459653575912453
0.46643048552262
-0.0231334471750644
-0.990612262644761
-0.764618124622348
-0.372488177059254
-3.19705682584454
-2.40555154306071
-2.06982170262433
0.357924805254686
0.0858740010491455
0.893368445873902
1.6123256847912
-0.285868979285059
-0.803463542023525
0.246646594668073
0.443523589264266
-0.0154566884615139
1.06030189122459
1.45689926335922
0.580232625980182
0.362462769729605
0.745098744001296
1.14469205549388
0.11184240373642
-0.423731621944986
1.26311513055684
1.28448435126778
0.111193375229871
1.5014837157046
1.9897781242201
0.838357863144
0.209794054658807
-0.0555302169540369
-0.375592152674014
-2.0854995563938
-0.214769536009671
3.28084797516437
1.02758001449902
2.12535609298261
1.87234355073393
1.24830306498153
1.54059335002913
1.34651486962991
1.36211590616657
0.315398397460156
2.73903333607663
1.83745861068643
1.87214978796684
1.0591523748197
-0.808780728008362
1.52780387094701
0.553525058255201
1.91857961396858
1.90657073352006
1.55583811208548
1.05050479284471
3.18494971540508
4.328109629091
4.3037039430806
4.95524516174138
4.31006513799884
2.16880999639598
3.16138512079649
3.40181845582433
1.91288257735421
1.72554446103708
0.379227295618786
0.58330959893058
1.26354651290904
-0.445359261563564
-1.51559938601284
0.0591900810359571
0.777274807354944
1.74293165158845
1.63337357771242
1.09514157499097
0.450538118461307
-0.312799497259826
-0.776759374959407
-1.5892422541824
-1.66108942441849
-2.39268882853
-1.64261326202749
-0.146803828423836
0.00257655737255431
-0.00161087644573215
-0.0636388214730969
-1.09397817741444
-0.330575261016988
-0.571339362471993
-0.596422405424608
-0.952788426565132
-0.483443787313111
0.412103651992221
2.72359011047597
1.50713845604725
0.757037405241683
3.18366302225549
3.12350096028565
2.88587496328854
3.3194950731849
1.98264323310512
3.14187282444135
1.80885992593544
1.66513113442004
3.59603415180572
4.32220274371025
3.57379998582729
3.55673126359367
2.7959750022486
2.37097964262035
1.32387296210776
2.71908634890709
0.1521720863858
-1.5042310849842
-2.86803490531248
-2.11328072314997
-0.902121100121272
-1.84312580805333
-1.43451237397968
-2.138132451088
-2.68165780879149
-1.65779097801889
0.351263117136527
1.56484458769323
0.592777917701731
1.32278333957828
1.2074964440019
-0.225751497838832
0.276317924971405
0.638437401431157
-1.30659080872379
-0.036939866106686
-0.321249125562593
-0.958838638615392
0.244170364070786
-1.96438140282658
0.107653044357714
0.502351300855681
1.55485822135885
0.475561846092719
-0.334736020308842
-0.339772475861155
-1.28460828674307
-0.0222595246375268
0.210653132986005
-1.30084206361476
-1.02001112774175
-0.696113093299379
-0.331657832493417
-0.495549032585654
0.400272610049296
0.0770558559037092
0.532155518656942
0.925210276643005
-2.20657374834978
-2.19173939066268
-2.31393205525826
-1.84346275548454
-0.695720832791665
-1.30351164734396
-0.900948502465273
-2.17746037809424
-2.86641036314105
-2.8256356167352
-3.23234720662964
-0.964811689384794
0.897936475681088
0.684008056666525
-0.49307473656894
0.279506955451921
-0.660307168848933
-0.711097321507981
-1.12684543653392
-1.98389725430069
-1.07196180919893
-2.01296901199243
-1.60867207088335
0.109371084942661
-0.883968612378686
-2.53494889393617
-1.5024788503148
-0.75375835064025
-0.882054339025406
-0.774297800497246
-3.66801872514481
-2.60790661938598
-3.02160151095514
-4.86693477830458
-1.6619803003547
-0.33535373858291
-0.954635942161794
-0.886575237371011
-0.559923436577646
0.499852111111053
1.35503881231617
1.5022204671652
0.649926625108198
0.549493037798577
-0.915329473946994
-1.25132382682294
-2.25671006105904
-2.00237620122433
-0.781178499303389
-2.3784689950308
-1.85418335444115
-0.83591398591419
-0.7997220861278
-0.426230241583288
0.81411707273307
0.356829466950049
0.913628945100516
-0.368085588834145
-1.25924022531066
0.118581827802552
-0.244485767525894
-0.564427190775048
-1.09346856064269
-1.34745743972621
1.02462896829828
0.741346257921629
0.727142429066216
-0.314829598449835
0.960025377716884
0.582246782433158
1.1018950324595
0.485660514520859
-0.93648839721375
-0.150461649583505
-1.4300316489814
-1.04529383290592
-2.97086505700964
-2.24838203830127
-1.42708472863169
-0.906874899870652
-0.585228702222863
-1.98736779801702
-2.285140981829
-1.71508619133293
-1.77196821265018
-2.40543571648607
-1.04038391881546
-0.76495496924688
-0.926210519273909
-0.120697388499217
0.747547968824557
1.70903898866859
1.62947162872971
1.63596557247479
1.65382384204264
1.33069866372895
0.211403176069709
-0.769844057822269
-1.39023274459749
-0.606676142425584
1.13391608642602
0.862802054479171
2.73129328311792
2.25835220596212
1.3892058029313
1.55957517410264
1.75771489839773
2.3908329328902
1.85663144822055
2.74016866247179
3.43804222882856
3.98540225680485
2.89920882606098
0.00455845910711883
1.15955177959768
1.19138633924738
0.71042208415789
-0.682424764870034
-0.00247414429014925
-1.45845622004586
-1.10493846351467
-1.97553088472952
-1.49926668276459
-2.10534190032846
-0.912290585913438
-0.969368329920813
-1.85862498914558
-2.67388332190616
-4.12590910124446
-4.130479601647
-2.99641766675786
-4.06200143071033
-1.85124865819542
0.122412702420746
0.366003302172433
0.674430647367545
0.65875528577833
-0.015981948493787
-0.878636646019653
-0.326936101418082
-0.305091676956723
-0.836950345033951
-1.282325469333
-2.31728045137951
-2.28596558101759
-1.82945986248732
-3.24780055147966
-2.10863785195792
-2.74194500376429
-2.73494712402582
-0.488975825087337
-1.26336472275593
-0.408202265502264
0.944563181607824
2.13808704347853
3.92712765723679
4.88741773749944
3.87740976175676
1.42590073969513
0.597999130007447
-0.216916386901505
1.55228000320971
1.20670283193165
1.1274115878002
0.0635990869830323
1.01316723112325
1.36603054610649
-0.500630055370791
-2.24520258432369
-2.46122122357615
-2.1665748293145
-1.59297621485064
-0.344801803454899
-0.0234957154950445
-1.64756021036484
0.110946944706591
0.0766698211741688
-1.61532888605182
-1.9057430405866
-2.78917547579386
-3.27790973243695
-3.5537851601742
-3.6236415325472
-2.90264991320366
-1.21290514123198
-1.64597843736639
-1.54284205300602
-2.09404381573503
-3.62102368656212
-3.06443899561334
-3.653755952565
-1.15221325183504
-0.406510872081635
-0.534951186045185
0.63537433366701
0.656872669211693
1.3947230987216
1.91393483518137
3.21421156789271
1.81656319905489
0.0149846708173309
-0.592826924355278
0.14744608550037
-0.511126185765706
1.09233991312551
2.62852574360263
2.06010328279357
1.64478182617185
1.20773402244687
0.301844515204839
-0.322522334394682
-0.665550411324122
0.17684504904387
-1.4578652493524
-0.946176808781733
-0.754069541159583
-1.39237355087537
-2.58402965227214
-3.38050824354625
-1.35886845870006
-1.41103218950112
1.03391324996399
0.36726587908699
-0.178023577138507
0.733560744302802
0.297604371314094
-0.126845795077263
-0.417079898245073
-0.0246200519604578
1.21827320101066
0.148397253306776
2.12448771424486
1.79544731474715
0.579146560310926
1.21570156474348
0.847690062438484
1.60193413885835
0.234992558241465
-0.613486844907425
0.0433182449936371
0.33106263031933
-1.15083309129826
-1.4060883759806
-1.1214176417632
-0.833995854755
-0.618097321425337
1.33723950877422
-0.0570294733137116
-0.990712359405534
-0.827848178252831
-1.81253436183667
-0.026875790291655
-2.35908577296009
-1.1572852968134
-0.728044845918897
0.403030780967463
0.144606276202328
1.32073748139362
2.70000460569049
2.78287472264001
2.4245419363571
2.20344261337919
1.1670887375959
2.51031785847815
4.61117156330783
5.50487436967664
3.37826930256869
3.27933254320863
3.24384911099388
1.37015914016597
0.779243248151967
1.34998528324691
1.25270171697311
0.15575105427166
-0.411064629390823
0.293209882692341
0.725077454858487
1.03281270340026
0.17865466914235
-1.39063222065109
-2.36214955845252
-3.94015400480183
-3.09851376059496
-1.60586750607062
0.238483348950979
-1.05150307628477
-2.6479005842494
-1.14750251840327
-3.81749283567497
-4.02524863486106
-5.02432556859683
-3.82658110775186
-3.30301420682422
-3.71978201780092
-4.16966597603001
-3.50348664099472
-4.41648217614348
-4.07748397847082
-4.02064836170142
-3.10238377312125
-4.25534230811368
-2.69376579722926
-1.86584091404937
-1.47861171371568
-1.69071645258787
-0.656505057610695
0.104308378110468
0.353876568641629
-0.122935035698346
0.642280327465595
-0.170951338251308
-0.155904785051413
-0.152092853409824
-0.692463069426011
-0.131383804114455
-0.682418665705096
0.622666453233959
-0.745622604043533
0.893938783323242
0.654170787360432
1.90077993211893
1.46847592101401
2.11763798679117
1.73843005569779
1.76283168678131
0.852488556284914
1.25546619014965
0.435959165080212
1.9206992019517
0.532101902569994
-1.45029119666126
-0.00791804864524326
1.95258231436749
0.685845404100059
-0.755678588921513
1.93701849419525
0.149833134395817
0.136676961148917
-0.292638057529719
-0.790678535741935
-2.16357047102139
0.0217471362328159
-0.0778487206265559
-0.560843355584529
-1.15261120905259
-0.662000984012984
1.84357735143657
0.761682397420098
-0.370908900227916
-0.548613580249352
0.563299043851456
0.38042296160573
1.48882829267571
-0.12188862051744
-0.348956826517327
-0.242966260291815
-0.848938236872636
-0.814036855285169
-2.18110132326644
-2.78503334511696
-4.29045162589179
-3.44180570807006
-3.92381895689593
-3.4917781552572
-1.61716117584774
-1.86890385480033
-0.82948281343385
-0.384868665355064
-0.213639173749366
-1.16930479253289
-0.00784021394822565
0.632203183813122
0.568541320302901
-0.161580838584397
2.22838318739297
2.32569305135002
1.51218076416811
1.2968864651795
3.60687188047897
4.5395456192492
1.13499314362582
1.26315249344698
0.120915479414876
1.69675588806468
0.503767805963224
0.383433225508247
0.971001149592669
0.557288509515479
0.296671282540351
-0.2736226368601
1.5791962843809
0.71528559742039
2.3057392355536
1.57954689942582
1.11868696404777
-1.20447589829603
-1.09246171919133
-2.62647748768415
-0.999032446586476
2.33216087401042
0.240738104258224
1.17171340661202
0.163002274014771
2.03390086412945
1.60499388431809
3.85549026655314
4.38251955623887
2.86284971172319
2.66500119506268
0.496467792901067
-0.202996580324488
-0.824372281031481
-2.64381979090719
-3.37327269309257
-1.05478637744584
-0.486092027589432
-0.12591468767953
0.941504663877495
2.33737034912023
0.0364102349129232
-0.631669070334417
0.201869959667503
-0.602683570258888
-0.620914397033278
-0.351020767532174
-0.0145287573859888
0.503469533564604
1.05018301508708
0.456099226448781
-0.132636881546841
-1.28374028955128
-1.2832627856611
-1.5047953982925
-1.48479525431593
-0.973784455498751
-0.532616801025149
-1.22624441436189
-0.338396496642128
0.120130427401024
-1.96669604812909
-1.87599214406042
-1.17594771345546
-2.34661808240803
-0.972967264669651
-1.45392781434915
-1.93777884457348
0.120915904148803
1.77149094036981
1.08054958481253
1.77172724115219
1.40013247637306
1.14324343958348
0.917713552735271
-0.595979271088054
-2.40100040977317
-2.28502467372576
-0.524043967360609
-1.54847074009161
-2.33575680829203
-1.15038305679279
0.442063987935426
-1.66456515417473
-2.83519692550152
-1.0963132986634
-1.52279165010778
-1.34314309441486
-2.25488747589732
-1.9878699061856
-1.58299235597619
-1.34124934145473
-1.83523078988617
-3.26415516794875
-2.23668687938473
-1.10379108044982
-2.10370260267076
-1.72678768693051
-1.55294575694433
-1.91234473475107
0.839975473676453
-0.386239791698229
-2.27743482541799
-2.30404024954172
-0.629111819985644
-0.920390269554053
-1.01357804919569
-0.862524547414793
-2.17529314101413
-0.287313098521507
0.0396957724458869
0.493909296904306
-0.188509291688381
-0.393315711792782
0.537117607692286
1.34574035159022
0.857843421995146
1.11237548800462
1.39112271460199
1.64965653025428
-0.688967906241524
-0.140220510810697
-0.903478798231357
0.00634662624637616
-0.169104595937758
-0.523943083295419
1.66603438736935
2.10358867331466
3.22004373173279
2.69855652169286
1.28368643360875
0.814823786622595
2.22510277485655
1.63616210308641
0.338673844853984
0.0194675188922835
0.428176910093056
-0.0234039136527416
0.103298511639653
-1.38317800766983
1.28016446583698
-0.412681673883754
-1.44372273769296
-1.38738767773034
-2.03664117434424
-1.25064676020641
0.352756330386109
1.22846719159268
1.45708769679441
1.19087028603668
0.352740181085453
1.24020070514411
0.57903105253375
-0.578751579297513
-0.187897324743082
1.48994622088951
1.03717492126564
0.153538064379567
0.372040253369933
0.310617162441191
-0.96743550494301
-2.09620445296102
-0.299223943771024
1.51075385044273
3.25685250633312
1.83199930232325
3.14396751498549
1.08214748406995
1.04890214370236
2.769770650256
1.37295307877919
1.49860993969134
2.00198400604702
0.803234554825367
-0.479498786496602
0.130125680283177
-0.874176533314157
-1.31831702811437
-0.355471711989422
-0.60047906767671
-0.984754392701587
-0.415702467290987
0.13524276683663
0.341680800507048
0.942015866012017
1.08318249537795
-1.13109024540437
-0.96544611280526
-0.628598079035925
-1.04352895132348
-0.672459667141808
-0.884050267537828
-2.0222832688665
-2.40752502396986
-2.44813153518176
-2.54973668490767
-3.64287073835929
-2.17138963361991
-1.46972138432476
-0.225880131483586
2.42815978337931
2.96678697796679
2.38530681581037
-0.135862709322513
0.102878136822361
1.34510069334047
0.437244846370102
-0.0910633794604582
0.177126595311004
-0.718252570930975
-1.88685430910807
-0.357027627694468
0.526087463408558
-2.15626171306814
-3.03603803741508
-1.58961324312612
-1.25447292044719
-1.40839958656844
-1.62141980923373
-1.86517024394034
-2.44933007576852
-2.02736133267937
-1.83389147322052
-2.00633330548663
-0.10274992990434
-0.302919935394867
1.24629938446478
1.08193918495261
2.46242346752427
2.29533331807289
1.99691946180601
1.55104339438061
0.992597833927496
-0.291654249153668
-0.684178014694181
0.366466342178792
-0.385711797565311
-0.161865005761791
0.835991587413098
0.156164516564004
0.506759544284287
-0.440718509653361
-0.425155220125231
-0.592394410820363
-0.464950799126554
-2.05087246822195
-3.0503853682197
-2.63440535370235
-2.02252898457498
0.691740607380659
-1.79562897035025
-1.52160106053518
-2.92467725176895
-3.62063733086643
-2.53096045199012
-2.82463316927687
-3.2604416845349
-2.98897826867144
-1.36567439878666
-1.5237062521097
-1.14185411174144
-0.386226269646519
-1.11038955412916
-0.902367648159232
-0.727958000980119
-1.7545587088673
-2.02764289031938
-2.05464547060446
-2.34811131182647
-3.22802689554134
-2.42227020704453
-1.64009534973184
-2.00828484511512
-1.59324912456162
-0.0645093843459656
0.975266811136821
0.591786599672398
0.932203077907381
0.14676151143423
-0.730528593271947
-0.430262327626894
0.987928110282863
0.647305287428007
-1.28510877654874
0.710151553903729
-0.0630080688818921
-0.0160499121207776
-1.13735958313365
0.517805827886828
1.91335952780675
2.29686011253978
1.56099876168934
0.41785918426869
2.02922302053643
1.99464689253168
3.43395681755324
0.620716175957027
1.64131394788659
1.22290057691121
1.04071824028096
0.962118576854398
0.609768846692805
-0.808054693312731
0.0272903045786363
1.06034905132187
0.917165026732657
-1.02957631448781
-0.115916851694716
0.641818657828186
2.93857922658374
3.01404085916929
1.73427639390759
1.08551733712052
2.0105955414956
0.956353485242848
1.36063557227815
1.59721965095275
1.48467301205569
-0.601388086033573
-0.553474555597213
-0.686668504613656
-1.45305577705213
-1.7060517530368
-2.56032945023201
-3.3765150312286
-1.33576922981865
0.0409011044043632
-0.040218101014319
0.289965531662837
-0.396778939400056
-0.361815004160983
-0.44608579675816
-2.15232089244857
-0.873224149192231
-1.23886771452063
-0.657074148287175
-0.194273278873763
-1.88982434595207
-1.56155316268022
-0.442918452702117
0.548997085466725
1.11041887169133
1.30890754909183
0.340495046796011
1.30596362608673
2.10192758884388
2.79518754629549
2.22880464608615
1.53203796603548
1.88784633991801
1.14701061973636
0.365460650226733
-0.140754906644064
0.658911721114505
0.89385148867933
0.516605972372564
1.524684422116
-0.428324644822042
-0.99357010040467
0.632872633782013
1.53779338534098
1.51940391722388
1.86603834478926
2.76760070580543
1.67494284742795
2.37295815472348
1.53961741113986
1.51269718338217
1.80242559302738
1.29416750790753
1.50628702847733
2.54717054814659
2.44236065782707
3.18408006800404
3.2121710851303
2.66558028998822
4.76581792136163
4.68104301091916
0.997597589528998
0.847684287705353
1.77332758513216
1.08671986009767
-0.0470382051838768
-1.54595723783273
-0.711915745528387
-0.743873873506449
0.261710412900905
-0.415690161395516
0.909610175430859
-0.950602757694553
-1.36723437931388
0.471519863797645
0.596784907382554
-0.965491697667026
-0.0375342209431968
-1.6009648905919
-1.73353109900752
-0.750786907108255
-0.137284131021303
0.114188904850853
-0.805240892648766
1.352689042963
0.701889253760372
-0.0198012355750795
0.442006746810062
-0.146925771947211
0.468543185791254
0.140197740368997
-0.921567331099359
-0.430912566678017
-1.49567845386977
-2.09658496012469
-1.42123303160384
-2.22791226173177
-3.14218405983889
-1.8789818788566
-1.67297201997998
-2.5108335243522
-3.39550436399221
-4.13555664679242
-4.77964733402925
-5.64875071682491
-6.38916508408831
-4.44652197290962
-3.70444204192931
-2.8006535202925
-2.72238568395783
-1.97833143683864
-1.73174215094035
-1.55111035310067
-0.467280164903581
-1.52938340339509
-1.24293796052833
-0.0525023919302883
1.33054479129615
1.23233419438224
0.640703956390934
1.10247471861822
-0.00743396992039624
-0.207608249038219
-0.283377100167282
0.66557784080084
-0.434746970024842
-0.588133334837471
-0.228905105182513
0.346466570865203
-0.647755794183248
-0.136139032663024
1.12929165834306
0.907339381921377
0.521709726405628
-0.446535954417442
-0.718911077233312
0.876211312268061
2.21956042077904
1.8773985888963
0.503715131052362
1.50990309318903
0.162301637635076
1.4220925000014
1.2762473822519
0.704023128830626
1.60031863791152
0.744507776189309
0.970519676178381
1.90613438974253
1.70557807534495
1.69853691231994
2.15494397389529
2.09991220094237
2.5890132524673
1.38719187640641
0.253117558370838
-1.57138955279689
-0.016039023526649
0.845625249489423
1.10984846100736
0.925060003988641
0.897403481687387
0.683354384409754
-1.40551690605989
-0.225993972900858
-0.179036383836913
-0.963697704207752
-1.20759833490925
-0.854747896277432
-0.528157210251293
0.293370458287835
-0.102901364881007
0.206656467771105
1.20157143819626
1.53794344939274
1.06961385869763
1.09290774891934
0.934191983369861
0.48304522398611
-0.321948177667527
-0.147423699950029
-0.532996792516827
-0.127382587501089
2.24193469649019
1.48463176182834
2.2736067419902
2.16337645555122
2.58909234415052
2.13627012141192
2.27357454465575
1.38016333207533
0.612684393461121
-0.184994619564871
0.980711881069481
0.553382495295354
-0.568655927301741
-0.804470880812738
-2.39953083758636
-1.18101709420806
-2.59228683897628
-2.49223285449306
-1.56506100050102
-1.89061018956515
-2.42405694632932
-1.45079486124994
-1.94582693487456
-0.678963770229515
0.0705394261368034
-0.734238882453778
-1.48718401528015
1.76832908403368
0.668928432281776
1.90167438161399
2.0646857395892
0.999342740686154
0.290655242198941
1.42702313148679
2.74597201420288
2.42936354837417
1.30237615349058
0.773837347026263
0.0725142785140902
0.331340737901519
0.429780411753271
1.23406710532733
1.10931800667253
-0.409962664595155
-0.583138566519079
0.223230821470007
1.76662241432244
0.00851240902436867
-1.01249221651724
-1.02510958319786
-0.591948334290436
-2.38414716403815
-0.731760712798469
-1.56510087566686
-1.12565709787647
-2.37615743802622
-0.989970268430702
-1.18968357750221
-1.45134348047205
0.478062110219893
0.240696498369439
0.271962313010695
0.417932691206952
1.61932208546227
3.12318813501182
3.9599248285998
1.81879464108886
1.47651928091611
2.53096138019813
-0.300473874282495
-0.450776248199592
-0.956872339116745
0.616032600156768
1.15015688877498
0.582540813076943
-1.66124953551919
-1.2491759716621
-0.378816157776713
-1.10630253825657
-1.00183476753381
-0.796763279070508
-0.141068140473947
-0.193533972323286
-1.24637604446807
-0.420561192751782
-3.13581324102086
-1.6150488376692
-1.11182550254432
-1.30956838810874
-1.37403007692382
-1.62810225720697
-0.552750891178258
-0.30748765188237
-0.645903091085759
-1.42549684937409
-2.79012871586901
-1.91528802305799
-1.50765113192497
-1.60997099240517
-1.08118626813088
-0.0472965081042366
0.535521167976244
0.114170194520923
1.4900494646871
-0.950468189228129
-1.43281750725607
-0.562832655016229
-1.31891469584287
-1.00227462417949
-1.14539936831045
-0.800494026185065
-0.0531972057922809
-1.69379390897348
0.0798844175464537
-1.44540873826044
-1.97540272208276
-0.359101156936747
0.895640739535881
0.224010738727529
-0.829051441122453
-0.331371467133129
-2.12309659164208
-2.30527597189395
-0.732484562072424
1.46048955049162
-0.357921528943649
-0.561168283710385
-0.284542294845596
-0.0905637461737873
0.570127272541955
1.0371443535758
1.51969165514053
-0.223403763051016
1.15511872200771
0.850870033169244
1.46077929345596
1.68095001183011
1.03235812431987
0.583192497516262
0.714281231968398
0.0944865339368812
-1.22946054520514
-2.17557903964989
-1.58497378312254
-1.00922940438597
-0.607412102991538
0.28995124014971
0.600042695617431
-1.00527862244641
-0.965453130103735
-0.524839868830747
-1.61578099151933
-0.285394706319648
0.561488575141103
0.099649511275514
-0.64300788554505
-0.0662766503420709
-1.96420334840913
-3.3962230488574
-2.15469412988472
-1.54342215331311
-1.56441396824932
-1.13361122938691
-1.79205364521115
-1.30432191683386
-1.39754242550816
-0.75592191711473
0.10551587293304
0.75118869616678
0.705522212050098
1.01104880329021
2.39755378816041
0.746495983756547
0.626580372889779
-1.13022573196644
-0.965484751496015
-0.837275635266645
-0.515834157552754
-2.2318275234898
-2.85833832509443
-3.99932776943631
-2.00736153914057
-2.36250710097101
-2.88946463393342
-2.10881315573856
-1.21485785903999
-1.31471894540172
0.682057919664892
-0.845300837602503
-0.0371558337327673
1.10140465736837
0.530198784468151
-0.616170861044956
0.0645818588023471
2.10905961833218
1.54089140657197
1.36744786026348
-1.07768573567338
-1.1674016414111
-2.10179949007333
-1.93078860963371
-1.10831124950996
-2.22864352807124
-0.109719395414684
-0.0164913088623977
-1.08005084453644
-0.846895834948406
-0.466645052654665
-0.605036379397009
-1.1265197514006
-0.198404393626189
-1.84184996472215
-2.33031284884758
-2.89240530235209
-3.64823304625435
-1.95048256280913
-0.992587180454895
-2.30204387785227
-3.06150170253595
-2.28082459028769
-1.58173129288357
-0.928321147873595
-1.63289971213704
-3.49620535267254
-3.95910184889635
-4.61078953018673
-2.71568653790394
-1.30742942524765
-2.19999658897353
-1.9942054895693
-1.15209267015183
-0.738073049129091
-0.601448799927746
0.280407218038705
0.694787787613164
0.561770180278205
1.30865074992114
2.4845840891706
1.03283398146045
0.42984488525512
-0.271555081111624
0.0748570105980646
0.921103103489781
0.860356023902257
0.986360230966796
1.06217178712889
0.505797037938677
0.194128619832272
1.1796526340334
0.245871780760534
1.28898911101373
-0.231984504808233
-1.39336662605272
-1.71564024781751
-1.46870594999672
-2.10424998350915
-1.10691023180749
0.212754819241855
0.760067631878765
1.37074398030028
1.37671762714365
2.47424377530962
1.85183129276022
1.02022627013841
2.29076300744867
1.64934737964965
1.16812469936535
1.35272639726194
0.750269135066978
1.41687496790342
3.04729514666291
3.11850814656993
2.93612780458849
0.444730692438161
-1.09649476875783
-1.33028850044452
-0.624311932852605
-0.626199932222614
-2.14092956331843
-1.30644777737365
0.323322318172156
-0.243705031768104
-0.446985054058507
-0.154672747221363
2.09944995057418
0.92408476269713
0.452144699365488
-0.760299133757159
1.43914815449392
1.27235332444869
2.80561677783516
2.73433051650189
3.41146071445798
4.36207081091592
3.91678438903188
2.80137212654469
2.19185668671746
0.421030459803217
-0.327583955743954
-0.629851957177936
0.356152841521605
0.508129247019482
1.34282731249262
1.72772174077621
2.83732005808886
2.11652143112964
1.68644610033683
0.828280694789619
-0.673442127638677
-1.2526568881842
-2.90696826607601
-2.46919451302252
-1.77656243586998
-2.52874735407738
-1.66936517328082
-1.70730369570601
-3.54570720638687
-2.28372076450966
-1.99391392370138
-1.61105699818308
-0.892989547573148
0.714065108240486
1.04804701744487
0.30709345128756
1.19898946188603
1.26761148619109
1.18587771719829
-0.0776032183738635
0.794945264583644
1.06053795058014
1.94658615935883
0.168900030938704
-1.08623293393111
-1.96562313524324
-3.11798025680431
-3.04766787260067
-3.65787699797248
-3.66660245901943
-1.0455120826639
0.369446063052359
-0.46583307520991
-0.283629881887698
0.912707329569324
-0.746027193172331
0.92272623058072
1.2414640079821
-0.0795438108544397
0.0347078891024587
-0.443509215822229
-0.388719804762581
0.692854707423699
1.81740952015312
1.28254287918472
2.71415104092497
2.65035627448417
2.96530962853053
0.0210798922224256
-1.85611118696953
0.126596431652967
0.232497834223436
1.82605981179412
1.61085012666849
-0.651296439193609
-2.01594148084952
-2.04384961410775
-1.63346014873836
-0.322913194324189
0.934994276864029
0.698176478135703
0.164058243128243
0.596990371310837
-1.17237778206958
-1.01675506352716
-1.90285393077303
-1.39191977760657
-1.54812725875654
-3.22329486417181
-1.74664235089539
-2.8207993051304
-3.32098546775226
-2.74994621580477
-0.344828946662497
1.18136819571013
0.636617069355941
2.0457286281171
1.30411821881871
0.478889880103066
-0.269601377737845
0.0662083933571735
0.8348492964777
0.75685065854819
-0.315714951084284
-0.0299412428741394
0.280916981542377
-0.976161311392047
-0.0863812084170191
-0.810729990941869
-1.75018398412465
-1.22632516940439
-1.37319189435677
0.162966147179723
0.390659109879783
0.741889508023612
1.73252985497544
0.0178134137794379
-0.881738297646577
-4.57744076172758
-3.8961169972667
-1.62253925063638
-1.05015014612175
-1.07416314482006
-0.707387283332107
-1.18974820387302
-3.16007775229048
-3.14563106073082
-4.46495277306047
-2.89475877103814
-2.59995729240689
-1.07981213918089
-1.40049772759127
-0.252922369714104
0.110703974294022
-1.12545271288436
0.944304930602715
1.55333656741434
1.43510769206853
0.920174667068572
0.949695671500258
1.50470540267997
1.28750115617665
0.280880942971536
0.676077859385103
0.6569117651129
-0.526375342417041
-0.823081124424312
-1.38037061714744
-1.33780055208934
-0.151761952049581
-0.39706744200664
-1.68997096837382
-2.1314183635524
-0.555292881322788
-0.16633571897541
-0.237494881318401
0.911476157278887
2.01027203904208
2.31347140443984
0.566873946338722
0.73428034983744
-1.04038345647159
-1.96949987438324
-1.04628599319486
-1.86296173345028
-0.993971922269661
-1.40984468297955
-1.86125926864174
-2.15301042403362
-3.31128273415971
-3.45940004900464
-2.30934473668793
-1.75788572589342
-0.352266236966574
-2.41727380348173
-0.608683713169518
-1.02572415801086
0.0601886145968537
1.4611293151992
0.126235890262049
-0.074720754524011
-1.50412688477081
-0.396283022758717
-1.14415139888242
-2.47053940089523
-1.45474951969121
-3.63015012495911
-2.88774506833079
-3.79829816367835
-3.1129731172133
-3.74257523050479
-3.69814748924068
-2.32262178849529
-2.00726934468573
-0.698359558514556
0.223926935115128
0.403174623348316
0.810999402665123
-1.46355009032242
-1.29591009997429
-1.5798393343422
-1.64537245280662
-2.02093021886342
-1.80068956591617
-1.51285424754493
1.30514353320296
-0.12040701045658
-0.406254760634733
0.602129073498752
-0.762147284476766
-0.392571926194679
0.164631461020069
0.000512608291739908
-0.490481644450001
-0.50112879243462
1.89962102282861
0.336499247591568
-0.644543604249771
0.336245574136918
-0.32820194522253
-1.8789897850055
-2.25397386779992
-2.13335121985823
-1.21449583764108
-2.24280868177046
-0.985452015609114
0.131089846117262
2.27701333925273
2.33427567774439
1.41439993733527
-0.0202556878973461
1.60717877556318
3.40665478080019
1.32679193276068
0.734524886329705
1.70787380152089
1.6505086038385
1.63052544526141
2.15237379485969
0.730255845812597
-0.649813190287295
-0.152594538515139
-0.732852288845289
-1.18908562947367
1.02693369631129
0.730490046677085
1.58554827967749
0.172856316150542
0.752897651853664
-1.27860282032842
-3.30633824389795
-1.77218323183232
-0.341497363517526
0.104218752204154
-1.11720470496153
-1.70040661748149
-1.09357224192172
1.35134037186786
1.04737275221179
1.04114093343291
0.851997361651833
1.01279098184165
-0.227325718077102
-0.536383989111547
-1.37034461659104
-0.782157649880654
-0.160928736059944
0.0388729230771696
0.980700892635205
-0.90834551417686
-0.512323133743529
-1.34838792821657
-1.70959817658098
-1.02651990966154
-0.804145955706326
-1.18457151439752
-1.56804258991806
-0.966479366929746
-0.0389474111496957
-0.277683765284863
-0.182318685140895
-0.632696889066017
-0.593570043114404
-0.0803586755339366
0.303855776740079
0.257249166407907
0.484507504954901
1.33229731474884
2.89661234378336
3.31197866059987
3.3333266708821
3.08240770791613
1.87691693577942
1.52547334740908
2.45666088080237
0.547555878809801
-0.400300997253595
0.205341685727873
0.3027886699937
-0.374851223612473
0.748210723172798
0.0848983527039894
0.872937855597992
-1.69422322714694
0.289464065501329
-0.644089854291531
-1.75100533766254
-2.42251472654238
-0.730322387177592
0.137092154347062
1.61388824547622
1.73176289721101
2.45856757053125
0.311774376702771
0.961531765835362
0.77216776507122
0.245749172552342
-0.547816679169908
0.567320973500633
0.848940098929664
0.383474735130731
-0.219152309677174
0.568161815889574
-0.546695788339466
-1.36422624504198
-1.40494279437626
-0.888531253424745
-2.16619767317081
0.437706184177226
-0.271037204722378
-0.727755583230099
0.0290820027597387
2.19555117496788
-0.0785681853533016
-0.0433449387398456
-0.856315028678012
-1.1956307482148
-2.57201557907044
-2.17441929654274
-0.657049697557558
0.735342169779625
-1.00935887282795
-1.31673227510316
0.697035884966412
1.53161840610865
0.460150123215543
1.29032999055374
1.94637993498827
1.40451043622567
0.511543698855669
-1.04281718887919
-0.434936793354665
-1.19142480762296
-0.794402983048307
-1.62668721588455
-0.730830264339044
0.597702955808519
1.72022452473877
-0.359475209113796
-0.112678633266374
0.00943375782654154
-1.25190666631629
0.480279288759066
0.426821638805071
0.751927596185446
-0.021430813471306
1.15826861606858
1.80114091968829
1.48555108074138
0.69745687806462
1.02871069025808
1.26610863929628
0.409070745401743
0.210229327499085
1.92088499758774
-0.0400256276084014
-0.205666862660334
0.643918478503587
-1.2374880843519
-0.571592507722571
0.757513033576981
0.666412232640106
0.0199528241864246
-0.784516922682856
-1.15791333759449
-0.317476294430692
1.27538531584007
2.12427382877952
0.241278793478348
0.468261820103605
0.340049733551914
-0.615540846854162
0.540245789688106
-0.605431159331946
-1.13287209425072
-0.711086346636444
-0.818421122608959
-1.41289899299689
-1.39966723825036
0.0252194804874535
1.89418307478131
2.6771060622752
3.3372860584665
0.750073098896535
0.562501924706644
0.478125545949262
0.61398276388196
0.47730060674691
-0.662268855966954
-1.2599627753478
-0.757946182299419
1.36039703147205
3.9597779459701
3.53096406596264
3.44811710103347
3.3249156933326
1.45467729941159
1.4008267762621
0.998781653849536
1.82969702752233
2.98392197893567
0.393489718186524
-0.178727277191497
-1.26586099406219
0.470365123075411
2.2443784519051
2.7271329595088
3.52099633670336
4.19433289108423
2.55711512723803
1.86450994983078
3.02645034455894
2.93957297621538
2.22122831798469
1.70647259481798
1.96497775219166
1.99887475829369
0.041100325447232
-0.384282728226866
-0.773686584629016
-0.701264752665558
-0.915736924043736
0.0685699935761294
0.799537431458436
2.99122361578714
2.88953067186659
0.625520279197776
-0.433197286863371
0.617116825689365
1.28078266616224
-0.456549422965974
-0.944299936617532
-2.02847403305015
0.0880611436687582
-0.113456767920522
-0.23005272561189
-1.86533873814717
-1.78810122594739
-3.15790175546079
-1.662953742861
-1.53854284559481
-1.04914285556329
-0.924205452289881
-1.31663049385794
-0.97380150138659
0.519305460571735
-0.55253648082813
-0.524635823343761
-0.412641292647062
-1.10111582748314
0.89689694091286
1.89179872806423
1.69849085496557
-0.433664432381683
1.2434625325984
0.810386605753293
2.29168098601763
1.29451511425436
0.303702830069122
-0.11929640600279
0.877419810089261
-0.326755319501801
0.719388496451042
2.352767808971
1.72644558806104
2.92265848191696
1.31700824215982
-0.00724558248820828
-0.287626469309249
-0.432085849424094
0.400413495217358
0.469064410382812
0.0843452232678511
-0.297099988837962
0.558780862171171
0.693890167517785
0.879424748820225
1.79687803245523
0.634945727519346
1.05097033503685
0.229760677588991
0.228454724357678
-1.67018799420222
-0.545060260899098
0.0499745570769908
0.493634486802578
0.849179377830042
0.046974365169953
2.25400836219349
2.51801370540077
0.838329746317574
0.450246661908375
0.445013305972015
-1.58724075816859
-0.615556292301518
-0.0815444749575634
0.413116728503798
1.30767615626707
2.69386392090415
2.21291204292523
0.370668790155499
-0.841929375555448
0.0226126188703941
2.20551813259113
1.71673951178542
2.22452293331447
2.97922957698392
1.9111190015865
2.26012930820261
2.02552706311491
2.05083202175568
2.08458615094643
0.786734316005622
-0.393622849699197
-0.324815445325779
-1.84164078698384
-0.124909841404764
-1.30553986053321
-1.41981419591287
-2.25823257784632
-3.14722778008334
-3.3294036488379
-4.8143128874282
-4.89930670461072
-5.44490060666609
-2.90736091221781
-3.04065185398059
-2.03890607303352
-1.30321309014608
-0.0374669413791173
0.145581116136598
-0.444645319223138
-1.06397982436431
-1.13943437313658
-2.57800153804456
-1.65554826931978
-0.542638223404243
-0.00259215787549233
-0.227580937672085
0.125617557591366
-0.210802557010811
0.360318251044696
-0.566004791903131
0.480345392263955
-1.50821634826887
-0.520656292273471
-0.00217406971591771
-0.699793870940614
-1.24082811914803
1.74636564781363
0.430036239942286
1.73465665128822
1.91940175536847
-0.0608261680292204
1.36302026461411
-0.782750790101891
-1.56191115301753
-0.292976861397401
-0.0893876222793968
-0.185624665245687
1.09749169779082
-0.285690167307916
-2.00636831870256
-1.83622888248865
-1.12667325001097
-1.47216824424
-2.14203082605302
-0.872275059701258
-1.62235688697782
-1.48663768704918
-0.276003504173258
0.0528083155983534
0.0257462837912437
0.242461026909953
-0.47023657658695
-0.0833130228879105
0.0509826602253441
1.8113118005524
2.05699623292862
1.64226039487509
1.44728632001526
2.71182633774076
3.80546528361604
3.80840278404321
5.22828866941415
5.67214486843906
3.22028762918337
1.94248647152549
0.586996116665369
2.37848726915798
2.96790308903458
1.41114712850887
1.79408710543189
2.37872958979136
-0.228360029445958
0.938030749675516
1.03870059405789
0.0542872170600339
-0.781312386984803
-0.906250271781897
-0.528686159184106
0.0645602772023151
1.11682292735602
1.90974802243876
1.5399707563983
2.93933480846163
2.40972438729241
2.21065617858592
0.930153194640334
1.49798011197546
1.57861439647424
2.22986531704396
2.15051589068215
0.775023106197902
0.688985639132763
0.658311118022261
-1.14714935825493
-1.95142936972461
-2.71381370639441
-2.25472377958579
-1.24966298573666
-0.0558985758474206
0.420228418434492
0.549872959501654
-0.710957390998945
-0.105680279192904
0.999000426205994
-0.996666065788175
-1.45864925084065
-2.10898420696206
-0.954739802528685
-0.544046188263807
0.203514764789449
-0.00296632985097769
-0.447016207863344
0.442852265526285
0.314636409746429
0.500302128557351
1.62317547304689
2.38865874490303
1.76449641941397
0.964918139138296
0.55674251822903
-0.417345907000351
0.471881307713179
0.729654104446458
-0.849434607017137
-0.95004284467874
-0.109957075647021
0.572285156736357
0.771657479226745
2.84858808764031
3.18268282502508
4.68804342560376
4.06415637041354
4.26289565764821
3.74660464786427
5.98513253765494
4.40480813637973
2.11889947641597
0.401661192219146
0.456858857829021
-0.392733088870886
-1.45719364334509
-1.54309303240634
0.278136401450077
0.349182982816164
-0.352030109124675
-1.3307019979234
-1.00307622525192
2.10001249250936
2.03909529787427
2.90451192773077
2.50491442666893
1.02449196324411
-0.0896070845580705
-1.41750271523467
-1.56589145290634
-1.98328355743125
-0.75170049996592
-2.00877242579631
-1.2590608048476
-2.24523265199816
-1.64096043302991
-2.29563153709934
-2.01160496545019
-0.702698770657455
-0.709656481084004
0.335892062840148
0.725761338066049
0.296215971934625
0.277941033115689
0.505303254747545
0.250501491047606
0.0937241665332571
-1.87567912886732
-0.917357871575421
-0.0189409446980975
-0.341779706689041
-0.265826416127691
-0.243613247541172
-0.559746780658108
0.878183272358138
1.5236672150354
0.800401817497435
1.42617766155321
-0.138224335158464
0.4811954140938
-1.24366276328884
-1.4227500363572
-1.04784411158209
0.962216430577631
1.97217360455105
-0.655554091220738
0.995253174365634
0.303541552147454
0.717865863008932
1.23758997120489
-0.0989402079665477
0.413488415165033
1.26350221967801
2.06231408259308
0.799840217321019
-0.539645354857244
-0.449872033283595
1.05827510871405
1.37440029939121
2.2036500018525
0.663860400452998
1.92661799778172
1.5487098574396
0.636042276671333
0.901310932139323
2.53197031177803
1.4803687795085
0.705688936807996
-0.425880993530412
0.0123888230525383
-1.74725629934786
-1.89965788162901
-0.819362162164536
0.449713252812129
-0.709411371135422
0.237732606710135
-0.428763429064713
0.111014623317964
-0.528137594324458
0.253627597013241
-0.180796620677692
-0.300431990272707
-1.09100166398085
-1.68616740963758
-0.587653491770554
1.39668416144775
0.899949448533046
1.24481973173849
0.846853248988675
-0.546076675063746
1.64959039733337
0.814889078513771
-0.171281748757399
1.39518252505962
1.00154974282447
-1.28473592458102
-0.682799647163748
1.09148320367507
1.71733862968125
1.52843108585263
-0.790486261284298
-1.45383738610844
-0.837408989188203
-2.0300146036588
-0.844850681203566
-0.725422880490815
0.360097110198834
-0.397493697256732
-0.360161446437539
-0.550478138624805
-0.57210721663103
0.477506296395492
1.90211620027021
0.288293890828077
-0.0810355019449315
0.811669294952652
1.38534883343856
0.997457670427977
0.813138926387292
1.98505595395327
1.64707012909763
0.327907571996773
0.484771632660625
-0.482778294550897
0.639142888035343
0.536155317613552
0.190566089025226
-0.342980417922563
-0.461296711267786
-1.98419722392985
-1.40007652244769
-1.23162368638011
-2.0032034372547
-1.76433641090243
-1.84892835442167
0.0110203271106935
0.621788424615794
1.45524591109309
0.0107060798492209
0.366043223177607
0.196356661255772
-0.0839716865305081
-0.0566959777224047
0.254381916342631
-0.557840733506525
1.78992170275529
2.3586833612268
1.87012949916049
1.50318318299043
1.13861600288795
1.03506349688898
-0.510102719352171
-1.19026573592862
-0.407969804178856
-1.33696130810479
-0.235181533536588
-0.757304935774144
-0.595925022433365
0.990174273718005
1.23272618122705
0.559681346427149
1.50808054824318
1.29675719524979
-0.00307310120071369
0.843108123490518
1.51274004055539
0.124057396828112
-1.87293709758215
-0.0575369370023064
-2.69964887467752
-3.54143759574786
-3.51341648718883
-2.99316234419114
-1.78344272686881
-2.30758989582408
-1.51878939072219
-2.55233567748283
-2.72223501028131
-1.66560086705242
-3.08905837185328
-4.01553349804131
-2.61358027700622
-1.33282506316054
-1.99708600556417
-1.27988376736074
-2.72620325324791
-3.62309645714813
-3.51492387582871
-2.05142026431497
-1.01196645338882
0.306935461281728
0.433550482349725
0.368179086610629
0.649139108424131
2.38480883656797
1.42499955820294
1.1016275312611
1.14436863300936
0.863509852060127
-0.349207612818563
0.822674966831102
1.31197214963195
1.40527137967735
1.61717585636816
2.47019214422024
1.07609151391524
1.07203459597404
0.759643862454398
-0.459260406523823
-1.70723839596743
-2.00660843732092
-0.51899632061609
0.494916178617623
1.15563850112269
2.11252198274155
3.04452383332733
1.54566116392039
0.881525440015237
1.51268020379988
0.31819539057307
0.285919017214958
0.0396924403100865
0.635123927947612
-0.684900684809859
0.932883934010287
0.420240923708342
-0.21945427024612
-0.370326289566043
-0.994335597325881
-0.880898926176493
-0.272363870074031
-1.14939480917839
-0.847828750189604
0.393552853683243
0.275189565412081
0.564543898503079
-0.0171923888438706
2.70716780219767
3.72980160462582
3.27588980082754
3.46463350454681
2.57901730002342
1.06727201573637
1.40207122953219
0.855516173332725
0.908297732608634
1.43244535997399
2.18904651881349
2.77954391890289
3.83167518115644
0.62689634804442
0.438139360502868
-0.920012886370287
0.0616954380183641
1.66765590430879
0.249632880235774
-0.981284387099858
-0.246782650687952
-0.989369484461338
-2.46681237535243
-1.61150448494967
-1.35195628790873
0.247446005613982
1.30421438249708
1.27827436027379
1.44991168465993
0.101460765565748
0.52915756934543
0.95934255393843
-0.0749838852938542
1.4215336919758
1.46632519627037
2.29246745426093
2.22623518673929
1.94564975421189
1.41429481911557
-0.855634701733214
-0.940732141926711
-0.552831355541379
0.284953640275707
0.143385768021905
-0.426912307688179
-2.22423621636297
-2.944566675015
-2.8550368495359
-0.899561652152859
-1.26090610534119
-1.83311487091547
-3.20893163084654
-2.9051400622488
-1.52303958379878
-0.715625045803345
-0.560298183354373
0.959055194464383
0.984714458942806
0.621403401677307
1.01474865872159
0.976516891252211
1.29525241944116
0.0394732167703772
0.923659470597106
0.476684728634871
2.51220725645789
1.91849491850986
0.349894387959104
0.341944276778065
1.37171564026863
1.12423807866155
0.209489821389569
1.63063868169679
1.29602774730706
2.47124801446373
0.963846254345491
1.09116946826406
1.25677403245276
0.748475866457108
0.611736923826519
1.49061761189501
0.397931459514805
1.2527259705056
0.915851440745683
0.936501615823463
0.866324401238954
0.534243333759619
0.790737254825518
1.13480566426285
0.199743013461229
1.62444506894468
0.0523582182652054
-0.304283198512496
0.253314730526453
-1.22879172387519
-0.104446934477529
-1.54885410498954
-1.03690208695586
-2.63058556675707
-1.52731862749677
-1.01421936988849
-1.46187309448929
0.0404279936669121
-0.357024933820729
-1.38007514222779
-1.40152936616324
0.15668665014306
-0.931726768097284
1.94966406500766
1.99328298969077
1.0188267848974
1.18316587847299
1.46567639243111
2.65390906156721
2.48805622176005
2.95129430806359
2.12892782693171
2.11120280779989
1.73567135284421
1.22235324542541
1.83409455548786
1.76469097718235
1.57021845073523
1.12635998059733
0.0460934824604821
-0.664795700370733
-0.707976938617665
1.31428236144294
1.32185512136338
1.08730491426812
0.657065197802508
1.01127767634176
-0.520733886321399
-1.40466761920745
-1.78830394693799
-2.83551988015663
-0.738723940197042
-0.897034774405103
-0.252730002668616
-0.857800465951347
0.487140184511671
0.482392738920617
0.233926010801681
-0.245708314858194
1.12272426240169
0.212824434132867
-0.27850454999465
-1.69621557283355
-0.968586059002715
-0.545047484285676
-0.155204875863289
-1.91153868760542
-1.96256033136128
-2.69240880187523
-4.30554340232176
-2.02400953224909
-1.86004530228558
-1.4540805935895
-1.54526016788515
-1.20140293846129
-1.06061014637595
0.251881195689317
0.115740043437994
-1.56257499649391
-0.508561386364467
-0.0226329763705002
1.38310088915878
-1.02264641652368
-0.713169350719564
0.464286345195807
1.51519720888271
1.33087471820464
1.34053873072408
2.35117470396877
2.28576663183866
2.18503930835462
2.89851629463654
1.50470929986472
1.13475003458971
2.29193931452908
1.76390520017262
1.0714546520835
-2.15944554153599
-2.42736614675963
-2.67768651541937
-1.56295899950677
0.629499387620939
1.18639587353627
1.20979659359891
0.00539170852023541
0.338731771001445
-0.434346301038623
-0.0516810545991384
-2.01603150738907
-1.18400357049631
-1.42860845796729
0.542100374549525
1.22541946849309
0.871811711755757
0.0183515404213522
1.69620630491386
2.13667637819514
0.950432491390897
1.55147591595121
2.08506061662063
1.04025391802203
1.31535199419517
1.29812966399844
0.660830315475231
1.08213010691423
1.74425934599527
2.12282317613397
0.713219243478862
0.101146545734563
-0.978695817161276
-0.304626698551471
0.355250727889573
1.2084621948631
0.0573045960281097
-3.08458112813457
-1.8907788909247
-1.97619717692355
-4.77140929866319
-2.93359098935552
-1.8122927764618
-3.5140013853646
-3.1869186085198
-3.18955827863887
-3.08033573537646
-2.54991160868659
-2.53556456153057
-2.1598580143242
-0.675299041051707
-0.249915410330797
-2.24385816229307
-1.60884721933365
-2.00588943284876
-3.53775865832779
-3.16832117808461
-3.51480955617643
-2.94535898360157
-4.09597371784617
-2.53598815339443
-1.53627639689612
-1.43877750180149
-2.00580664059707
-1.471193723362
-2.59672565989642
-1.61127302241289
-1.137336906132
-1.46827882518219
0.0548006797047949
0.412085649359228
1.50815209657735
0.454506682758271
0.452070795335701
1.18132716868924
1.19509689850828
1.52866287470383
1.35329809993696
1.87897983814694
4.38231686521109
5.02346717954766
6.38631994678362
4.95449622233809
2.97620196396537
4.78717779711266
4.86567733341293
4.36532409602716
5.59863724698093
4.33181944522324
2.71897351339316
2.97727648846389
2.51808402215619
1.49338336244692
0.32948505363603
-0.169983768942942
-0.451880399944818
-0.670717575293241
-1.83633863958416
0.49200859633602
1.20585498496425
-0.0196332063287468
-0.131879543317039
0.395104804687434
0.533330124270757
-0.14866592745565
1.7041934195864
1.88570249087054
1.93994963263269
1.9964721279012
1.04364885015636
-1.08009697811168
-0.88678609870173
-0.633158748454227
-0.0620931461478605
-1.75194550376595
0.481385426511901
-0.42318545494019
-0.393853691096512
0.637940592034183
-0.253607088225149
-1.14529199339182
-1.40747100235387
-2.55724839218717
-0.896368041446182
0.986272675051796
1.3074796572965
0.43921841775553
-0.690103402788069
-1.27865024123017
1.59368191533971
1.87479280476087
-0.0684247726025722
-0.0448678517690711
-0.125210498805247
0.075765103477523
-1.79991051977922
-3.85830305518397
-4.01737405696907
-3.61885440606147
-2.3382105691587
-0.573334239567567
-1.15405776613209
-1.05890717183027
-2.08621252916042
-1.38026103025303
-0.13993025330394
1.36019187450828
1.68459128596046
1.51832844338032
1.60056829100336
1.65545253646764
1.78858362885751
2.41331457033551
0.463697472952267
0.185415510364617
0.133541320413435
-0.455761249564039
-0.125552470634084
-1.1835082917655
-1.07620709181791
-1.69657514301655
0.27710736006177
-0.163293299066104
0.770118451069845
1.71107281077502
-0.0368141601511165
-0.775673603865401
-1.06602844906347
-1.090484463495
-1.91070454373335
-1.19374620292524
-2.05398059644017
-2.07386050898977
-1.72606843341304
0.0720025863326184
0.455470003395822
1.58018725347591
1.7785902839053
1.1779026151009
0.109301380397459
1.01648815822978
-0.162378623230947
0.990897256149855
1.08237466517876
-1.65871563733965
-2.07925954085187
-1.36813554448953
-1.0863836461183
-0.139220144872757
-0.518450456570351
-0.172565097726746
-0.741323024551011
-0.0867257814794684
2.44672788576575
2.96930163002399
1.31650002576988
1.45294740668668
-0.0111123068504639
-1.40882986002412
-1.31907386907617
-1.60731386842121
-4.42574884266104
-4.34394328997872
-3.11284905123455
-1.11321756517844
-0.572750906777421
-1.81157456018748
-1.23268788863086
-1.25465129277801
0.194548382527115
-1.33281452934457
-0.662043405546398
1.54985206531013
0.804427443951335
1.62226718237288
1.7774979347057
2.03323372655261
3.51269268267823
3.50368026990054
3.77781003946246
2.49064427764727
3.03798501875575
2.36830376232019
2.52077316862045
0.318516512404629
1.06776359552203
1.49716793807338
1.4401860017497
0.608331172514805
1.28052161461327
2.01707980699708
1.47464411628062
0.726001905175674
0.802030396445342
-0.081563368679472
-1.58364123073932
-0.632490311267977
0.369218082913975
-1.25355626067059
-0.109950751148779
-0.599431251713906
-0.491605086318799
0.469060921026439
-0.321351777199406
