0.0270366104698437
-0.406918791467737
-2.94724705115126
-1.5903649918252
-1.43419447274818
-2.43522692135215
-2.65266732442455
-2.88065269337663
-1.59253491482974
-1.02704781236832
-2.14233079530631
-2.57529134108823
-2.20038959560329
-1.57549528549617
-1.91122799150405
-1.15683454661291
-2.35568192282187
-1.4684312606431
-1.45652625059604
-0.882790277356377
-0.347155921464518
-1.61121850713762
0.301171456664053
0.0964250570049934
-0.451040719849748
0.464927337488846
-0.74997402126371
-0.839573267004737
-0.838552184089364
0.892291049939373
0.463036197138093
0.155393629061746
-0.709238269900558
-1.55398748000773
-0.806407229432196
-0.886373914053073
-0.689799484115258
-0.632347857449744
1.1677416387735
0.0667904886165887
1.15094176977153
1.88194424630561
2.0551482586392
1.78034113078084
0.396225504675866
1.5056393349113
1.59789558836896
1.73058748729256
0.230910243827414
-0.27624109001628
-0.65004723727887
-1.0085159843797
-0.353138752644933
0.760173709637951
-1.66897310207367
-0.774183280630082
-0.733764652805909
-1.3458436125016
-2.02260593789455
-3.33106076896302
-2.88610823360527
-2.46258091418625
0.028053313517471
0.638624928774779
1.00034720714701
0.65909194067175
0.774388404283032
0.607329288657897
1.56148053945054
0.55742455438026
-0.277541701393307
-0.308111827372481
0.693709653303697
0.226904203681488
-1.24821524749801
0.808276584152198
0.902903665411749
-0.871360349968052
0.964551373923434
0.0354610194168377
-0.378513710491896
0.232354413794046
-0.691403504436702
-0.58993059152384
-0.589901301231103
-0.00880251348743322
0.821914405699098
1.1216353936576
0.675745466028877
0.784033105230388
0.374146139065952
0.291290683308695
0.902465058806835
0.786912923307042
0.617148449775475
0.195546532258182
-0.0703029820560523
0.367722444993029
1.78283862844717
0.465079659527721
-1.17412058075591
-0.38640360949595
-0.773288085490223
-0.539525321550133
-0.309762354732792
0.391198510372375
-0.515439170385303
-0.193658326099115
-0.214070884912498
-1.33643402845399
-3.33974323594526
-2.12457125844272
-0.283280890757641
-0.630020183049825
-1.21503907737771
-0.666739742429597
-0.501565563443616
-1.32619333555858
-1.11039377500531
-0.995818094896662
-0.639506882609721
0.592554239434392
1.28318971726991
1.54644548525593
1.56587521497659
-0.295299782320697
-1.58676829213332
-1.75044738776993
-1.23606408599428
-1.04962347214131
-1.53465167436362
-2.04823539788543
-2.97147554816829
-1.52917659735011
-1.42625624371418
-1.91030150238519
-0.563641631628422
-0.809301557971109
-0.00616080939555008
-0.195863852751517
-0.461193879107815
-0.0949606556666481
0.108033372204445
-0.798183031782987
-0.91717489378496
-0.532420392956455
-1.21242123477811
0.445463740487317
-0.595771384346092
-0.926864215840584
-0.48850899080135
-1.27765368601871
-1.03445928816288
-1.17520319974311
-0.766424324331345
0.148441520133246
0.0799363792852679
1.75774447050148
1.94184388374351
2.16517319913041
4.5387883688316
4.34678006023385
2.00626039919107
1.81679996203391
3.50854471485605
2.24775550783531
3.63851210335557
1.91872417879635
0.810965129602537
0.351051871386424
1.12850747510198
-0.452441023683503
-0.217003195110351
0.29107626579949
0.541129703265852
0.939391069340828
0.870460320212443
0.656341505174674
1.43117856185869
-0.0185796316498219
0.302261614398182
0.958835618280556
2.19256446460439
1.65113263855944
1.18978026782514
2.29870756285669
1.83369659337324
1.45517153815114
2.35054504140731
3.04995712630634
1.61065741544283
0.465234637132373
-0.200646483133478
-1.03782572253933
-2.15302521171524
-2.56307574664665
-1.75467066112411
-0.800105167582599
-0.78389947478946
-2.68595636894074
-1.49431588822134
-1.23798422004077
-1.64044445998216
-1.85311870853247
-1.58468858142261
-0.0111531802641587
0.688972583314417
1.63055038735711
3.73171066711439
3.56608029547165
3.19379005152586
4.10576785758505
2.67739961807037
0.539780272656656
1.96050063977485
2.15824484416223
3.00177722116039
2.52515979425992
3.86044308426035
1.61857614332964
3.61048285797481
3.90837012467349
2.32633791589259
1.81589250270733
2.47942743929147
3.83333807199898
2.23266139866603
0.712889691004958
1.4574126778249
1.88092103797893
2.28481842403835
-0.432591535283777
-1.24510559795558
-1.23404292126158
-0.450468285508297
0.217206258798331
-0.270525000505724
0.110939167978345
-0.0348805034063111
-0.439002024971398
-1.46751653686857
0.0628348596389865
0.941884296634832
0.65414309656337
1.92785005329832
0.315908193067095
1.66562705028464
3.26769238494915
3.38724241028081
4.17277488881794
2.84647048692397
2.58707643862787
2.34322142190572
1.80799728342993
2.22232853120135
2.29178216678613
1.11415423796354
-1.05635775617774
-0.944545347461114
0.929655095621685
-0.477033347975934
-0.820518411613533
-0.238627409484825
-0.592150875295974
-0.88681219611802
-1.22687660591188
-2.87160607786844
-2.90889057262539
-1.35454622593801
-1.15868733791189
-0.757522033911838
-0.389252402870335
-0.328486825465888
-0.233779052601929
-0.527935266350815
-0.185967169380472
0.457245501066061
0.90549989487957
2.02535842722764
1.3369807332713
-0.135420364238179
0.0896924702864109
0.900532940105218
1.22614027229974
1.16459200144697
3.58286127721153
1.78755521665775
-0.588662414332129
-0.358157845456482
-1.03550017791513
-0.988552093851607
-0.880844120806939
-0.809837232059122
0.305663982707455
0.280701854645414
-0.280579050275799
-0.771947748134319
0.0636142589912498
0.934440599023116
-0.49299639232328
0.74878972493906
-0.122297202177071
-0.109407651832905
-0.159052124888023
-1.83181529994055
-1.57408568477204
-0.858894391838724
0.590120992038925
-0.951779099710348
0.340388701548395
0.628896995449826
0.658023323875377
1.41421171419183
1.55425050478747
0.351358001522026
-0.899872997639794
-1.16832972376806
-0.236235712022399
0.284644333936951
-0.0522470164768345
0.0874421788398589
-0.0954468113663881
-0.697308266400166
-2.00590020339664
-3.34085464857915
-2.20078756128284
-1.06156176287544
-2.37914538695767
-2.34439318794846
-2.43155307975085
-3.34257019693377
-1.5301472129167
-1.41626187005797
-2.29147230315546
-1.43602723014788
-2.23665474065811
-2.6721108433883
-2.41905949231123
-1.73061333519742
-2.09139678534535
-0.853930832817206
-2.27064317791713
-1.47631094104356
-0.697774589950158
-1.25520201644567
-1.05339607934593
-0.200375317317606
-1.33339290451221
-0.894263720504244
0.360072919007403
-0.673800508553873
-1.67046733357056
-1.44482122104595
-2.17994714613028
-0.627981918101141
-0.669605375067704
0.578403451097728
1.09781296927953
0.925781959297565
1.78160329881776
1.24526224944241
0.618398478149535
0.289088040249263
-1.56397596011419
-1.6967460556127
-0.870305335449676
-0.0966488265744856
-0.084741681475076
-0.233886898995063
1.68707851434646
0.534389050009911
0.343707057208685
0.027852731005453
1.03268276230052
0.538073478795478
0.198349727977023
1.09330824650095
1.43071039768449
1.94156961316739
3.32668861269066
2.47863430019612
2.2811198694563
2.0262778613055
2.19027467547339
0.00534685509045696
1.44406808185932
0.487617263850423
0.579987893428709
1.14504357763902
-1.34366968324061
-0.647185328251587
-0.846731114171417
1.60281440224045
0.620874299638223
0.142528370352327
1.04632180001674
1.88129177239367
1.81842532067629
1.6470091675715
1.9062249852549
1.5329813383812
0.519988175999044
0.430216737220797
1.17070183193209
-0.125325013606784
-0.0159581870974087
-0.226411505773988
1.86127692703826
1.14803261689387
1.74518927553392
1.92217110075242
1.31731731988083
0.555224016326602
0.36042337381637
0.489183930239606
-0.0195502561597042
-0.412214887694368
-1.91278610202007
-1.32476323465898
-1.49348671765024
0.109938802809879
1.37515168653088
1.94744500419311
1.41219877481987
1.77364694386797
0.287738925906054
0.480538305081425
0.86061441857931
-0.0303839286087454
-0.838309072333426
-2.08998680728859
-0.866847807559017
-1.05788085078536
-2.40511044618283
-3.12980547392099
-1.67449046057934
-1.93637255122798
-2.22100333795953
-0.278685409629946
-1.50015153733283
0.22562217300398
-0.268629054112848
-0.0934120542817756
-0.482050940720712
0.2698962150069
1.68564492947101
1.09687046220959
1.5134757132782
1.22684466154082
0.801819762186951
-0.529438188116178
-0.375633061819883
0.0149464010424651
-1.09549621694094
0.188428004670048
-0.908128239966713
-2.24355214807013
-1.57156359661905
-2.8993322247241
-3.5902221172913
-2.43468137931784
-0.9907790466132
-0.0434990355401195
2.02573640199032
3.03535585729119
2.3856115271449
1.83824413506767
-0.366830534956008
1.84465771558617
1.26220690473498
0.792174305328715
-1.26009206606607
-0.995509402139504
-0.216451103954722
0.462256477104223
1.15383848902791
2.68783963622367
2.36192363674979
1.19706904450414
0.560890607790421
1.06938309253955
1.16792413018953
0.965489513462756
2.51521838183239
1.97573829263835
2.31455095702892
0.358045058162293
0.233642331155112
-0.899108007188518
-1.15096723636175
-1.76886344287427
-1.30256045878586
-0.301607165641018
-1.60663006290009
0.0569058334367325
0.251173290328017
-1.73633618888052
-0.580174905798083
-1.20029694650924
-0.811928496986695
-0.720790842265653
-1.00633161268353
0.817043653030557
0.0984805197863324
-1.37767336086235
-1.5002190349068
-1.29562448868373
-0.929964503935598
0.842203372455166
0.0299235742992949
0.787848210517539
2.29220998811961
2.12774886706863
1.68710517650204
0.266630548438896
0.887768440891732
2.81288390960953
3.90357968935723
5.02017848252519
1.80309750425351
3.0085733238444
1.0179885441183
1.59152847755095
0.755895937855283
1.09434475865437
0.544007967397038
0.58620645627566
0.922193707192773
1.4467762940977
-0.0317616924415336
-0.431829175124208
-0.415831520612928
-0.466699953472069
-1.0076782603561
-0.543574346889995
0.157545553191441
-0.13899970125346
1.00215928751537
1.30636106355523
2.06621722145661
2.28467177059851
0.599113437662974
-1.18857708770485
-2.04148443025147
-1.73410617268421
-1.91741383583679
-0.906668948837972
-1.80410639311634
-0.683266286128491
-0.866265714773953
-0.639226737539353
0.306712829175377
0.0975446475107211
0.845563245733619
0.398997390396227
-0.141594616446745
-2.6279500145989
-2.79109450601212
-1.27036502592222
-0.634270101678285
-0.861045389329756
-1.7592539329299
-0.833180987048805
-0.671040735281304
-1.11336412112516
-0.265015634433329
-0.30407656488427
-0.798614156990749
-0.779485900035832
-0.2926698808167
-0.488295642186984
-0.908068328658922
-0.93777739391801
0.0108915740337524
-0.573754975475487
-0.605965892526549
-1.14162287514939
0.0574722340240499
0.581438433143899
-0.0599143815053902
-1.65838328494976
-2.13021958410138
-4.00848834793871
-1.82277473968668
-2.44865852672234
-1.46000243646755
-0.16576604091788
1.66522719885147
1.92447974063797
0.642931091144083
1.76771990413903
0.300166552360667
0.897730174088957
0.161039676141757
0.614366763773788
-0.508951563076456
-0.0189661730915337
0.759532144313425
0.968357307727768
-0.312551598709258
-1.2196745195932
-1.36960251339104
-1.64788643173958
-1.80303684266844
-0.912472520803071
-1.76914183623178
-1.47370625161144
-1.37820761307537
-1.25982156135813
-1.77263804617666
-1.82915721026771
-0.307147279289778
0.255422014184388
0.0779049454492656
0.630011464142892
-0.495196683055012
1.02349656460719
-0.136674228555465
2.58429993638193
3.36664948343723
3.07371393588441
2.35998137927132
1.81403158425779
2.64080006599141
2.4367431331444
1.0646171587315
0.36117962873679
-0.341114781762202
-0.998416712239205
0.621840356481955
-0.0667680708006667
0.976818348389243
2.83461589833593
2.08520065835965
2.28690774434158
0.453161022926042
-0.0484361792484458
0.754637016282028
2.22823529783176
3.68067287044774
1.55415993429676
2.02514048559131
2.22777359467927
2.03167040968472
1.25354544068563
1.38320430719193
0.663533596325559
-1.04057072730404
0.392757756546532
-1.38065633911497
-1.36837577234602
0.694724311945992
3.38298282234991
2.13149084205806
1.2867861283298
2.1007103238117
1.83617886377319
0.326578964033178
-0.659920189499493
-0.574642553957572
-0.229086683460261
-0.630491177987332
1.43748208114562
-1.20819411710739
-1.78921847565372
-0.370395843092804
-1.65753942322795
0.455719163193675
-0.00187841106464198
-0.209159491584574
-0.317220342127468
0.0337723083431581
0.381165163547128
1.23834452090227
0.421463924474737
1.75874698734624
0.859788890925556
1.40218453293359
3.52155753466418
4.96257784252535
3.5793966666969
1.92726595663306
0.579810795140628
-1.33197974195239
-0.346880478696276
0.0223276151479105
1.59996807278857
0.364359969835114
0.531610045194545
1.76600639000725
2.18980129708222
3.45209533808188
2.84376450307162
1.78866002651071
2.50729886570973
3.42548865585332
3.9027031857311
3.04151955625342
3.23123864590087
3.47963485251559
3.44247833886924
1.49970186655192
2.27584934761969
0.651781482094889
0.477170204242228
0.235844220248195
0.584389340479982
1.52083863555909
0.895287694130669
-1.16628778249903
0.413675743017544
-0.798225328127165
-1.80998010944522
-3.44013985946422
-2.37765556511656
-2.64352270915302
-3.13325738292164
-3.59448106780989
-3.96064227740121
-5.44876815972803
-5.24748886930287
-3.93717225438672
-4.16085604354465
-2.63484685882146
-1.56118250833575
-1.71810690584948
-0.832360242128482
-0.0668639758403275
-1.34818169373837
-2.01427915420828
-0.477528502797301
-0.1327155648786
-0.635086108171726
-1.6321957731589
-0.216668965922964
-0.256144005661952
-0.460755491029881
0.750274757279496
0.000909844061384613
-0.415985952497887
-1.52669157665813
-1.60999597120812
-1.92351201230071
-1.01635426090512
-1.17477204810569
0.147888173853384
0.354309429247278
-2.26008691870776
-2.07333468963072
-3.24170811920618
-2.37803388529949
-1.46394018323653
-0.165124458051374
2.36138874583557
0.494538467118023
-0.104746287646918
0.428949850601633
-1.56280899645239
-1.66075821867714
-0.788485751238655
0.0175453842189116
-0.430837951263472
0.273274517858405
-1.45943685485602
0.486500124851117
0.740419314766425
-0.763250419369669
-1.03188973331061
-1.68246725728389
-1.60754329208459
-3.6406310685704
-3.29932269662685
-3.11907464648245
-2.85281912585479
-1.62866115585653
-0.191994768862902
-2.03959882910094
-3.25852413270931
-2.47436058696804
-0.215289365585498
-0.367306825442597
-0.218246269149161
-1.44115894341191
-0.671737276682904
-1.0856031000042
-1.42641413035233
-1.29907536839162
-0.732153520767616
-3.27610403689217
-1.77841901554831
-1.80950160064706
-0.414149034395468
-1.96762592125916
-0.960637063004283
-1.06244801277942
-1.01292594096322
-1.51483375290815
-2.48635188967312
-1.63259941838827
-2.07496282016862
-2.20374177263926
-0.309545485601187
-0.494625470189613
-1.02505522609385
-0.0244463101683263
-0.922985345654362
-0.234949951767895
-0.655199246363228
-0.806724397217328
0.382330232890385
0.626781084535429
-0.444885247929808
0.317428249166748
-0.692240972210653
-1.10122742854593
0.356466332371631
1.24664557782387
0.586760985348765
1.29973711719725
0.635362367098995
1.96984570867913
2.55349912805431
2.05795727427461
0.285894937089276
-1.9088571120716
-1.79457594332277
-1.56871728334305
-2.38564079169641
-2.61428664324265
0.663611170852017
-0.0307984669202277
-1.3451430225291
-1.33326816017604
-1.65567578180888
-2.58749661320819
-1.97248042857558
-1.102603220533
1.62248443063938
0.345669104651324
-0.564054623111393
-0.228332269861304
0.54645184669797
-0.89378456235305
-1.77737768122703
-0.618225752273648
0.225068492239988
1.51074152788296
0.295687975371125
1.34361580271987
2.00371581893587
1.21026624971521
2.30088072249261
2.23524548683541
2.34036038787944
1.77715214478037
0.893394765016212
0.526443575087485
1.06482644906871
0.0792094366255895
-0.610744348190574
-0.211565458607156
0.324077347487189
-0.0822217384081181
0.0386118637077016
-2.57245907775998
-2.89322965454765
-1.64136411575385
0.356205333784892
-0.0685174314578939
-0.120478184075173
-1.6836151256268
-1.29723614058329
-3.19250081405021
-1.30313358166973
-1.25891207387702
-1.85328521471989
-1.95736556300127
0.62983298514726
1.33023351635621
3.09661118338656
1.88813466170348
-0.29512079622218
-1.11872139888188
-1.6475778401157
-2.04923536846788
-1.72691023543927
-2.12559821896001
-3.27372384385499
-2.24423346724507
-2.88816467369612
-0.651135812140649
1.22236148730059
0.455590712399192
0.666695142876403
-0.606732126865931
0.0286231519433102
-0.307914824559223
-1.55845717821199
-1.52545683127417
-0.618690479930512
-0.842665195551262
-1.3561981071237
-3.26442664887684
-2.81855141372197
-1.60315978505135
-3.18266293943912
-1.6594926202603
-0.54037083364087
-0.964257066894518
0.651509416281759
0.0810572978382239
-1.42159959499903
-1.25328010518652
-0.317144936433742
0.989129336151465
0.591619151101171
0.663079521040278
0.867116516473337
0.919320211413235
0.535829618474269
0.496733464926869
0.638756674384344
-0.647258870173091
-1.16031957561752
-3.13964727360067
-2.70837575132141
-1.74706722594777
-0.907136675355085
-0.00298461741175882
-0.646323671582607
-1.04536619993731
-1.30955448708766
0.0318336393552139
0.981568482566017
1.36360793983409
-0.00561693265998975
-1.27586978406723
0.256173898021998
0.965569839027823
-0.0243321020653215
1.31257983467445
0.731327160073949
0.385327388162726
1.5643484118392
1.53434577279531
1.52840379026078
3.32578668121422
1.90081008993187
1.23609833485256
-0.544473670960577
-1.41669036781747
-2.56018953862493
-0.64187727907614
-1.2801500316511
-2.20190416966045
-0.451182449211357
-0.610217137469514
-1.16659950447908
-1.4494581028597
-2.79775233554857
-0.79500505017117
-0.92546214870466
-0.873177006053118
-1.84574518556056
-0.657804456806624
-1.01904976637036
-1.4885524158231
-1.06486580682377
-1.63925220432148
-1.06293278211176
-2.36377231692307
-4.30659789622965
-2.72814882271438
-0.766899958776511
-0.482937284118905
0.229151118603122
-0.34618562667046
0.211081016573335
1.00083629935191
0.814700090927521
2.80377149074831
1.90081591813931
1.11634575907731
0.765422671663363
-0.0702795826599827
0.0811379946858415
0.431117318082729
1.62375876518421
2.29061765671268
2.18164230414361
1.11164810928046
-0.352170033832196
0.108209694479612
-0.125163856019489
0.107327664467784
-0.226064441738975
0.582072857877205
0.0262284488931384
1.58726063100866
1.46668199231072
2.8010826696951
3.02971429353154
3.65181723570517
1.36635688098089
0.371944761060901
1.96914648518252
0.930824403940623
0.553276123394927
0.994677078964609
1.55223557716631
2.20917173875673
0.515435154043881
0.526045825780937
2.0827213584757
0.198278029379956
2.04468279140011
0.46588555909357
1.63570710652577
0.16227109089676
-0.656806545767501
-1.17427050072818
0.0903109408953217
2.01336325232089
1.65034086298915
0.236266017281187
0.65690073164399
0.276209550979662
0.641946171997645
1.7148015849034
2.4428646081047
2.77899041914101
2.30757044521625
0.866729834533054
-0.37741744044706
-0.25413610668894
-1.20583817951685
-1.36708683560083
-0.806454320748634
-1.21095635429111
-2.10124868039656
-1.44928877206397
-1.67037719560356
-0.0888607986143748
-0.0218052403542542
-1.00977107323399
-1.39496789351181
-0.105073925014873
-1.15572595115177
-1.1727058243272
-2.53621539761454
-1.44560605209321
-2.60301387430332
-2.02506660785873
-1.26263149451653
-0.997838658324787
-1.00939288876527
-1.28494743073101
1.26264290110515
3.44692218732538
3.21881776085419
0.973030896260769
1.56383936383634
2.33480387840609
1.33942634112255
2.02776217265814
1.33685605333371
-0.330401464869033
-0.730871377304701
-2.54575109435598
-2.69087914434533
-0.150474577135127
0.910739859422721
0.476681307467416
0.0933884391704024
0.400204354222418
-1.65113066194673
-2.27388868744982
-1.02050176746248
-2.14764096754047
0.375128323314762
0.452224203552874
-0.922367385760634
-0.469407877047895
-0.651462654459456
-0.116873770210717
2.06476973085476
1.26816522996137
1.3777906236051
1.1971993701103
1.52694601662551
2.1206386256561
2.5662389638667
1.25315987065181
1.54622711771738
-0.26042823519262
-1.61099165592098
-1.16506869602131
-3.22507090127499
-1.75246663532216
-3.41598110693463
-1.00486689190918
-1.68923771141103
-0.267629721122722
0.198802205252017
1.32269431436529
-0.267867401935768
0.607875171607942
0.354919942145109
1.0443476890843
0.743736562847442
-0.50796665565874
1.7396388274916
2.61027635348695
0.907248928108219
1.5604371212548
0.873165086398046
-0.916907493226028
-1.30884479855631
-2.68865025262898
-3.19360462840786
-3.58567754114189
-2.72345828280905
-1.27253222335651
0.138703689229536
-0.648741351328063
-1.69315191323699
-0.484722484507837
-0.979327488065337
-0.0864821799268185
-1.12342811821265
0.115662801588895
0.465877193156715
1.38771701241711
1.64361343276674
1.93826066271814
-0.135067383214073
-0.378409512581972
-0.201419734898688
-0.37573630661268
-1.21301367010313
-2.80519172946028
-2.80459262169799
-3.74663683536845
-2.47804532418345
-2.85890059695856
-1.34689660297033
-1.3868558337243
-0.644483014336413
-0.782401663699771
-2.35405092763126
-1.51533843098974
-3.00061584308775
-3.54722387804422
-2.22168502437315
-1.73005993788877
-1.72007651658244
-1.50983315725735
0.0127602083554454
1.54234599818164
1.73092809303632
1.2838756583763
1.40655520735747
1.12690826150627
1.61211827955973
2.16303277487481
1.26665979979647
-0.249494354984973
0.397675179597377
-0.135068815932231
-1.47519958368763
0.172349395473681
1.56658848448867
0.477302711403361
0.629931380477966
-0.493101430050764
-1.65658661000498
-2.5331479313788
-2.15488574113805
-2.98329592912112
-2.35325682165876
-2.97161487525418
-1.27649115535985
-3.12005571845938
-2.12013655398461
-2.3770628758414
-3.19957081599558
-3.17453433255886
-2.63431279382377
-1.94863165558561
-1.9153767439809
-0.299594961236448
-0.21018255741396
-1.29673855973517
-2.13611651333498
-0.985256453443771
0.422348706437213
0.213092508715954
1.27354490384731
0.0374978550180074
-1.13569928012578
-0.33304152421358
-1.96333544623042
-1.75291210930808
-2.39676320688982
-0.901841432554426
-1.16734016731537
-0.190395570489335
1.1035300691463
2.16924168644559
1.19582491384351
3.2521264019178
5.51279493127043
3.48146624931536
2.5080308582858
3.60161577014466
1.73352999268021
0.370049202601337
1.76483525209508
0.652634992649192
2.81548423348193
2.70492073563438
2.15790505830372
3.32108521842871
1.01306241889022
0.0931236397096076
0.34121116534271
-0.30972686256456
0.238227165997075
-0.457504843328646
0.0200910742893362
-0.319230905048823
1.22534599422645
1.92641309345736
1.7787380570624
0.720878507332115
1.36719200481444
0.0871120970144292
-0.529620171877227
0.137569065650028
0.417478011878371
-1.05140835674532
-1.2485306711276
0.140938028756499
-0.257486058264318
0.225788800044801
0.1360102369701
-0.272700451739863
-0.149565852390045
-0.51762158324585
-1.2064906869989
-2.03827213279153
-0.655413760771774
-0.222346371832547
-1.07093039054203
-0.283684296222304
-1.08322263163345
-1.86714702857852
-0.271946748405241
-0.0633191439394114
-0.394758173487757
0.142646491428669
0.648362057757995
-0.263484709911694
-0.192746871842172
1.92228990037553
1.87253416039605
4.61353030659707
4.53368023368256
2.51480761817636
1.57694364635839
1.58455037340373
2.98760241465717
1.19524882138345
1.09680996127959
1.87160255932026
2.4171221699653
1.17635114593822
0.790482216861829
1.20796832174229
2.24405000676011
1.9866102634834
-0.0416430825699898
-0.510373470543972
-0.507282665321454
-0.669635342245657
0.526751071408591
0.281776950056128
0.717885017651494
1.13320248221578
1.97702364311347
1.49775368974686
1.6974893308556
2.34267541529141
0.85132576083402
1.44664267974402
1.34270804264491
1.64679691592754
0.095113847166165
-0.757067123124376
0.346965573177202
-1.18186795474349
-1.5586058404348
-1.04715296944239
0.104051719858032
-0.0183893369872324
-0.689823391642626
-0.245165155582218
0.400302797220663
-0.435633295460624
-0.567555236227143
-0.439563489646287
-1.21861704583956
-2.69761186085761
-1.96109657776759
-1.80656107252758
-1.56680454892936
0.374809274300441
-1.19644847225191
-1.53357581431279
-1.61872127333165
-2.42221816013416
-2.06599332690019
-0.898086038421821
-1.07933901766809
-1.51038445808066
-1.28842115438519
1.20391939233178
0.802814197019971
1.5536094766004
1.23355216723433
1.01565303603928
0.982874683397033
1.66405919860944
1.55647067396325
1.0363538661211
3.01653334719605
4.50783765476034
4.96188310889872
4.00643229554983
2.7315551060057
2.27315022730984
2.48524220898332
1.23716830542231
-0.542269740589753
-0.661498319829865
-0.994037632077992
-0.884392204724016
-1.28769556384061
-1.40706684241068
-1.36949975967543
-0.172702019014521
1.1532156219009
2.50687369443904
0.910051172197068
0.299553908186565
0.614094565513164
2.49357708286871
1.81318632782756
2.77267428700129
1.69156770837503
1.37305879747875
2.07361739901676
0.291208149179039
-0.921641470811619
1.04466105014453
0.589147724926333
0.666421098876995
1.48320526699818
2.22304119931334
0.462052225488067
-0.604052985599767
-0.902209014232383
0.717424640648748
-0.0836821466921697
-0.828520068183996
-2.47204877947745
-4.35417739170938
-3.11200512787654
-3.37020598860518
-2.0296298378522
-1.19855590946067
-1.25496648323476
-1.62293557509243
-1.9012209545723
-2.305233107691
-2.0341816926731
0.280976194771686
0.333803352735306
0.150531602290549
-0.476148627743504
1.16228919450171
0.530957656656809
0.130125398123033
-0.972428415884573
-0.352902821982023
-2.27607948832048
-1.72847105425545
-1.97676176377751
-2.72327615722834
-2.39194229820232
-2.52900725621615
-2.38830593508245
-1.80759378427381
-2.94207524901648
-2.13151565957353
-3.4140169288522
-0.909760295169715
0.533115868373813
0.563563107935922
1.68929583469838
0.425379845871706
-0.0988947680661709
1.55018733433293
0.514114610458371
0.173696668856518
-0.43654008333785
-0.902284802791604
-0.764487137119846
-2.53599634339753
-1.30131259904806
-1.24442257774457
-0.855412999468749
-1.11975836863441
-1.03076953081493
-0.835162369092064
-1.76296925936068
-2.08146966968887
-0.981951854592782
-1.77307152599357
-1.98431425233588
-0.825294337727194
-0.788441568361072
0.527377335434166
0.100624718403472
-1.83277156460197
-1.58230680236728
-1.57322193261585
-1.40102489514307
0.257205349559659
-1.98029805902711
-1.31471069684091
-0.0646849535308474
0.597739115424031
-0.463320943492639
1.04291366586107
1.45210507251021
2.77667593589654
2.24678380687747
0.963508672531241
0.524855136581313
0.11900560532559
0.157324180175583
-1.71949040983303
0.549068999132942
-0.652715149626562
0.0195588345130636
-0.433536890317903
-1.08979240479404
-1.81371556367465
-0.464951267741909
0.815351938416432
-0.505503359278296
-1.95470134390821
-0.581762882183138
0.371214777970217
-0.0472520754835815
1.85945057694259
0.726236953759755
1.2804567075384
1.76087868854742
1.78464295506297
0.472008376145206
2.31890441180546
1.7758323905168
1.73416360920232
0.483463715120673
0.805537030746724
2.61756508442883
3.18281411047466
3.4127507831389
3.35983005871695
1.81422765945498
2.52578991812709
1.56200459165241
2.08628811053
1.38000568257164
0.32394727170887
0.595216161161632
0.787944279874821
0.928243805300413
0.763516513843522
2.48852116408404
0.428915710597829
1.00569297828598
2.26487549329808
2.0626534793649
3.4187250776856
3.8154776219383
4.39020851915253
2.38774793825894
2.71911566670818
3.06325711560966
2.60501464734448
2.19377712588733
0.858639964628732
1.31588771282551
1.9086705615122
1.72740198653804
2.44989970108576
1.54725113546976
0.853825537690855
1.72591617985017
2.18881678318177
2.12278683450142
1.46168019856589
1.02556209721622
0.432452880959847
0.810838639680471
0.304065502799862
0.357264588155062
0.104048929350113
-0.0959521664633234
-1.35836824540572
-1.65899025804231
-2.13116948888748
-1.46576670439839
-2.76042318392796
-2.23419149966033
-0.475995659072187
-0.0414073044457251
1.04786093857723
0.661002411742002
0.0586104448096727
0.766915164857294
1.09359722669617
2.2119307654129
1.56773268043662
0.134922430692864
1.14284179042491
2.49036086962728
2.00133509721617
1.79887811318268
1.75461752351493
1.99970761176475
0.0544619094837739
2.05372435208793
1.53046904727197
0.923658301705267
2.01221871554791
0.588160979252313
0.430798902920765
0.741763422794234
1.22159232582129
1.54239773588166
0.429521871234873
-0.0483387940641675
2.36108107565599
2.48639374424431
2.46407917296238
1.47091621524485
1.4037109932721
0.9143076909315
0.524581822555139
-0.000206343277599497
2.1266503360778
1.38182574081585
-0.0384216100497501
1.03794122637274
1.75880281791772
1.07343252711332
-0.5322587453449
1.10606635906073
1.38781437433781
2.11729525803502
2.56468635050437
1.08533464322801
2.18904052781057
2.3666394776564
2.27329218441536
1.94513969580246
2.93428917947572
2.38437608309709
2.7879954268774
3.76208626605739
2.67880311334384
3.2351213106562
3.55136064877998
3.80185260006136
1.2154476858608
1.76580461707233
0.843670994501222
0.10792198718007
1.02147739005477
1.81801069514947
2.43614878797703
1.67533609159106
-0.18682111479895
1.15876568615591
0.131540237486596
-1.25906016349244
-2.34397848327996
-1.49163213203007
-1.55153199266059
-0.906949461704691
-1.10917492746465
-1.15388403322127
-1.09753966644875
-0.977123133028936
-1.58349395493889
-2.61322800662768
-1.55985381800768
0.450153151848526
-1.19240167570295
-1.24436480574307
-0.838731652162987
-0.68267972115056
-0.806499361441136
-2.78536378357699
-2.01503212012058
0.416341657929899
-0.141325754669709
-1.13460183268054
-1.29024974133371
-1.54492434638938
-2.09140003581038
-0.43270781975791
0.302945301182085
0.747234847441693
0.0212858063170673
-0.764872082479806
-1.99927044180309
-3.48630249867048
-2.67647558917782
-2.13039993005922
-1.35785887825252
-1.98630578065615
-1.47690010711672
0.186945801356515
0.73033559263355
1.77206501195217
0.788886050316693
1.01756843593226
1.96209546414186
2.89702773777491
1.58245854006119
0.47656383392723
1.52504057655651
1.53007409538589
2.47579353554907
3.48771227791568
3.1670135876746
3.29903201865257
3.02298264546641
1.30526647825266
0.346820756306967
1.38607278823843
2.19456888281269
0.752867225940877
-0.36580916225946
-0.60067737587395
-2.98981171708487
-1.38949077685743
0.173903023809901
-0.846181315297614
-0.884124950472912
-0.219326262326708
0.809932863631546
2.04320555003684
4.06364655790167
2.14986803828312
3.17940001983167
3.05429466065324
0.427520244423629
-0.815128233750555
-0.596335545029568
-0.325185283175073
-1.31484609228021
-2.32134273834455
-0.233053844308627
1.23087805554587
0.996052052273481
-0.873995867878652
-0.871790107362559
1.03552283345777
-0.245609544429562
0.456171721339858
-1.11521444307777
-0.0266924672393128
-0.901868760318017
-1.75328016732035
-0.8517916767126
-0.512477200398781
-1.84211618020178
-1.22104073000573
-0.244647255396703
-0.32252411087944
0.00904962229365397
-0.312386734706283
-0.998225615947376
-0.751317707642187
-0.948682305636966
-2.44823833941444
-3.03462064294396
-3.24135669766991
-1.7322992047042
-0.634786660382093
-1.84454557947984
-0.99569713551992
-2.0793024598042
-0.759547247921739
-1.42136816158934
-0.68695625631146
-0.0194839569452138
-0.448905656770428
0.525822917638911
0.564908828608943
1.35668895700225
2.96750365271852
1.80097126798028
1.49919781608001
0.970205100257714
-0.481856318289863
0.876680404769161
1.41717066553103
2.77280443423996
3.52787884895707
4.70180557900701
2.79651114250923
2.45981368946023
1.7351810042651
0.977276670707357
1.29310080150023
1.5719701229564
3.14508533090397
1.96796313552135
1.00140550901643
1.03585752571717
1.80926474753767
1.42156331701508
1.85261102581182
-0.0540505178424333
-0.292773985271409
-0.438864025246359
-1.02814647932608
-1.46296436077414
-0.520329431687177
1.33908474529885
0.156282715134402
-0.77408138516245
-0.780621828162712
-1.32565244592648
0.239879539773197
1.63354504789513
2.48990973038262
2.53892897940624
1.35755950775409
-1.25189570467546
-0.756628015679698
-1.94883196630704
0.324324154636341
-0.11023780627614
-1.08322683054324
0.351548605876348
0.489319389069155
-0.351043819861385
-2.08396568433208
-0.753192405758791
-0.238540783238732
-0.0517116711645433
0.429762485584077
1.16475665290458
0.959059021885774
-0.55305087206378
0.0180338854986182
0.176285128882494
-0.17531847892587
0.31190357195168
-0.962307150212345
1.12049515676102
2.10846499040364
0.30449069512478
-0.685527457362457
-1.58338870403936
-2.04794965991976
-3.26520995420697
-2.60184996726312
-2.13179122021267
-2.05196135352201
-0.806278524032789
-0.923332655337237
0.922966847989587
2.22585235974833
1.72229290950113
1.3903550557266
1.01253393262445
1.53897943935243
1.00283565743403
1.44250822861709
1.28913918574026
1.7757460748286
1.22589741155543
0.825153840332224
1.62285722532096
0.865116011891966
1.00398784208371
-1.00324822056198
-1.20861538299244
-0.348048564921716
-0.115871933083088
1.48579191044182
1.73379269367294
1.71109065230787
1.31208790361328
0.464913520013699
-0.369337695127637
-0.420411163759265
1.00826633458164
1.3722375905711
0.620554216799969
0.069233230001514
0.271666793172615
1.37064626679667
1.94037960419281
1.92977341417029
1.8877056560085
1.56916429582635
3.23967909308169
0.67477588090141
0.356498490512526
0.10729317771725
0.64129919993287
1.7564116551418
2.4179977470397
2.51889353011137
2.71699674189747
2.3433215797883
3.00729254663854
2.18138762934688
1.10400359502984
-0.19349973249629
0.210745025781743
0.358989822691281
0.804413076920931
0.725129552302479
0.097592080498638
0.862065803100392
0.671899654089996
0.463281080606125
-0.131192079074259
-1.73415132304141
-1.72516354252322
-1.39557473754971
-1.2024773191843
0.0431869475412474
-0.719632330918003
-2.02676381197808
-2.99511376455494
-3.57929138221974
-2.21161033740766
-2.36349854901698
-1.59371676376774
-1.91702627191464
-3.59543809174646
-3.01638205417908
-2.75890997306726
-2.86188765034947
-1.25702240924563
0.160662956007389
-1.54007767199276
-1.54049802618034
-3.13263357517774
-3.5822756249768
-2.51412349907713
-1.94980884642771
-0.095402544819132
-0.436477399096752
-2.62548496222296
-3.30004827873297
-3.29217072173901
-2.28692867272547
-1.05291778311135
-3.31222659777082
-3.90616946437191
-2.76525166978574
-1.14709811293456
0.385646412025
0.819999397133969
-1.22942072650979
-0.179709388055238
-0.242843313179689
-0.487832025085106
0.359253866340832
-1.10531283004132
-0.496327270691208
1.05076146423033
1.15037549448041
1.22679604025327
0.542910959277121
-0.291628831361432
-0.754571151182818
-1.21333604023929
-1.1529313388476
0.917598973429573
2.3943384720949
1.98372506768035
3.16720112671728
2.9579735479874
2.03633020750173
1.78971097375915
1.44136740606486
1.29372856003167
0.20862943552965
-0.454471012092496
-0.128193649662123
0.426469354306169
0.454326830190286
1.68022965923311
1.24642614681944
0.552635232675241
0.623510505285307
-0.819628101760138
-1.10870020911785
-0.803284480785213
0.0101951532560316
0.900334540745698
0.265460091375065
0.853600482280497
-0.967057445442379
-0.09581453975868
0.45485286072737
0.676007058844078
-0.331703457879795
0.458161778695683
1.76142712943349
0.281978735408022
0.456398389716466
0.487578193713878
-0.383735857208398
-0.380307755085322
-0.629834230461477
-0.256312992862313
-0.636106153559364
-0.400883427473435
-2.27126093733418
-1.36643510265698
-2.63492836253198
-3.25457468712149
-2.03179156657169
-1.16726657582002
-0.6392793310678
0.46547020560798
0.324586330601882
0.715738637205102
0.836394287793806
0.207771534507451
-1.01312987978776
0.231873472586185
-0.251307456617728
-1.6155245432293
-1.61079882444103
0.0862384189351886
-0.439195897030772
-1.0202881482242
-0.455758139646231
-0.925987549797026
-1.3881795210265
-1.20974964313134
-2.21369880499893
-3.07584943215879
-3.2424068709394
-2.4867686918266
-1.03064139456763
-0.3423968303305
0.542900030255168
1.89151148986535
0.0718197329043628
2.23712270519186
1.12300304795967
0.622082732018285
-0.216424215041115
0.700971629560243
0.449664545053117
-0.0410274915132053
0.202826385864736
-0.0952812335061153
-0.672702279552585
-1.01577756857749
-1.11084678252641
-1.44068320340574
-3.24393213152349
-1.93274615150832
-1.49562726650161
-1.39934688828456
-1.43006511607369
-3.70486238360176
-3.48774586169847
-2.41224492551418
-0.314958447275578
1.10157946797552
1.55091073134755
1.80115443796205
3.46022623189363
1.10183559069234
1.28583722325844
2.21430618602363
1.76628361793131
1.35757100485664
0.0685547709619967
2.24212738903311
2.55060047273601
3.20105205434021
1.23788670823049
2.65736001500234
1.0777953650469
-0.279771958742389
-0.908677887568129
-1.45956734204446
-0.867802929545094
-0.981830771577382
-2.40691142035198
-1.27431272549421
-0.075651918902866
0.599832220344885
0.256898426147692
0.0702622453591497
0.752332982046653
1.19976760416394
0.0334605793608016
-1.52922471661606
-0.78360011016019
0.789671828331641
1.60412855075402
0.277771638513688
1.35862467627425
0.874019696040139
0.801200202388354
1.28744780615496
2.10634748524387
2.68376541862548
1.36951894390281
0.812315835788124
0.638421750509678
-1.42253802072449
-1.06377618267225
-2.75085653430264
-1.92065026630672
-1.32234456215003
-2.53190801495978
-1.85961921565721
-2.02579003204873
-1.29166324344684
-0.482434473841282
-0.77946697312643
0.556268922355587
1.65527589893002
0.98050488072691
1.01639592132991
0.947503655456479
1.03865890633464
-1.62721720114518
-0.750543176933251
0.860527934065046
2.90589586818459
0.362271225589033
-0.4437936969647
1.08995228381883
-0.485570675190076
0.450948585104914
-0.314464508835423
-0.718508295169727
-0.371263963459205
-0.141400734972394
-0.62812460492392
-0.457108676902152
-0.119222804049213
-0.0791107784085462
-0.0205056714267401
0.30188261476967
0.126479227408117
-0.0364937882845643
-1.88515432354625
-1.20610022450236
-2.56717758196259
-3.18669435986166
-2.0833275846608
-1.10231140206646
-1.36554429331784
0.371869839651709
2.15383260128604
2.07511508689584
-0.0701232714076583
1.61108933480058
2.47250592101109
1.66799532104602
2.07539921277589
-2.198124241823
-1.92836143813071
-0.859647984096979
-0.687459227661347
-0.327799917154111
1.46001527618127
1.75305213832263
2.99535066942248
2.08523329459723
1.68407188938215
1.62140831653694
1.11753032034319
0.37929618246333
-0.0796288276555169
-1.23733618316412
-0.558573774189293
0.226608475399286
-0.849411911259859
0.276950147718206
0.186033896159126
1.79986998664172
4.10784503501561
4.00923242347545
2.62613917630977
2.65297787351319
2.86988870851822
4.37037971624956
2.27338259666069
2.99909537058191
2.85532618601061
3.52383816834605
3.2226393414738
2.22856317851132
2.59998839123108
1.68747174572794
1.63428726978993
1.29286230553384
0.433740412619825
-0.429065441560193
-0.339931656096886
0.536546221222284
1.33661030368873
0.63609354718921
0.656708897746142
1.58259478963393
1.10488150127532
2.00496656127262
0.0803062994288213
-1.2552846278492
-3.24708633161496
-1.76196890870157
0.0670011614241814
-1.01028051363851
-0.803981214895251
0.371802253738101
1.06366304463902
0.482374191173256
0.0399338969873496
0.273468985181151
-0.489050602850651
-0.687424206764088
0.991943834924902
1.48128467229375
-0.764046168352529
-2.48326829079254
-1.32166644105381
-3.17944329232215
-2.74207976821065
-2.87812964586116
-1.54877735956538
0.391831489311798
-1.18016674844687
-1.24378399903141
-1.32522727193849
-1.04276497751583
-0.177819492352616
-0.380142319508001
-1.36992990166705
0.854633904969315
-0.23486112789937
-0.298496623324601
-0.339213371940987
-2.314750623035
-1.18061958611345
-1.1456206302426
-1.22938704837318
-0.92843877414389
-0.348360908196315
-1.45139794890666
-3.2191157573484
-2.69163951453731
-1.65729494253582
-1.94316072301249
-1.33490031347728
0.37928913507059
0.0131485946865224
2.35418037546996
3.15744565221117
2.65580248789142
1.81468958098095
1.47820207799125
1.82837794963524
2.14576742342052
1.67031109871815
1.76087035331607
2.23561792330402
2.02371582451253
-0.254977337876856
0.108215190484075
-0.175559995567734
-1.74274335481543
-0.397284841180896
-2.16229403137746
0.580016448796579
0.376703571297838
-0.491992431000013
-0.237015512923287
-0.967654225767965
0.548740970256846
-0.491727547786279
-0.388013639446456
-1.24270164530972
-0.593259011801735
-2.02842229536232
-1.7849762726172
-0.751158520073705
-0.47461017841461
0.749090938279334
1.21353139089109
1.43651040705931
0.598376311401229
0.230889043593424
0.589126405336789
0.202221203513053
0.27621444978287
0.0266166091596799
-0.808715749244239
-0.80847490836071
0.146659853253616
-0.129096213005294
-2.61378141668797
-3.63252632471543
-2.66002118571841
-3.6768586737846
-3.47890767536713
-3.90870252567743
-3.67132999954847
-1.63594843441921
-1.5859803903578
-0.0116386163643116
-0.275479703656286
-0.846971731990603
-1.43359515805247
-2.20970474402281
-0.644936520668725
0.371869926430084
2.06863623781022
1.19929594718934
0.292674130816523
-0.232454353264018
0.0402043855371396
-0.0336082793960239
0.991340565622613
1.60203353845189
1.19523359551717
0.960116748265535
0.456465277438448
1.2502258404213
1.63508507567389
0.551311140016522
-1.14303074611604
0.0949203958720174
0.721005957925926
0.271956722270521
1.69351844621445
3.51341300444624
3.21046210077692
2.44932026903787
3.01480728675321
2.04263585861978
1.47057680407729
1.13980680829267
-0.0229467750605357
-0.611920007292504
-0.867129775929061
-0.754723856591509
-2.40087892614472
-3.01877639605339
-2.02898732923229
-0.468091702221375
0.850322253781287
-0.956854815230668
-0.302791188457676
-1.86810130098385
-2.93503173305029
-2.93118405095491
-3.07926474610965
-3.49406204762483
-3.05968099437845
-1.32544884237367
-2.31263894125095
-3.31395287427285
-1.94514563717562
-2.06494710699279
-2.47872096624721
-1.12496586100547
-2.13872544827944
-2.91685919195256
-3.61902373519204
-5.06014415458142
-5.74777192488826
-4.55236790380053
-4.62340924972805
-2.69431772071256
-1.47010545658378
-1.95887608737862
-1.56431411130631
-0.361907519953062
-1.42571585506934
-0.272880629077353
-1.72090544658997
-2.63272004377179
-2.36604130153049
0.443765128299483
0.127154533576058
1.30289757252644
1.8819148806177
1.80201778231202
1.08760730105714
1.49631714223898
0.919008728892073
-0.750858356214338
0.173737008486119
-0.632350987205489
-0.580688574101708
-2.25671080946192
-1.70952608370891
-1.82009875769587
-3.71896805119215
-2.33417927763474
-0.902017920692481
-1.35426643743802
-1.04513669210467
-2.12977581042391
-2.15090864762025
-2.06203808989892
-2.25324411669383
-0.171424171916146
0.287194331749865
0.70966756134891
-0.102143415741711
-0.382282053290519
-0.617013890795104
-0.536952692496258
0.995716001399234
-0.197150020279141
1.25074994264866
0.285327094188908
1.13586064689353
-0.365273793214314
-0.331747626697833
0.121259275317733
0.372763751449585
2.23853219628064
2.50796490339464
1.19776763551005
0.321774351462784
0.775141806251126
-0.309954635243929
0.0702210057454772
-1.48661815211262
-1.87724385960826
-1.20418115234852
0.368703776775456
-0.702977333757838
-0.856007902389926
0.873894853445733
0.439059530228122
2.46055992838076
3.05485302439881
3.0053130990091
0.663486289180855
1.02283906996081
1.17474085447787
1.17113116676232
0.403744197895873
2.18099448509951
0.352113832690959
0.618364752628324
1.35780357280958
1.8356174872004
1.82817621144356
0.233043504168971
1.01023820215521
-0.00975732780196747
-0.458454307068278
-0.706187979305168
-2.17993094001399
-1.48521904882644
0.532343355628195
-0.187487451755253
-1.8865224829175
-2.20971649183588
-0.892944910134333
0.643009106431019
-0.0421522258224869
0.448583306159892
-0.801940527962679
-1.05964057427592
-1.4125360033906
-2.11712522524429
-0.78163380943706
-1.95779665752819
-2.32392096996342
-1.40533745881564
-1.43496526436775
-1.83156141504868
-1.97590006256288
-0.543197753127251
0.215167087255291
-0.20833722410667
-0.357765704838609
0.635419128316381
0.409009359967743
2.43246726724792
1.63584600673614
2.69765394388323
1.44176331126442
2.18963314205623
0.531647204267889
-2.35300564174171
-1.99136858806886
-1.33599147744915
-1.80687800908996
-0.84370050150472
0.468677840495541
-0.376966520207324
0.337102875542614
-2.07662772543815
-0.744937206248903
1.40468016428755
1.15148255848545
1.60204118042856
1.75091106556629
0.249047289634364
-0.902832003049282
-0.820858225366567
-2.54016215973813
-3.04519341360205
-4.56220017949374
-3.89967596169533
-1.47137835042098
-0.418260455587839
-1.33507281602787
-0.529202491916607
-0.0599442629951065
-0.847604102266236
0.023549736122581
1.53322963195794
0.854851500309866
-1.2556896094815
-0.727030932992004
-0.428742035107078
0.581228975866523
1.51780257291693
2.50086212803838
0.601629972832736
-0.940643988022425
-2.29472607093852
-1.18420649784531
-1.01971154937041
-1.24899902785436
-1.62540231349741
-2.33194338507711
-1.26825646738276
0.288252393305428
0.314956186268675
1.12074208790104
0.614902878087456
0.932628430336186
1.71045779918317
2.08790722538375
2.1263202138836
1.57834397126056
2.99285939902017
2.11159821940981
0.0904277731389276
1.5930085094693
1.58035805070655
-0.463295953155063
-1.41829334224101
-1.09289278978473
0.290939910716571
2.39894159009548
1.49478757119659
0.704734749689207
0.0679922353094219
1.67682926457218
1.07771233621612
-0.567084209803521
-1.18853922307764
-1.93366247396778
-1.85734091605338
-2.50958258600037
-2.40138724824843
-1.05019056450626
-0.0742388232425939
-1.92069646304465
-0.719139001200476
-0.938945571294541
-0.653371362269252
-0.784147214140935
-1.07138525441692
-3.08817492271043
-1.70811494666612
-2.41474128296009
-2.87574562861414
-3.8049148298718
-4.06399984427694
-2.43354740529799
-1.755065921172
-1.93262189844864
-0.206547427699151
0.126142416318246
0.247332894862815
-0.620082788454218
-2.20686693630574
-1.46031900731496
-0.640953642263809
-1.35933300826209
-2.39356396279261
-2.31883078228957
-0.704758860942212
-0.700181253168474
-0.0392142548669685
0.936120474066024
-1.32415454883242
-1.30344043598976
-1.29455174037449
-2.15462999247072
-1.30567112411487
-1.72840481685208
-1.39474036558669
-1.62711995277342
-0.516952903987745
-0.889004765300894
-0.391661374183969
-0.785480325137315
-2.07766810070677
-0.287946311459908
-0.70451343826063
-0.74122634149618
-0.440305459589917
0.734582995005175
1.44702109050013
2.57443625053529
2.58865047590906
1.63987399068818
0.344176464961339
-0.919300791021996
-0.808746292213458
0.609051119903221
2.04016070885769
0.514172865226106
0.631612130338198
0.803827567962162
0.620357068200453
0.0496025180042597
0.0477899063351425
1.23746339535055
1.41248813273897
1.05952514477042
0.628803612148005
-0.286112181269557
0.508685861261822
0.405837835665209
-0.0323133105467044
1.53410998462883
0.48479636145424
-0.178779149725988
1.01365398663465
1.13161651117131
3.0515164616647
2.47137346252716
2.33905891781576
0.209341343865188
0.0439044794736945
1.3655325257211
1.51470219961142
2.97085488562259
4.68202403326618
4.48594276888439
2.15684467390374
2.81750151331614
2.94129731436706
2.42291488311941
3.24489679626191
3.24165129675733
3.62204666730301
4.32870328492413
2.09543303014288
0.425058576803109
0.989809831846119
-0.285566716818681
-1.06176437606354
1.74047368463299
1.38595624552007
1.32001073801731
2.30743783217887
2.47854647530082
1.70662026368873
-2.28257950244927
-3.08300462920744
-2.11479593388521
-2.81668291184377
-0.98794429454589
0.825122700406754
0.13039588054111
-1.62011548933588
-1.29142022064315
-2.46992069826384
-4.00091268454538
-1.63611506066801
-2.62172999412441
-2.58349463451431
-4.37563973287527
-3.5909990214413
-1.47223111399462
-1.49808113737701
-1.60444440329203
-0.79697587578985
-0.48706098316471
-1.34595712925133
-0.122213992320906
-0.562501666590145
-0.512406774198227
0.847991660147108
1.13771928742976
0.411606064005818
-0.0348261995166974
-1.34022606921102
-3.77158578512801
-3.03179691544101
-3.62547886994887
-3.79932787519856
-2.15948729675072
-0.816858858174051
-1.32239643407904
0.195529405280123
0.284190802582288
0.805478988292248
-0.929605808797594
-0.527224036208222
-0.61130075133579
-0.128465383281207
-0.242842014914621
-0.201651649448937
-1.22134173641145
-1.12351981773762
-1.39638660167514
-1.57886811876138
-1.82412105740555
-1.18083244739402
-1.01485195371292
-0.375417263510091
0.349512281392319
0.0479874344580771
0.558410304593985
1.24310369899318
0.17911431902542
0.0912638306583754
0.721925372671473
0.132437842164963
-0.357390144813989
-0.789040985759812
-2.66110801853232
-1.51800475101898
-2.19162296947737
-1.56037603738279
-1.22752677368022
-2.49628892663526
-2.04851017858967
-0.941066353283152
-0.0802763870178025
1.02742022044522
0.217109902016087
0.273580179150366
-1.08104344903253
0.153387688519452
-0.4194792968093
0.464598955894338
-0.191815721134893
0.875736599330717
0.787035540084084
2.13010094285002
-0.705929120798633
0.18220682362831
-0.0866913981876412
-0.73936298421019
0.0512090769206238
-0.362876903273833
0.7918716806129
1.09270475248425
2.89404820358993
1.01323918497588
0.286274470809345
2.23473838564927
2.13987814631363
1.45028249749512
2.27605570936055
3.19737940325286
2.15760286459643
1.41337615222753
0.44537080613093
-0.051970803125471
-0.452519114951833
0.734923959263672
2.03945244470946
2.50415144162576
1.34528927569665
-0.831836964373598
-1.07981543934156
-1.67078734836787
-0.848321677176465
-0.229639138877421
0.533726713613372
0.900643826630073
2.20354310195085
1.43018338779251
0.172329712674006
-1.07620877678397
0.194830176304773
0.489041850783763
-0.519043019753107
0.70686070135139
2.27172719368144
-0.27142857979051
-0.570032662383888
-1.83749639873195
0.247944591562238
0.911649451348066
0.850299731105037
0.98698161498176
1.5601027636443
1.91747361800681
1.48211989062915
2.97182168123161
1.51627591890209
2.06508679897214
1.9065521746399
2.04093215693589
1.65850965425047
2.33743670547019
-0.828512242485685
0.0904933307277845
-0.906702579528749
-0.158059918982273
1.02608083866208
0.684551143634845
-0.0496420856778987
-0.272961443586262
0.642675773200622
1.43579441262
2.01872897857571
0.0241951353890875
0.580232094048177
-0.746312724517429
0.560978902841649
-1.52426790438155
-1.62458661833226
-1.02734187962007
1.04937157500315
-0.410444328351161
-0.721141858429412
-0.288538525465303
0.417142138281644
-0.664770882376765
-0.289012259750651
-0.700214999104535
-1.54745409172866
-0.642164405465168
-1.47362234800691
-1.09425627247417
-0.286735857631053
-1.70088267010395
-2.91078938863856
-1.53575215428509
-2.43443989457126
-1.36968651356666
-1.29250833664112
0.783081106335368
1.27803299670629
0.96366647293697
0.915442600234661
2.17864822017808
0.72139708316181
0.445919712456649
0.0938141228007469
-1.29323594638526
-1.92817983018705
-1.43665402812358
-2.22275932954678
-3.88427536065446
-0.362688350616295
1.38041967900634
0.691849771637672
2.14935332358151
-1.25360404697438
-1.240980360421
-1.10323479749172
1.22986270938606
-0.05064478406743
0.642342201439597
-0.156227573051366
1.25030460982455
0.477096611687831
1.0154952394991
1.6461772515288
1.58180429828975
1.19188597788718
1.11193220853133
0.525127324228529
1.83950812848447
1.20468576126928
0.531086384100162
2.37333384907387
3.68101730937361
3.90731933465143
2.47467086261133
2.44588901523277
2.63650188191834
2.14607697816973
1.73553350766965
2.03995334125923
1.63943736803313
1.28557311397817
-0.355747024412723
-1.03777534407806
0.60508308271875
0.377417279892491
-0.0996684830704504
-1.43860244618729
-0.260104493125999
0.250294983141627
-0.902424297847164
-0.107115772449183
0.154314360501223
1.52551436418065
-0.545582953034428
0.505918711262723
0.848421725509128
-1.43585869186667
0.176440500151436
0.0860097736789561
1.67249549996496
0.613606886951775
-0.578763148733013
0.313997632617713
0.441919550440191
1.30101543985087
2.17071770849876
0.220635144905945
0.424866063615651
0.841097703754268
0.231193495521733
-1.90573837906539
-1.60413819848065
-0.585417663335481
-0.212134636848435
-1.48435460022929
-1.46284932937185
-2.27707819193359
-1.9928550689314
-3.78043293930801
-2.94735835689957
-3.59570037283344
-2.26838711318368
-1.15453667626011
-1.40704254800653
-0.250799027520439
0.0839523875899877
0.465979874249267
2.60826682335603
2.12708749939061
1.16893281944003
-0.714073866201846
-0.367835745582779
-0.73760471665993
0.648257876112535
0.64515100733891
1.97749972497513
2.07461589473986
2.18538119931938
3.27535872168617
3.44355503021709
2.50246032639057
3.96106917177004
3.0369455510906
2.94795071518603
2.39926422481979
3.66462404643803
2.04532417160638
1.12056857791939
2.09280006710912
1.07220564345679
-0.390931791115311
-0.718050226568345
2.35440543703499
2.8512700165247
2.64146555244157
0.52602539905075
0.0526706484406064
-0.744783379901781
-0.89771700781435
-0.740019105909639
-2.13451878814913
-3.15818677872602
-0.846636652220753
-1.85286522880163
-1.35278273703311
-1.57919793577767
-1.58053920373553
-1.24067310997674
-0.540024178154468
-0.624621847514515
-0.393898470576046
-1.00936527720305
-1.32151249070518
-1.85587002273756
-2.15068979799302
-0.978388510656734
-1.66620057488372
-1.23733846394976
-1.51901088376206
-2.09582412002437
-1.37370245021051
-1.98483557337063
-2.40837681348324
-3.05328427616804
-2.05235213530559
-3.29967188492378
-0.61398229312683
-0.492907770950196
1.99602550305355
3.33267883798047
3.53222455249645
4.25362842310378
1.95258791230389
2.06473203786043
3.29359229720517
3.56125701616249
2.30823622710082
2.39453758125845
2.43963221393483
1.77789759042162
2.17338974985741
3.09539133828238
2.20390643163709
1.60155555001088
0.587748529537872
1.73641108923436
2.45354040165143
2.35731732355444
1.4257786337129
2.8391909347046
1.37803792593572
0.388354623355711
-0.762748494855543
-0.656829945791586
1.34347176499206
1.03951905195664
0.967919707313289
1.15396987299572
0.441293499166932
-0.922175995600438
-1.28160179225145
0.781814508270354
1.51592637547301
1.63276527637758
1.07894065445966
1.12821212597782
1.02800957980697
-0.721923528114905
-0.0282458933691992
0.178780426662078
-1.54738271420977
-0.311226968397635
-2.48515562942939
-2.54038261180442
-2.48342269284493
-3.89383028713162
-1.82195009718965
-1.27906098051555
-0.925533548884456
-1.9051078267544
-1.21148007419962
-0.745746387025336
-1.58352246426416
-1.57493142588786
-1.16202840221465
-0.719914275644723
-1.02220399477255
0.204453108975958
-0.7678231873559
-1.0285512779155
-2.87671041770282
-3.51951653182254
-2.84928243191573
0.222473370830013
0.205170134513396
0.815324411675167
1.93928630614499
2.7854089270035
1.29466350752081
0.344042582331212
-1.21111621804487
-0.14332194062947
-0.346766600352548
-0.246702268159988
-1.28157427150503
-1.08320748948513
-1.33252027646341
-1.48162860318887
-1.41917855209648
-1.11732746034943
-0.647724031534552
-2.06374534008816
-0.859797017894918
1.10936303086516
0.633459407969721
0.362234813403932
1.40106020261525
-0.782753256647839
0.909437216123283
0.488201904734016
0.955571435609071
1.21860897792175
0.706059105268084
1.56851904615225
1.91907975948186
1.08019201051479
3.82061297338175
1.26286172466246
1.25147265516177
1.82901571096959
1.79606367683675
1.7956537744094
0.182353970603295
1.75565854203229
2.23942167367865
2.71543205387704
1.08694609148949
-0.000116753392104707
-1.28938400255037
-1.06692730170434
1.32241409110246
0.66504677750093
0.575646969956457
-1.2976872041717
-1.93779575496207
-2.84734357076786
-3.72615351907121
-3.95161975707775
-3.40665165527804
-3.97867190890925
-3.57322976244366
-2.7750727688881
-1.98578733954681
-4.25325395048856
-2.4725772453612
-0.64652238750393
0.483602185183846
-0.421844061274336
-0.985460253018925
-0.560877739201361
-0.32046317475799
-0.153764102850218
0.0113775855050903
-0.327599407909866
-0.404367317887385
-0.285469960533578
0.0942020795461946
0.511508977399441
0.204686902779505
0.238256084817903
0.784351457827183
0.528259568258854
1.55031443019622
2.56334281986938
-1.16458710106623
-1.12091648237817
0.326728997238127
-1.04737892754845
-0.559693257893211
-1.2573722121591
-0.334228041169999
0.0959988627033515
0.0386765742483467
-0.40544740300743
1.21404329775143
2.19451935903468
1.42258250688833
0.792718743667118
0.361814788768172
0.416875692833401
0.0650918808367786
-0.36722220492666
0.113672601520094
-0.246571151680316
0.784586252892498
0.0593511319003186
-0.580502094831366
-0.207713239075487
0.195027245033055
0.192780918431831
0.328493403790938
0.125880922438611
0.82910502777106
1.48873253552982
-0.977057313302348
-0.100271603162594
-0.875030000727615
-3.04242438756658
-2.34406783821076
-0.00678997077902044
-0.593847791110435
-0.366923843921766
-0.663237856159505
-1.12074117516051
-0.701834973767755
-0.164692914795384
-0.637551433949513
0.258434627472237
0.228540967399017
-1.35462548603348
-1.47125604539824
-1.43400689823616
-1.22409023099562
-2.21113036327924
-0.926442578978681
0.686114930100531
-1.760240682127
-1.41841649999001
-0.364748385137638
-1.7839580838813
-0.335740346841979
0.251348084184107
-0.147219013971904
0.574570646185339
1.20692989427332
0.847591454006141
0.156204527637136
1.94150503751958
2.91710689276086
2.43884250100166
2.41559702291369
1.94850194891653
0.750141872744485
1.77967115499903
1.45055586366796
2.17441455692869
2.27903805635379
2.75958077268829
1.77922641333204
1.18010799907793
2.71533309119457
2.89615907714872
3.39575909457304
2.86911252028723
2.07958881674544
1.96304112291351
2.87690293298216
2.36928293926461
0.090907515124949
-0.585014137099172
-0.303209713289
0.403181512147508
1.12850031673291
1.66603772284285
-1.17011858042944
-0.647159160837858
-1.36630275655689
-2.26463007392119
-0.663155846985648
-1.28688629999823
-0.93957317363879
-0.558765986280351
0.684860106706127
-0.287033737360518
-0.148530087314938
0.572616746057574
0.240736046666699
-1.39847885885527
0.526727700826322
0.832725492617743
0.400876121780657
0.792000912372939
0.118505485028632
1.84517396568197
3.27236619791212
3.96687052636547
3.37319074871259
1.65791768227059
3.14285974055687
3.45808538355217
2.64292800228534
4.01791866080985
1.91362026757353
2.07136548155834
1.81267888738424
1.08276975736457
2.26215224163573
2.42515894397537
1.47819879088358
1.65261563615469
0.397965741875776
-0.404076409515187
-0.927402802891496
0.521014697674168
1.16493758224094
2.05693054833644
0.699687361528559
-0.584972067120687
0.860920115748624
-0.545079025178958
0.509806424972602
0.291011548853157
1.50142433124596
2.35615611101739
3.38495759673984
2.14104246145677
0.928780162976548
-0.90587902318537
-0.998846888556931
0.192654154680236
2.26551974574909
0.156448963707365
-0.268621105824405
-0.276775528203401
-0.65530180551545
-0.739180330125471
-0.250295411637603
0.705902139083967
1.32306945404353
2.36652640843543
0.702055875214055
2.1070439854566
2.82600306966028
2.53137059442256
1.93374743793178
1.573323149798
1.6014376163686
2.5073407089637
1.46944029510304
0.939243549181535
1.94339865388441
2.02863094252664
2.01367060792447
1.25028978750677
1.3444487849677
1.90963220675992
1.7423466618595
0.766398389173398
-0.0398318155862502
-1.02880330496391
-1.1650165031847
-1.76784890382935
-1.16830314299109
0.30892167953763
1.04446871006391
1.06638816608943
1.50292871144622
1.9679038061675
-0.298937863784916
0.0536067159517337
-0.288483212428443
-2.03244050869342
-0.221829653341622
-0.804097431808558
0.217902017557536
-0.671678282939661
-0.69308123460771
-0.766880807041756
1.02281011115948
1.62836348549725
2.61785231953354
2.48733679090937
1.74790318364191
3.36963042103656
2.77460771442847
2.04328184844807
1.89880548796792
1.65481880151781
1.99466799773087
3.27414724872766
0.798285009030293
1.34578690927422
1.95962266364297
1.3268946555595
0.991408313642833
0.260229259495416
-0.776629822531623
-1.27962465501321
-0.607258339071595
1.62853160842981
0.499147932476347
-0.708093164172261
-1.60946326539888
0.35537071797258
-0.660403176447703
-0.789741029593465
-1.09892835852309
0.255733830795809
0.724141548856999
0.880338248927305
0.417749583769425
-1.01894516811833
-1.86394966886481
-1.8839562932133
-3.12946909292762
-1.68865159481796
-3.08114800065831
-5.07434170594485
-5.74553360177981
-4.32389857272836
-4.10051662985875
-3.34853610715689
-2.1755668739382
0.521169531940629
0.299491553115502
-1.08769780576036
-2.21572746155691
-2.40394318571922
-1.69906021907181
-1.40354791273482
-0.351162124286372
-1.40983405586026
-0.17037846063485
1.03032805949248
0.703829702914933
-0.501185705518246
-0.108553744737193
-0.410323580191796
-1.51122605564853
-1.02008037727272
-0.998402283830026
-0.210901600158791
-3.32006172833759
-1.26037433606821
-1.11093612439204
0.495921003620247
0.42294706406238
-0.112904622184611
0.406196957446018
-1.65160697731628
-1.10226731836997
-0.936331765430215
-0.26296380582811
-1.7721297046819
-0.696355574348776
-0.0338982921064717
-0.258833127085792
-0.855197626442972
0.638888524240095
0.46101725133872
1.37864221827889
1.18480163901364
-1.60754612451091
-0.805108535769083
-0.800601746519457
-0.679504062542854
-0.674119902593289
-1.24623181429555
-2.6288860327563
-1.06750924443085
-1.59602851464822
-1.22611362593784
-0.951939937824974
-0.824104336118607
1.01090972367342
1.19026990324281
1.66536485296185
0.932825141137379
1.7181316398953
1.68597955621538
1.80709230977286
1.61370683631148
1.49856480053068
2.06138520466099
1.45129189924211
2.45000170813876
3.8725976646196
1.97746841981426
0.852838803672053
0.975681280380992
1.59133179323436
0.106574624252665
0.738342875402373
1.79475116154088
1.00504179659744
1.20838160530885
1.33303708523753
0.871031398156127
0.137331901534801
0.132911565607371
1.50558206755026
1.7692263849156
1.56499770947396
1.83762764833212
2.90601104260309
1.72324567183854
2.09416969539071
1.24393952997222
2.38979958026337
2.47980742059271
3.31409258729319
3.89387998358256
3.4307636616687
3.3460615602355
3.92859253098214
5.03311730926443
4.1499526025981
2.55954256842018
1.12548360749692
0.995723715922566
1.7693126468246
1.44293561926468
0.329435377385979
1.57708245145277
2.61048167919521
2.4015728496088
2.82472560201245
3.14571437656428
-0.00635984073211748
-0.316627765174253
-2.05562161422118
0.101435413385444
0.21982692872402
-0.919622093922972
-2.05968850718672
-2.43957027419942
-1.75628751149529
-1.34417090426587
-0.84350989830253
-1.47368766341787
-2.53356698416073
-0.919262596576768
-0.820057441747962
-0.955268902586862
-0.184932594545132
-1.81108006838984
-2.54675982919132
-0.953612736758551
0.295424043710099
1.90996133367158
1.09093471314375
1.25927870072642
0.297331147877971
0.752324445133069
1.46187618266485
2.86219343589358
3.01943216461045
2.95766537912816
2.04291903048844
1.06832194707051
1.6060615997887
1.72490477743973
2.62822403575943
0.875733614223563
2.16663993390145
2.03885395461278
2.63650017564334
0.81761981922376
0.873729278655825
-0.518124314899635
-0.769778581845293
-0.0993452713527312
0.319246209761834
-1.87179225431184
-0.575272684161102
-0.903340204973935
-0.32656237711078
-0.0131701252545019
-1.49141779793829
-1.93891534806956
-1.4298782749769
-0.700468312600829
-1.09217095766603
-3.53047069758643
-2.84148140862004
-1.78300677364124
-2.40950286827617
1.00618530428483
0.291054856036822
0.883235072818122
-0.618081568342301
0.0476990410623985
-0.153776374518924
-0.423266726204124
-1.13747518831021
1.4137378176411
1.44178590805559
0.691767798235386
0.83283711653198
1.8210059560198
2.24953879166959
1.0261617555404
1.56202425374249
2.57532266362506
2.4118877210196
1.27148418387027
2.37089808792238
-0.449618793957523
-0.272182097932094
-0.0398740611447136
0.267282114090023
0.491265082781618
0.100149741479275
-0.267122286618618
-0.121373053528705
-0.526470490724909
0.867618406731787
0.0224538356169921
0.885410253087856
2.57334011237115
1.84135014870395
1.8201152870736
0.920502309902716
0.57365938302571
-0.321542207514622
-1.15489099256038
-0.848587565294755
0.690180004163041
0.115112569271747
0.226998127309152
0.964797691634893
-0.696914140591813
-1.46303714162399
0.490307231210067
0.943937475220365
-1.10476821893591
0.0835099338838777
1.32372990476801
1.00631080639186
1.76632051343721
2.4420085612695
0.701446137968077
2.1397919927352
2.94270031174074
3.09106376532899
1.98843211882044
1.17331422077341
1.86010747198747
1.36883861127528
1.86101668136513
0.709458683093781
0.3477475625396
0.229172898449706
-0.0311389965664155
-0.83204632473608
-2.18243947639518
-0.991631381487408
0.871924431001393
0.777122764777347
2.0972673363648
1.66675292260874
1.48306722628063
1.66184482889526
0.87121601271334
0.790069849034065
1.27611030340247
1.47321064295062
1.25873878196677
1.23192942952825
1.58400437028985
0.796958041735234
3.11624437032756
1.56206617062361
0.994065785888599
0.981085652641236
-0.213757423945265
0.208504861824563
0.0043937952142758
-0.415785588104755
-1.37600758205377
-1.29689290047025
-2.29196198207697
-3.21853511785684
-1.1904410514126
-0.514840416116108
-0.70152579718807
0.930372647226844
1.36723122628716
0.295247417677906
-0.9551694460978
-1.52322855490984
-1.43052167623127
-1.53864864284878
-0.9088361003824
0.19333511413142
1.33638418159108
1.31577354391613
1.23740740650289
-0.543610782223184
-2.03940317848894
-1.63100197642897
-1.06881548564432
-1.23761447770422
-1.96720909137665
-2.35035008669698
-0.618965592721759
-2.16883455346565
-3.37396687839044
-3.21565263903511
-3.28901427237332
-3.96112875893526
-3.99675057400576
-3.8116588921397
-2.23291188530965
-1.93900795900145
-2.76655559096902
-1.39688778715986
-0.907288755047606
0.670106263801182
1.97069117651881
1.40867396628106
0.302327615461197
-0.179031554874952
-1.92195618470721
-1.15019718422688
-1.22598619268574
-0.745674386285986
-1.54317676854454
-2.4773023115386
-2.55350240189406
-1.27875927509602
-0.13347372557394
-0.943724309242926
-1.29465382489196
-2.57903330744135
-0.981018824361344
-1.86656257178872
-1.02102280745271
-1.54185844423878
-1.62408897262138
0.125721368850488
-0.778338634476463
-0.95209678536327
0.159315896033274
-0.681912842821703
-0.477220582234832
-1.37135145052797
-0.0193941047453561
-0.979412114573016
-1.80561103850855
-1.2335713331433
-0.974613917580242
-0.150092034713093
-0.551607363804586
-0.876800535437848
1.51323249916611
1.71960578336647
0.783558096020539
0.180650782448122
-0.34927052805334
-0.26130012023979
-1.67952433108719
-0.876271138838158
-1.80710180345314
-2.14034440871169
-2.14168502220986
-2.32300336534674
-2.56167876524318
-2.28445358397905
-2.44420668021365
-0.877754117363335
-2.24025671430775
-1.26346549057111
-2.120714167423
-2.649810622196
-2.66398274949704
-1.09749841284041
0.31884031561947
1.46762749578255
0.840386016194686
1.60662216286204
1.55443504202533
2.00903798145913
2.19152363241809
1.17661875465858
0.472513575881185
0.888375404133901
0.228149388173604
0.50430821171539
0.363082237998019
-0.313414267411313
1.23243481075873
1.94821489343857
2.23569106103682
1.66541288784836
-0.700424979221743
1.82478961700859
1.63887869670665
0.485176469054845
1.674527393393
2.6342992424377
3.11763393066338
2.78418124272186
-0.0273874259113196
0.419483235848265
1.21588006311462
1.49556881004849
2.56539364278875
1.72765082207741
1.25469065501704
1.87638910531109
0.896588696109794
0.362664075307317
-0.271923951508358
0.484293392143152
0.558097265773855
0.54023327205161
1.66332839067832
0.578969418245763
-0.748021537089403
-1.04726834741207
-1.68388146349535
-1.48626936203137
-0.614765599433615
-1.22107646182421
-0.706909098469532
-1.61091016724646
-1.09904138351164
0.0506764443105056
2.1889446400363
3.59528676136275
1.61774732125093
1.11382925786016
3.30096755251126
2.02728278476345
2.46703451789134
1.95528537376445
1.07736253614032
0.456198491311166
0.376936736409778
-0.0801016620612068
0.937272858608988
0.476088693455446
1.36637779692745
0.635646004928912
-0.176382329371793
-1.54291031572247
-2.07094710220192
-1.51578759915585
0.3369344240343
0.387252668809653
0.0930150510176736
0.392287905427097
-0.871009247130676
0.934238405871204
1.99349182040617
2.61208968562321
2.7459864527409
2.8142167328332
1.42845292186624
0.353516105192686
-0.0459440275509085
-1.26555396738723
-1.16907401630122
0.0698180170001491
1.58514271971854
1.91983729374148
1.6871220704217
1.79252502224764
1.70972558456265
3.40362270450775
3.45225971721706
2.59285653039312
0.444320254580876
-0.0186386362020429
-0.324289807964881
-0.595272480823161
0.150701653889255
0.826612914456419
1.85760766609248
0.349440687520851
1.24285891240103
1.95646193568367
2.46000465629396
0.213838722021432
-0.994747492259178
-0.999362030431031
-0.979829223596624
-3.04406070475096
-0.883916779557206
-0.927133890205818
-1.61794105448909
-2.52232024419477
-2.54653452989222
-2.07029851588206
-0.405163877392864
-1.44471312425037
-0.0786754689486227
0.330776130869082
2.30767304363713
1.04864732066869
2.79583824953294
1.45979172455941
1.05496436297502
-0.306203146815786
0.219886770403329
-0.214645917437038
2.79695467040854
3.18708026066978
2.65559958617454
2.51884555320537
2.18657377347281
0.768609965427236
0.981110929474104
-1.18693485039969
-0.446145819770521
-1.03639623125963
-0.374382089429902
0.0978161682289115
-0.372338047525017
-0.547238990633746
1.34580128738589
-0.493031212566037
-0.327168943816233
0.748634160035687
2.51213754335135
2.04457567035016
2.76479710519975
2.03953570849672
1.73646078017969
0.680471048757126
0.617587479725161
-0.203843768149173
0.999525296361664
0.648126623159914
1.943999537905
0.147954392552129
-0.362793951645895
0.666151058625559
-0.378615892040494
-1.18497458891184
-1.59013800918311
-2.31439406468343
-1.34169614082133
0.0298549632769898
-2.18184716740374
-1.41269900342251
-1.33754332307249
-0.747065419158681
-0.510549294850317
0.940786212398285
1.08566204221662
0.200132659422365
-0.502373705060216
-0.226515403793664
-0.542481844063324
-3.24540395898247
-3.83764588302199
-5.54222985043745
-2.36662525817051
-2.64055691318547
-1.25628383608587
-1.9757611083347
-2.14264988375838
-2.16629624046533
0.840566528626789
1.85502079874266
3.74825257867342
3.45774279139877
1.05676840192988
0.122694726569339
1.94305286861775
0.255723801429227
-0.386082553049577
0.513958619982418
0.0857273822670714
0.408396144489239
-0.522004547172541
1.25977692831794
-0.932065597180172
-1.11776186598825
0.65340034533381
1.09542906110615
0.632338793910817
1.2255763390897
0.390079703953524
0.693819153393779
-0.596643592151427
1.02593724434764
1.65578562674574
1.94411584722696
2.18734947526814
-0.0970061589076032
0.241560360737458
-0.230934283798829
-0.594024461704346
-1.13437976566315
-0.921966703268375
-1.96791026653076
-1.31250313217443
-0.79607522337418
-0.975767528170463
0.407505165549853
1.11185381297328
1.47058418992249
1.58734330775718
1.70812949850355
1.65284602309565
0.846309226596545
0.807933557274966
1.49912936768741
1.95228040953837
1.7730389166521
1.10303778484822
0.854726585667719
0.14144228777878
1.07752530672397
2.0479923287144
1.74453701167213
0.970119254334227
1.08756133995463
1.08882928118366
0.259783042283271
-1.37885460841973
-0.534998974624076
-0.355194108874456
-0.346965986431767
1.05485701857773
0.856265028923746
-0.275921360892367
0.219472691974464
0.291560693497116
1.21309112708466
1.66084265609539
0.631898269806254
-0.244934420045729
-0.450415797224404
0.538605053840239
-0.491099467291554
-0.324896113108109
0.736880555045832
0.710145124419848
1.46185355396012
-0.315702559242942
0.728330744322114
-0.475107989650955
0.382164853678859
0.900005039834155
1.19479141176618
1.82213391826954
2.0500407325361
1.33136511450673
0.569933189196605
-0.19607132337255
-1.25536228448136
1.0676024015826
1.18687735832
2.52683117963529
1.44108091522504
1.38964422755985
-1.34418519567656
-1.62830605132535
-0.791997146475377
-2.2306673665411
-0.757627643146782
-1.28096169570173
-0.0719919955763182
0.121522549526608
0.953330694539786
0.274033608756361
-1.20932165674708
0.752208268675246
0.539844168277533
0.424739839508985
0.00491124683890565
-0.0324401474536126
-1.8286462426857
-2.79128221780666
-1.22860101936949
-2.8871724796432
-0.279555819790729
-1.05741655171677
-0.943089225286539
-0.335011632234027
-0.690325205130447
-2.92944964354322
-2.17805179507222
-0.402426469764832
0.49814205082609
0.608244351904348
-0.282364184613256
0.874581958412079
0.528106741104211
-0.48532361860015
0.299925895302618
1.93888302550602
-0.183761744123782
-1.73933229985682
-1.04439820239838
-0.771813228145187
-1.22665514135747
-0.656319629380494
-0.0546886766143394
-1.52530067789439
-2.04866439012961
-2.20952915392503
-1.78470535843883
-2.12558731461426
-1.72637970610597
0.51462219217161
2.04239622831432
1.67344575638968
1.94782896610936
3.21030801181477
2.77982672757228
2.58525228766734
1.58841058320375
3.68382672437403
3.08382044821662
1.44854456921742
1.4299785292981
0.249053860142452
-0.710465370513218
-0.268237973165469
0.0632868181189875
-0.152691587159187
0.49259685409246
1.11516290979879
-0.155635608719002
0.261821117468518
1.86069531613342
0.583980434125241
0.402510057075808
-0.403332917458025
0.292136912957803
0.189567802355163
-0.00706207227681382
0.203921048638783
1.35190030189264
-0.831412717283496
0.337129428383048
1.58986823940539
0.284381040130913
0.850531754005871
0.398823700109508
-0.754466020524138
-0.889601784623465
-0.66682585057324
0.566755341840079
0.639098785364799
-0.324765098442775
-0.3667336096322
-0.0535660447489261
-1.3504352183933
-1.02669011696439
-1.0863236722273
-1.1051253798574
-3.75629104911999
-2.50516807474086
-2.80221081236045
-2.0986401714732
-1.33210592258247
-0.788507354597463
-2.44878130838884
-2.85342347069133
-2.54484336687479
-2.47976697625184
-2.82414896571103
-3.43489941403605
-1.03622740073445
1.25315072910823
2.07982161361626
0.870515350398527
1.13361902597346
-0.525289794519709
-0.422514609954207
-0.646002448318489
-0.788465160945715
-1.05627494376219
-1.45801601896807
-0.433727128264674
-0.734340099497728
1.4299106172125
0.612813649218653
0.212335090617523
-1.23113941980186
-0.411767495671392
-0.493728732391393
-1.03263401412761
0.00726560610395688
1.83157258016148
3.5743250928923
2.43114713434124
2.82241025848887
2.59688122305739
1.96720465330033
1.28447662277498
-0.421188226481954
-1.44556481177846
-0.358108863191413
0.291900570677231
-0.817614807302842
0.17016624844636
-1.15405529591515
-0.656141993201987
-0.0193222073038708
1.52892977289383
3.33360327607715
2.74553303110841
2.67950304461696
2.23251411567107
1.02806149669314
1.61086562650937
0.339898121351616
-0.347883332755129
-0.117253694990924
-1.3490910109954
-1.18528942773851
-0.575337244479522
-2.71153027049055
-3.89960591222199
-2.32773009961248
-0.73756886366437
-1.77479519428374
-1.32097305337751
-0.451558380051632
0.829291830926509
0.995059396426178
0.315114789784802
-0.184894955611778
-0.78688195870743
-0.897074997017558
-1.32180182961937
0.418892580909452
1.67569104039436
1.89515911151034
3.309875920802
2.60123556875385
0.283824764674701
-0.113516791289865
-1.99820156284131
-1.75130968830256
-0.6833984839645
-0.125603119344088
1.15139662579241
-0.316994538231493
-1.37315704233048
-0.44427190828674
-1.80528364042254
-1.79871573150789
-1.57710790213446
-1.3641851548451
-1.47778516714175
1.47193741240859
1.85202813532339
1.59328450295868
1.70915237187672
0.906000336521611
1.32536383733572
1.24937262965473
2.29112642007536
1.77578147920655
0.205546198544037
1.12893063439835
1.00102212659344
0.527020392751339
1.64381422193484
3.21898179055618
1.91258742566169
1.46300117475895
1.46498418637305
-0.29352407357315
-0.362056079340738
0.424979075381364
-1.03113931646975
0.389384877406638
1.46281296459179
1.78690320812883
2.3030489319144
0.1813161981119
-0.0259069705555074
0.152146176563827
1.15502221074736
1.31304281282301
0.303747125168785
-0.991611760397502
-0.657879925725142
-1.9434413239014
-1.60530207205315
-0.288273377691118
1.51065385656475
-0.581744103105901
0.668765452126632
2.11978566640434
2.0786467695787
1.32235235450436
0.95089346209122
-0.430595778020407
0.239015757082577
0.615990958468786
-0.866067709399641
0.251238227856001
0.339469421043837
1.33290035353131
0.195748930239753
0.320162043787044
0.133030684020174
-1.47177432594605
-0.739932882987552
-0.0803795504805102
-0.991693491276796
-4.03967817959077
-2.41961638553253
-1.96761034494504
-1.36765145206294
-2.22738568051832
-2.59775589440719
-2.50294898191507
-1.48119939126593
-1.53372661751575
-3.16179612273435
-4.66463392776765
-5.01222098840893
-3.64827592028759
-4.24235897286915
-2.36882805826204
-2.7450770664432
-2.00645653955144
-0.0125493053122212
0.52536899816109
-0.303906302437644
-1.07521134319653
1.15820621290136
1.56358249309151
0.579300716187674
-1.60814521164547
-1.45027037005256
-0.599404007951876
-1.38496648434858
0.185610128333304
-1.02934028402504
-1.8375431154663
-1.98675244644669
-1.43264171502093
-1.50039762783828
-0.5914758275122
-1.40012320252774
-0.750966202988665
-1.76030993432784
-1.74527439256418
-1.74417783030883
-2.60674033896805
-3.84008394731906
-2.87522190135773
-1.88412381528261
-1.45054174024985
-1.42205633611546
-0.889070473807743
1.06713433515204
-0.685348459898838
-0.0230397819546538
0.287104092691238
0.310431245866432
-0.881344179672279
-1.09546481345906
-2.02885666238078
-0.894775513801402
-1.80970740928946
-2.25905226899681
-0.297133832572974
-0.689276833483874
-0.758919559189039
0.0830272324386542
0.675566076446726
-0.17538646586639
-0.990930418207793
-1.57422690685006
-0.326065467194162
-0.154706706646896
-2.12837209646047
-1.84342242185719
-1.55149121560889
-1.97060789516426
-3.53786496151126
-2.73146416354573
-2.80551175870341
-3.75256896956095
-1.08494943547954
-1.15987181709103
-0.783227379439402
0.620766298741651
0.380572586480911
2.75796684067487
2.39198614875636
1.78607057223035
1.02088225400938
-0.121462786699745
0.68816328394217
1.98863702342473
1.84360678968738
1.03848099803771
1.34595059389598
2.52917834299189
2.4495286218863
0.381350385824008
0.376930646508771
0.591839780732564
0.526512577216989
-0.164224125169454
-0.301112068583115
-1.02520879856524
0.173710765113273
-0.137857700161249
-0.648710548905603
-0.117750078845177
0.975979666845168
0.9681271307051
-0.671175203688472
0.0120381258615677
0.18026637579532
0.566021116910004
-0.641683326960088
0.244878316423879
-0.586690048616778
-0.327900050923315
0.484845582152339
0.010980463204286
3.16040353240382
2.8638340878281
2.26631059948143
-0.134052588686864
1.37291817716059
2.19589212836002
2.10846153357162
2.17458229140615
1.39011856694981
1.37528505462743
2.81931637371025
3.78650103626914
2.52142256985866
2.12295651553188
3.42618743030648
2.59005487054814
1.80665974383076
1.11097189316543
0.487198102253909
0.83058626627203
-2.00043034849633
-2.37494856312589
-0.705991776372492
-0.256671279804514
0.45357821388285
0.523800264469714
0.122263811818171
1.12171587673493
0.877353469737536
0.194377045395099
0.032802288249497
-0.875464734669952
-1.86608644609046
-0.902194983746801
1.4546424340987
2.49387225826767
3.40613834256171
2.85618130827875
-0.596398570255868
0.377961741241857
0.00549408913778804
2.48929868098022
1.23384638751165
-0.704350853537281
-1.0919141757711
-0.354506319027399
-0.690962770105383
-0.51484859053737
-0.946688788134962
-1.28362494743218
-2.31054185087225
-1.58712658767475
-0.320137999738068
0.952114572634646
1.74336296891253
1.11486785827007
1.59933342613269
1.58592506330861
-0.667860937807101
0.875607169059057
1.1927301051787
0.378784967419845
1.28398382122015
1.39782773412794
1.55853464442521
1.4569897018842
1.45790514763046
2.61782209627602
2.0037663785245
2.20270530706166
2.7750891539873
2.77429162246094
2.70365829111396
3.62792631999162
3.35690521701649
1.97361492204188
1.26254560750568
1.32549917909315
0.915136276277192
-1.41144842181922
-1.0192248366586
-0.611192957761528
-0.892008512835225
-1.06850171427155
-2.64516992530853
-1.75285875400208
-1.71307202716394
-1.2779678344989
1.44128080170053
1.00223476514748
1.44617846660048
2.26507684313342
2.03321624696045
2.60456444982744
2.54923249147708
2.56857079388971
2.78488945616719
0.949149312363344
1.79095507937189
-0.712811186602379
-1.3395197009546
-0.891659162115502
-0.898457670694249
0.518456885014919
0.212153359789745
-0.826788550948865
-1.92919340761997
-1.39558766971423
-0.589795054506215
-0.642320371378416
0.966971567729298
0.272742666715593
0.717001964802274
1.76183533752739
1.23775831470153
-0.691477102521607
-1.25256728783255
-1.10560016823102
-0.646115003129915
-1.07609451773986
-0.462263297180974
1.44722073523989
-0.34630178432844
-1.36724483178094
-1.84997943349313
-1.04791376486261
-1.2697830957652
-2.99816852636638
-3.12279469265654
-1.6182350160688
-0.577723753458137
-0.14235709166024
0.309945409367588
-0.605789396805485
-1.70922575922311
-0.721061683302397
-0.614672652236407
-1.60180837266748
-2.74176354053869
-2.48049802477439
-2.32140811973757
-1.33325858376202
0.444708025580597
-0.327210550505829
0.783345680132523
2.46725047118386
2.61264560264115
1.63329909106483
0.591711463608639
-1.22343556479738
-1.48085796314601
-2.18606802061207
-0.962419946055699
-0.570345147268915
0.0374918361759296
1.75762224077187
1.71402035917427
0.784247155125018
2.24771653960643
1.43627314816606
0.117228372410257
1.00106054302967
-1.43895302523302
-1.92278538983703
-2.11519922903492
-0.880003268850484
0.0118483979055101
-0.420464051352911
1.13311393249645
-0.22236806058963
0.718609198164357
1.09005316093453
2.81767747399201
3.55634108279765
3.92422095246447
2.58733565333581
1.86084139013208
1.96754331653522
0.820682440831219
2.33051033642178
2.73521819506215
2.30241349060696
2.25415169020313
1.55272599853677
1.94130470041028
2.15912976193213
1.03853706156386
-1.17195485250956
-0.351097373236527
0.0399683006050987
-2.9869999585169
-2.67318794972655
-1.82002039378811
-2.60095693959771
-4.48795282189504
-3.37225611572156
-2.09979638946741
-2.85610510070003
-2.28816372087599
-0.899256102620388
-2.33166994800537
-1.717693309405
-0.133604891844241
-0.33788604346197
-0.82630692183008
-0.247814203121046
-0.0956629640268465
-1.12120894157826
-2.80546859273233
-2.88766704059556
-1.59261355240713
1.40950634375306
0.98592903496362
0.858687380974922
2.12437212517275
2.06113017530521
2.44651761074034
1.44101506821757
-0.15244624705716
-0.297365419254883
-0.897109012012556
-2.67725720008597
-1.96527832896305
-1.38667838448491
-0.470672960205601
-1.76536439854061
-2.58039537408005
-1.60650379756503
-3.27262883297374
-2.97851865066922
-0.853799021201068
-2.55321710766333
-1.94371039321031
0.0674063974492585
-1.78936659104319
-0.867150579225201
-1.13555550487478
-0.377458467246588
-1.50336682093992
-1.98635445907977
-0.92769515287318
-2.08659796688382
-3.07376806514065
-2.99684826742164
-3.61138553203124
-4.09451554669605
-3.17623585689495
-3.34066639540498
0.00341060347065003
0.570275160873392
-0.106791226734414
0.157144159219775
-0.424861821798091
1.44886224005287
-0.0660742145782316
-0.412193943626459
-1.01469119852025
-1.92718106209568
-0.431917517245515
-0.182865017123609
0.314873078334148
0.832795673416454
-0.000619229855682524
-2.16213822597852
-1.43320998628868
-0.65054031315808
-0.602860754078437
0.498045598052865
0.444584180070776
0.506209812689757
1.43660740570807
2.48947246966324
2.77647472404243
1.95271543927739
2.19050477162626
1.72552737599418
2.26486130265319
2.43645847216139
4.64770250099832
3.54270956175363
2.0974462765604
0.882669153388571
1.7938043741955
0.736315107816033
1.05955746395478
0.218865565264207
0.619147180616043
-0.710148033643575
0.827016978766767
0.697579174296596
1.33892440294188
0.169079054092225
-0.0873302489344674
0.228489922374707
0.383580880932322
0.119615447305495
0.677740468278332
-0.959647466629752
-1.34138031058378
-1.07828043228385
-1.42580220097435
-2.28612363504512
-1.47328118432398
-0.89375767511611
-1.03735545125818
-0.92880853621475
-0.871327817667914
-1.63870285852109
-1.15347654282631
-0.122851647476021
-1.79898199935728
-1.14532928560523
-0.230500431171298
-1.63728298361785
0.576317772603171
0.738852070906618
-0.411519731975239
-1.40424533977405
-1.37983238663902
0.249416973336716
2.40541449448056
2.57712731453186
0.0251912274219062
-0.226905001986471
-0.498886387853163
-0.820613363268832
-1.48686625913167
-1.37328875212082
-1.64285966246993
-2.18715324744952
-2.11784132436714
-1.98900314469919
-1.78437557853285
-1.58192417307215
0.106539456173335
1.97394596545878
1.19565258113645
2.31019307583885
1.5478491291553
2.02364364123503
0.984347472704434
0.578807668240368
1.80520888209722
1.76563764277512
1.8621684128098
1.11067345962813
-0.660409485975244
0.695221137443626
2.1707231058603
1.68767274890886
1.51418241096715
1.38654203992346
2.46823435276755
2.02362592453724
0.937766873435922
2.14432747929308
1.9983752165564
0.397418675853538
0.186329823661635
-0.201360105312419
0.0350556365520304
1.74738024240591
1.81101861465317
0.285692222983373
-0.288079441470796
0.298815440006557
-0.113310805638959
1.66671219424438
0.834119385000051
-0.000869590672549547
-1.2543097167915
-2.58605208405545
-0.51369555896834
-0.619140631326896
-1.48346826186954
-0.479881524600095
0.0665463903975789
-1.33959498839427
-1.20422435814176
0.337025239703431
1.27378153005318
-0.644887876982084
-0.650663062913452
-0.560461354736823
-0.76782166993248
-1.86883778580192
0.0874483801667523
0.753611090545317
-0.47130499717348
-0.907306472214832
0.973180586294268
1.66957855750456
1.59527725959503
3.26513430470752
2.36820163049949
1.5313517709827
1.64245441635963
1.55928011941038
1.10870793363665
0.0968155809859936
1.17092766754378
3.77037635233253
5.06106152205623
3.38700734848859
3.50051006736952
2.40553994345534
2.15114295323388
1.41452334888373
2.30059751831868
2.46489761666487
1.9964090777737
1.34683117726463
-0.0134606114909583
-1.97527631108449
-1.22322759646545
-2.25308241022537
-1.79301606695853
-3.37314486132549
-3.73019813922796
-2.93596509551311
-1.59687482617474
-1.22907082445194
-2.77095031955702
-1.70474770570033
-1.2233532833852
-0.0134394253665339
-0.404575041785558
1.32798226731342
2.32559808805685
1.13822217023789
2.35989250808239
1.85821533820012
1.3654097191854
2.7436445043245
1.45271900406163
2.3143343275076
0.606612325922898
0.568135073818909
1.21849017968793
0.399668390133154
-0.353352327731323
1.36054722700104
0.484008244304245
1.30352261297133
1.86195796781004
2.82313493218662
2.39208885176623
2.04231594358977
3.37452279108761
2.65322733990089
3.07758504663534
2.92929861905474
2.39764854044573
1.48698878587463
-0.250811136223436
0.5374417917936
-0.882018185697369
0.349058386739903
0.917327054816712
2.60840223826848
0.940770503406133
1.75816319975425
2.86558054538253
2.5639918809864
1.01496118099471
0.646765409676537
0.222799024769359
1.16557459005618
-1.25236450543641
-1.66521866808494
-2.7560709940811
-1.95265875696058
-0.860299584322285
0.0443411611285789
1.29010769021608
1.41258866061633
1.17102680420235
0.596500989101909
1.22835367209672
2.84397108062251
0.500940756777247
0.108208925338692
0.969904311725602
0.778317806298503
-0.137191781950545
0.705244307654967
0.107947733299455
0.958280655370595
1.26584690275191
2.19248206810828
3.20623854999438
2.78468982983527
1.4090159765218
1.78094724356915
0.705631997601392
-0.138393125087809
0.370589743987864
0.408993869124796
1.60970422438877
0.2861179286068
-0.670936369105752
-0.694850679631317
1.12626776190007
1.24456315416036
3.44542353563901
3.37092234496099
2.05320045122677
1.51446328495387
0.345494019044091
1.63701540153221
0.209350040952093
1.58538206571935
2.42014469318804
2.75475503368004
1.77768162506129
2.13322762865606
2.15255783410858
1.18400935331584
0.318722900248259
-0.85181919495262
-1.96478719510118
-1.97867248918075
-1.55533846434399
-2.64639390219618
-2.39627606611962
-1.79003416044007
-2.36532032738635
-3.9620482984798
-4.10491905827272
-2.34644042170653
-1.30638088323997
-0.54005739691375
0.17948583902024
0.283895932239319
0.983606735217113
1.47344853094204
1.01672059862137
1.8077177705202
0.933148347541139
0.814251191443878
1.52469417952119
1.07288324768031
1.60706413152186
0.0427734840713481
-0.884462765209146
-1.30337390221716
-2.88586484239447
-2.35653919080156
-2.26801703196818
-1.34328255373161
-0.71619712437667
-3.40354971023163
-2.38079288818174
-2.45232446210103
-1.46819785049036
-1.843602924991
-3.13266863803324
-2.47516601267503
-0.808744099340228
-2.13056207238684
0.0290487071757937
1.34914494267535
0.645596344116966
0.11672900957986
0.570403434915214
1.58880103052139
1.15182734404909
3.50598716723897
2.41945993907876
1.96494849819313
-0.584245775562999
-1.52017561955216
-1.02074513572625
0.268042517789847
0.492279432394419
2.07709699953391
1.53902206282863
2.47350107289077
2.78552192907471
3.45678830223504
2.36089273642466
2.48940638378555
2.39043054495548
2.39921766402064
1.91443227164811
2.13450645698502
2.0205779911097
2.05395705670063
0.149596769859806
0.0152282077418312
-1.24933682354701
-1.55615327158107
-0.801898824469258
0.0719893280275503
0.199042156039112
0.589719786396427
-0.287163650172213
-0.0447528589319756
-1.79414079139713
-1.72839754638095
-2.22422354029892
-2.42433112698756
-2.43861458054916
-2.65804538838561
-3.05344416087619
-0.943137136790424
-0.454245631094598
0.742163058225842
1.02253057058483
1.1488785269918
2.42472018787331
2.59626951123123
1.62521933080818
2.20666730161805
2.73586115275362
0.900561318688626
-0.0528567025577243
0.869260437948607
-0.0420264940533147
0.0260737150567239
-0.610183400828176
-0.780461292324879
0.772644780952646
1.29219333175053
0.536108555850956
-0.0437725400659257
0.425282689652556
-0.850145164183991
-1.7740712747846
-1.95150624961845
-2.41879777163571
-3.48240057519685
-2.56730347351687
-1.6674269667754
-0.361242647607466
0.210549701907693
-1.19654615360954
-3.24461961778414
-3.6303381653545
-2.75492091569374
-1.88419260194468
-2.94685578552713
-2.86468738844224
-2.68322012309666
-2.40110636399931
-2.35688724369603
-2.21509653168783
-0.0387344403387417
-0.592269481867548
-0.0254907154914875
0.040736226427286
-0.664173220815852
-1.78752692447047
-1.80068007572835
-2.01364455516399
-1.83367518592143
-1.93215656487256
-0.63077772310841
0.756560087662782
0.0454457476556195
-1.75409364130646
-0.360846139240156
-2.0604397369248
-0.915296116207352
-1.13622302180982
-1.02675023962969
0.104636951237048
-1.70690289271792
-1.20380036952022
-1.60181300553682
-1.89007014629488
-1.41872291014718
-1.75402033645541
