1.90893247973456
0.693329937164226
1.40836343519612
2.14140002037126
0.284383120463548
0.539452145883252
1.4663526326316
1.586660714189
2.28687935778714
2.31563634194083
2.95531674591632
2.28239973339083
1.7067639735196
1.19283700173389
1.93744522376676
0.784055720762989
0.11034738899017
-0.0401220581694544
-0.764728123558451
-0.568392593613404
-2.36144622929908
-1.41914929559072
-1.93580463372715
-0.87688357113787
-1.27593544249778
-1.9932597111668
-0.573814430900601
-0.75435677702517
-0.769739185676525
-1.52288317215077
-0.448771069340378
-0.782596448244571
-1.54976747618288
0.083989566326875
-0.240733472878582
0.36508326096939
-0.822654465950594
-1.08643914278838
-0.43697925185521
-0.652088897652946
-0.362919949487085
-1.56476903018568
-0.760784200861114
0.229573787230719
-1.59191507304751
0.436137089038647
1.2806800593435
0.689628050501535
-0.802483544826329
1.40137493202798
2.07377561285479
2.87522145853499
1.24448046436997
-0.0961282649565505
-1.74211952686174
-2.42640853199366
-3.4711157693438
-3.13349955923754
-3.09852477742914
-3.28461525944913
-1.71808634380595
-1.28380526926098
-0.518104912073806
-0.0581845059519394
-0.794927239224654
-0.553338029752777
0.136923956568483
-0.640940750849313
-1.25832753500291
-1.99415634355748
-1.54234025808302
-0.191610417626796
-0.0200937257575619
-0.155975814124146
-2.37288412136733
-2.25149571964856
-1.51595608120045
-2.11764583063926
0.0455761796743241
0.656494280579593
-0.58495475553339
-0.117998440842687
0.858336371943367
0.644070665679023
-0.595472716323393
1.04832289015329
-0.205192405027544
0.228284571148458
-0.552171750662677
-1.31293458679015
-0.371380885108616
-1.85982667041267
-1.95250478089523
-1.49840537678776
-0.951606959502963
-0.40660437725491
-0.169799789232333
-0.778909351990389
-0.800373264126912
0.491948642438365
-0.782688447645711
-1.68132925301536
-0.302269228743998
-2.14771076494306
-2.42114105853938
-1.93842491824287
-2.20888546641634
-3.05430046275194
-2.39124518370683
-2.8282786826898
-1.2967012404471
-0.960709313094912
-2.09762796384062
-2.70456828486754
-3.24470999522822
-2.95580411952336
-4.04252689286539
-2.65431132848631
-1.299416122222
-2.65765335115895
-3.24936146183342
-1.50511913534639
-1.82099969097412
-0.789076890533463
-0.249183998161021
1.157044182758
-0.204226544456502
-1.59035885348147
-0.736405689339095
1.09700211390737
1.83970817666272
1.45281739689079
1.57610361315066
1.82449517471038
2.01424778498802
1.68161811873707
0.135077304531156
0.718374185542485
0.448877871258292
0.251682763916045
-0.0148519589158723
-0.187796697768436
0.564007621890615
0.401887881916652
0.705180525900535
0.974213203547623
1.04842270907251
0.0727734404497753
0.0148682008305684
-0.059730518213886
0.989001034929925
-0.320724181542652
-1.98501336414336
-2.67652705253069
-0.699583436939819
-0.992507348164018
-1.72530471578924
-0.0430577482564802
-0.326509848491342
-2.10565481434009
-2.51092323791978
-4.08466928368793
-1.30069489445763
0.543897149705765
0.0344196673967659
-0.556045606625498
0.363707286911614
2.08340055809362
0.886025543495641
0.837348055574064
2.63096345970037
3.62550740232787
4.00682512015235
2.24451240674769
3.48081020691195
2.39808942710876
1.46106519562817
3.53805602958198
3.62897838924448
2.36890653688582
1.0095997258892
-0.131232265872736
-0.999168374009567
-0.373588641986035
-0.065278013724261
1.38960002824504
0.168394529037688
0.41615974773614
1.80842118328256
0.123006056382472
-1.49088858365671
0.579032041909168
0.75004571993924
-0.936741225925104
-1.73481703542369
-1.39124792538092
-0.760951723949813
-0.329206957674751
1.70554332705885
1.06409459251648
-0.596250933363039
-0.0313122431849736
-0.0681609057207558
-0.991117238459787
-0.214763202536333
-1.2922132492228
-3.89944145456966
-3.38842575835987
-5.3595006578824
-3.28703020094928
-2.86595115040804
-0.365681445556569
0.135825082206508
0.614103550354377
0.904748623042591
-1.05532160817922
-0.383369402618089
0.163092147827314
-1.83138450092809
-1.36553651220847
-1.80599179540879
1.06660458022276
-0.560623279065148
-1.33458603283728
-0.548434715709555
0.176527893279884
-0.321183727604068
-0.440235396303778
-1.37437924223867
-1.95618815782198
-1.72348478718769
-2.46636041312783
-0.681122044600678
0.705104047380117
0.650323467577538
-0.038260714543172
-0.938125847465205
-1.51790341527786
0.494297952357465
1.61171725491288
0.917003806609145
1.3751272688289
1.89788065490712
1.74557236082448
2.72528139506742
3.20901767758546
2.51817865847192
2.35184855413579
3.06099836605648
3.55752494051202
3.26023104761707
1.56600947027913
0.668504730361345
-0.70688236694723
-0.166743369533295
0.29236280025916
0.824875261437626
1.93049387695288
0.351699421417547
-0.0197544462392059
-0.198670673996234
0.579576344630372
1.01638604650944
-0.505932517425398
-1.60157135530046
-0.229714493708203
0.52019679222838
-1.12820662327178
-0.579063156340584
0.172595239059724
-0.198285309683034
-0.0519150051583903
-0.0904759664583089
-0.135548126826109
-0.599656978261006
-2.09979624282292
-2.87464065833988
-2.71580882886423
-2.61397479269871
-3.01288194922262
-2.41015972679628
-1.65672746424121
-0.872320466279038
0.68458122719763
0.792089243927422
0.305784806983479
-0.896962087900628
1.43666202684474
1.18613384167068
1.43651587523141
0.701171468129756
0.524341111380139
-0.306438931854696
0.788853483594809
-0.674416851420773
0.531918229722606
0.46953474657761
0.910378219466705
1.30279469677863
1.11531333580905
0.697420160328523
1.51511867254568
1.35542968808402
0.267685508683545
0.655027924785553
0.340728413677377
2.40317303871464
1.82163133896508
0.64814866825077
0.551219198337335
0.998338217507208
0.00819410087094841
-0.674768658172673
-0.630368071696899
-0.218809009981499
0.244938697999983
-0.349387990395365
-0.46082029725314
0.0876845973898979
-0.205041849789463
-1.70794025736523
1.46270864720632
-0.455054030296212
-2.20364581873745
-2.22582018972591
-3.02900030655704
-2.30639507202711
-3.70168995421442
-4.32781553219414
-4.81660092214751
-2.03401257506736
-2.16217439550726
-0.208303464900037
0.158804614777895
-0.676752357920826
0.128851664895298
0.611483387906055
-0.201032532897488
1.44226246590878
0.459100453184575
2.29378841577123
3.19964485212915
3.89322902036499
3.22907653406901
2.0306167177581
0.471145866983762
-0.643392640128626
-1.09204758145017
-1.29467478009924
-0.207908221086121
0.993268641334479
0.592411077315994
-1.52747924444772
-0.508515443457313
-1.34583026500129
-2.11405807787915
-3.50715984556416
-2.69607826934208
-0.998131730104997
-0.320795299079152
1.92878883594461
1.03533286097937
2.68760294626672
2.16852099481514
2.76738260258155
1.35982716966636
2.99440088624663
3.30600229183983
2.14677942516722
1.89228014190577
1.72363984081594
-0.211671100981791
0.895300034994331
2.11062889721104
2.27156089198372
2.86333626648417
3.2057291128164
3.96053599662821
3.45999161994916
2.25756962971327
2.50358823474013
3.14831457113405
2.35665969123916
1.42146441879294
1.61216520219093
1.92779903281871
0.226355535411199
-1.22947608323116
1.37007708822721
2.33344719400686
1.47057384349326
0.298015413096396
2.03152530508294
2.29816751305931
1.73591456018101
2.14125927268487
2.30562578797243
0.921952994291831
0.625668627240979
1.25996965675331
1.38643275737558
1.08267995352643
1.88902024113046
1.71774908647116
0.599592173993918
2.28162475280056
2.23258408052865
1.09166920159372
0.0911818774583816
-0.232995947453375
-0.446398106364062
-1.27239302425921
0.133130102579365
0.230432041618408
-0.101176964675264
2.5009409041662
3.69771165476942
5.19683344204973
2.42512386419867
0.147166213561226
-0.778865227947467
0.097079635528157
-1.06907973074629
0.0541992598929609
0.216344539905001
0.151160378753154
0.2719183755927
0.62981165563831
0.33380504996283
1.91336752147901
0.841010094721972
0.279280138535479
0.808674282863331
1.1358734419422
0.246922515325197
-0.215012392404288
-0.742721666987973
-1.96610039895884
-1.78822331681904
-1.82421562201824
-2.37044598193009
-1.46847517350381
-1.8055683525541
-0.0523433121742822
-0.457567539337002
0.166932526215506
0.116348892737122
-0.0514923832516035
-0.469644801234832
0.538543402884034
-1.04474985568064
-0.804832513980719
-0.751539274438432
-1.17240577809418
0.458583889640821
-1.04650221419348
-2.33573226593289
-2.10497120225003
-1.39481996639569
-2.29807567421754
-2.32060489073451
-3.21576671138976
-3.48427331288689
-3.66639603488049
-1.57070488285735
-1.12897457589606
1.721505625609
0.18778325045706
-0.294395609454309
1.04532549676574
1.72700704563288
0.910517132415883
-0.409563199918954
-0.631846209457884
0.209328534792468
-1.04127783936754
0.088523828423452
-1.05136587462884
0.0461437318082429
-0.864252297694973
-0.362565507415072
1.48733480060955
0.742458112324198
1.54521833661938
1.45604967063293
2.28659450798686
-0.514897419540209
-1.4932136232138
-1.30439163485723
-1.04963839555154
-0.194151114411377
-3.11638073924607
-2.65549880037271
-1.62839816315067
-1.01615934677736
-0.569962903003252
-3.08853743944932
-2.68990402952535
-2.50507691187335
-2.22676357558961
-1.32157228822433
0.265684925631255
1.6158580712291
1.60635798735478
0.114682966510032
1.15521025177415
-0.194206248245624
0.439556117910665
1.35002636432321
1.03346372023986
0.569948149563609
1.29461623377922
0.734993138354689
0.63690984942736
1.98356655805363
1.56803945766376
1.91269874539743
2.49415796163073
2.51468100393902
0.682799733794335
-0.189668219715052
-0.422782222049246
-0.788660612229422
-0.670071133656986
-0.578178643428481
-1.8031102972088
-2.1569163828584
-3.43997926432931
-3.92784527935592
-4.29278393512824
-5.25295507781699
-5.08091466727723
-5.18863701901665
-3.06653879070967
-4.23778335193056
-2.53373297351781
-1.62061860234062
-2.50466211830718
-0.963948475749196
-1.28541881664249
-0.094765278674278
-0.0396908106963542
-0.270057803623345
0.320500641369712
0.0802343038881484
1.55158958789883
0.566571121680828
0.132959006323705
-1.75997922944872
-1.814802035181
-1.60316809705297
-0.288586820506218
0.179718887431855
0.953991342270744
-0.716116842075401
-1.95132464118865
-0.809471355749591
1.04496573901274
1.31227394689584
1.52603525344615
2.87391256266219
2.99335613237491
0.657981713708048
-0.189993167983683
-1.30513724915095
-2.7289272139711
-1.65532123730571
-1.73167606727664
-2.46597647329013
-3.06847081815571
-2.41625626529804
-1.26217076490877
-1.0227084695722
-0.707890567629918
-1.35656120369571
-1.09635461576476
-0.932610724386106
-0.956184896940617
1.25915714439742
0.801890097601007
0.0729349579909914
-0.513102566339289
-1.39475076042575
-2.37693181417626
-3.40701579844163
-1.37471955109635
-1.72974768727304
-0.446784343294786
-2.21165021708085
-1.47119940355528
-0.524103665828176
-0.975425214310702
0.0736779157439515
0.239748578217191
0.220520930086131
-0.625825828521508
1.18141720130393
2.24949797396024
-0.222275914037768
0.733026405087444
1.53646180638808
1.76533557128563
1.51817253103624
1.53168722915025
1.25027961515532
0.675205524002941
2.48881624764472
1.83473723918991
-0.0701586240547694
-0.33741199488685
-0.542153187645899
1.20966999802684
0.050016830041121
-0.814108316279048
-1.06422208815054
-1.00797190007258
-0.465830804232884
1.01103977549246
1.51650727794405
1.28115322519605
0.938722409344238
-0.558639090065851
-1.67877169408068
-0.946531165066313
-1.4469821723295
0.511675543756898
-0.361843989404415
-1.67792693673473
-0.660274462508822
0.429358077310949
-0.214552848167149
1.01152471406789
1.59201317862171
0.494597751251243
1.57991256678521
0.834132403419587
0.928302618571535
1.41601474769097
2.11175597999065
1.8302612666868
1.87077874048239
2.09296593908872
2.90981380350212
2.82785810746315
2.82739137897031
3.10212259435089
3.14128829971734
2.46018286542724
0.861610857264544
0.531049969123928
-0.836327904678237
0.388427647557446
0.672388103907449
-0.390717884506583
0.546805391427911
-1.29015689653999
-0.165467740164288
0.253248784597689
2.41024435333514
1.69718748376589
1.39354235638047
1.98837567074297
2.25184935392442
1.35648972523236
0.672428815062355
1.25663494773718
-0.0221948821063769
0.747915819448758
1.93934817879597
1.7634026111609
1.3282569998159
1.19085669940391
0.761255859129882
1.86545819482725
0.357753636828629
-0.00218712541466354
-0.972471407837538
-0.90170793598788
0.343629846931655
0.452412853246881
-1.37738481415079
-2.46780052118902
-2.41696129681687
-1.83465371286642
-2.75778272096342
-1.66034144333726
-2.38257168153157
-1.01078896569624
-1.27816857104447
-3.30680662216703
-1.70746730539878
-0.436806906179895
1.56800601550718
2.38677252719973
2.87418463714928
2.91581412531371
2.70743801034253
1.7382605413471
0.868836222505824
0.353999946104499
-0.130147973087401
-0.65370311140833
-0.361477962405097
-1.93762611068991
-2.96501563608848
-2.23588441663423
-0.20459363958167
-0.840032262934579
-2.0590178322548
-1.70227698696664
-1.68500337202549
-2.08207333948752
-1.45759491013159
-1.64939211976476
-0.107329001276882
-0.411533041979655
-0.434411221984342
0.552620406689475
-1.32968455083005
-1.37707136720467
-1.12739155586562
-2.88215794548676
-1.82291371631328
0.607443938514458
-1.13054341732685
-1.58633848661373
-0.489843216487132
-0.786072934960551
-0.683528347821389
0.383244484634148
-1.71860866774282
-3.08806555185344
-3.65210168226282
-4.48321609891767
-3.49467173913878
-5.30681713623905
-4.41606530509842
-4.47746710222244
-3.1441798340953
-2.96061281486874
-2.23639769978649
-0.567831283064664
-1.25694400589759
-1.63559656924356
0.458945935387136
-1.53857805077929
-1.05131384682745
-0.327816638133708
-0.839373087195292
-0.523592241491736
-0.507640346048976
-2.41543830353423
-1.93916382049107
-1.2592413908138
-3.14931616272698
-2.03518010866323
-2.86775673534003
-1.87843050845529
-1.39180341952808
-1.44935863859198
-2.41403469740182
-2.24063496053011
-3.34644618289175
-3.13017275880255
-4.73487630750951
-3.97733491557504
-3.85361250246355
-1.9580245451256
-4.05534992528287
-3.21594097133787
-2.06759174557425
-0.618622180868851
-3.05966567382457
-1.72424771012794
-2.14348371383863
-2.1380780487371
-1.98432116498328
-1.6886310264308
-2.48605962248315
-3.93862794531276
-3.46438199057759
-0.956604773714694
-2.34546523266441
-4.22365718796442
-3.32091238101788
-2.65904655925774
-3.10453137342724
-2.72557964475228
-3.24969327474501
-4.18697852439716
-5.26230398375335
-5.6249371609828
-4.6920347596058
-3.67002632169302
-3.59232843108478
-4.24097779181018
-1.88748526408392
0.406759670110392
-1.09778735543801
0.618381140954789
0.409855656791555
-0.120223424363362
-0.20760747463248
-1.26223506745183
-1.24413735530329
-0.35142599911391
0.300467733618045
-1.45543525935466
-2.16306716135348
-1.79849740255599
-3.23555693235619
-2.27086110619652
-2.60379036750333
-2.31315192391764
-2.78988995531755
-1.10720829960635
-0.793496103428015
-1.59848712297626
-1.34463530485193
-0.173711426975175
0.503813050821407
1.17415325403655
0.572475512225356
0.267003012082622
-0.184233479410817
-0.343211052782664
0.300844341706704
0.732445756249968
0.185961374672888
0.974559549909354
-0.109084657349519
1.50689176485368
2.15766877367781
1.5585605542404
-0.558144076784205
-0.0113801952058387
-2.00901345183933
-1.0473781355675
-0.464182365184676
0.566631282727158
-0.571100762930838
0.153095382328843
-0.285701323357114
0.93230118697346
0.644773710101193
0.192688988306368
-0.0274289236841541
-0.572538947067874
0.220789384185561
1.69145305855829
1.72412362419476
0.759483001220357
0.793490381005164
1.69629201369591
-0.620612851125707
-0.305095745479328
0.342078244701423
0.729254763341946
-0.894624206073542
0.338913267401453
0.317430980455683
-0.129582541843539
0.111608464940964
1.84123196598581
3.26608476384422
2.84697365091422
2.44512508404719
2.2920090456693
1.67100728893809
1.15898504990924
0.920004936832619
-0.116066295542246
0.922908822021772
0.667112019456198
0.235367917845439
-0.200414149721193
2.06237411629764
2.12053843966848
1.40557634225744
0.798540520061663
-0.2808864401734
0.603283990750396
1.48053779021371
0.663980781232396
0.303899224910547
0.250979537773265
-0.456413184854966
-1.58047245001778
-0.0506827913878611
0.560919888131464
0.382388457453364
1.37483878071417
1.79551326238921
1.92968306354433
1.38390593556882
1.63708525088892
0.0419218363745602
1.06892440291566
0.291081188309625
-0.644375101646983
-1.72516667346775
-0.312588390950765
-2.20036786979546
-1.15517304915805
-1.11378603341897
-2.8758762237222
-3.52012997769067
-2.00119597123223
-3.34183386115696
-2.57324067693672
-2.40958751358666
-3.35437805138783
-0.332943126939523
-0.212752081164646
1.18695331811756
0.659009920090649
0.655389412464903
0.0224178406612888
-1.0728078247837
0.444385905262439
0.442411477326858
0.0681690829785344
0.00758974294025531
1.03321122857262
1.41799168562477
-0.079226450595532
-1.94296713905475
-0.0212438449337011
-0.0290388438039284
0.0478087475668796
-0.72271399931542
0.0328633964312319
-0.714578184129025
-1.57935181585844
-1.957456975147
-1.47026148399681
-2.60379779855564
-0.423705652633571
-0.733866661647317
-0.640890511472336
-0.15599131527634
-0.303013550585995
-0.747400235002441
-1.20154588375102
-2.15947604603511
-2.06291226873754
0.130159121912934
-0.30710953645993
-0.617380341138616
0.279434714504895
-1.01152306772967
-0.83861938116836
-1.23550042434745
-2.3307965481278
-1.6468258279041
-0.586240878288573
-0.643109561349573
-0.26381527386687
1.3554149049872
3.43075287486738
3.60974738490492
2.94359065053323
1.75760062559891
-0.0815856322342252
-0.218378202444631
-0.215862274825028
1.39621328402332
3.26990954740178
3.2440873038697
2.05535101042601
2.85695937012073
2.41568461662565
1.90922256979884
0.904524275610722
0.0304968576838071
1.43012707169695
0.294289941486433
-0.884183282604549
-0.0529960248254786
-1.78604906098909
-1.20798303765887
-1.08631480903829
-1.27439718586993
-0.378541351913544
-0.767462404104534
-2.19870077543312
-2.27715171294474
-1.85244715354477
-1.91282583562645
-1.54993057246682
-1.71216832038498
-0.314602720350978
0.0252762464093438
-0.201801923355582
0.512190424127943
-0.981222889609632
-1.53804977620797
0.221229830570543
-0.380439496317643
-0.496459334573834
-0.450440692925517
-0.804650845666081
-1.13294515315213
-1.31248760415026
0.364039083275728
-0.127272915700175
-0.0746411304508251
0.851123355947988
0.139796829494031
-1.23256941212058
-1.00345804619917
0.626120892494986
0.136192871037918
0.245578281592086
-0.412012721160578
-1.72952885909352
-0.0396705965048505
0.714917493547038
-0.37024393817241
-0.94121144116177
0.173495529494291
0.879539737234215
0.572196864779812
0.465002598543581
0.358300761675094
-0.886126611219756
-1.46391647923186
-0.978422483277906
-2.04552837648117
-1.4656858651493
-1.69667346854098
-0.284602675249162
-1.2801646758321
-2.13845645388788
-0.403197321902398
-0.840324918552763
1.47469930278134
0.518040125570778
0.810532058988061
-0.141288511209216
-1.28472294295973
-1.15531274315268
-1.15627644131335
-2.12982386157725
-1.99469648297135
0.0231970466051694
-1.10329763108519
-0.560617421046354
-2.07357875638846
-0.652812308130365
0.681775882771322
2.09179863706899
1.16772587205597
-0.354753770698699
-0.251635898847564
-0.279807668899319
-1.88723244098385
-0.804847040788435
-0.79464092312274
-0.667481231754208
-0.194176773112377
0.430179609785712
0.388574317203479
0.826494061693506
1.27349267275818
1.36203440543799
0.59294961525225
-0.379355686458992
-0.144892166214334
-0.76993676715783
-2.9707049809241
-2.13918283369235
-3.28410593564067
-2.07278048086278
-2.09068869911244
-2.48517756677464
-3.87305416671606
-4.75842272974924
-4.35635874232485
-3.80392659336386
-1.17137810790576
-1.01763507820621
-0.288506528442486
1.1759905251425
3.40335258717029
3.27511645284927
2.66214725587744
4.86763471848252
3.59182722362303
1.62680254192328
-0.15365194613148
1.26388282127513
0.306693597673521
1.10197820969955
-0.402952461072012
0.406423202397262
1.43093535857052
1.37285626752991
-0.351236272288596
-0.165684336176017
1.82962904031525
0.825188077447586
0.215430403411882
0.603439666037205
0.400054220260255
1.27414651113622
3.24697444825448
3.03622653379399
2.03677180474146
1.19427177795334
0.351810748550065
-0.250525058259724
0.0892431796969968
-1.33648664002177
-1.86658740436821
-2.44416830906081
-2.97918195235533
-2.14263680440846
-1.4497666384994
-1.78001972173712
-2.75499495945995
-4.28717110292865
-2.69053832931952
-0.414267887969582
0.136146517485148
1.2992835763716
2.87742318157273
1.7542243612284
2.41114075247751
0.53309040435047
1.23510848191765
0.437169588176789
-0.688156578231573
0.13332042464898
0.690086506134789
-0.932549931823354
-1.20948139450507
-0.313075309206622
0.58241353757769
-0.727457245953132
-1.44641468732013
-1.66299286237045
-0.882233498864982
0.931842758812905
1.07290933072781
0.810925360062558
1.38671632068005
0.802192366240792
0.0832117927109445
0.260690515576578
0.485292578209586
0.219774445860838
0.823496218242695
0.231954932476222
0.946659655673184
2.1291411609094
1.02737327527544
-0.319879728571642
-0.297601515397431
-1.01677479476238
-1.58957948492266
-1.40605014025709
-1.49347790811881
-0.614534689640705
1.71763391170429
2.12863621084865
2.2594480202299
4.09616363217148
2.00850650983061
7.79558403176672e-05
-1.22733611437518
0.0283966423769701
1.4080424075548
1.19833448376456
1.23623175207269
1.51168077863732
1.01348987931677
3.53756771513879
2.96352833388493
2.99584951237065
3.19066989705874
3.70342953321353
2.94373758761925
2.36886476629169
0.777544352602314
-0.454014748223623
0.350194223911239
0.481195965711733
-1.2955847543831
-1.63734664001692
-0.536706983925937
-1.49015922100511
-1.62895889628021
-1.5409103788626
-0.580414394772899
-0.183363122400066
-0.344484923274798
-1.16565487459858
-0.290644069100941
-0.864625534967326
-0.877422552215173
0.684639646236109
0.133921874488838
0.959297303384063
-0.108321327628152
-0.330415926276965
-0.945906989808391
1.62161726016833
1.42643268683163
0.448628883610118
-0.833636839402176
-1.06323694948757
-1.83110201414398
-0.747090840054511
-1.64652026442267
-1.95847657074122
-2.37482473116601
-2.86638325886048
-1.00430100801363
-1.92291625067032
-1.15975395555263
-2.08001798058792
-1.03540810269638
-1.84519362975154
-2.54363552699371
-1.93659612357096
-0.363266842277823
-0.0923340672460697
-0.241773494101654
-1.70931884622331
-1.99122524778122
-0.869878531343457
0.00708645362140237
0.752607921648274
0.287470762488368
0.608103760552437
0.77573211723961
0.374952665319501
-0.519390846988324
-0.271715436545683
-0.057482404363154
1.18096104143651
1.51530271590306
1.08537923409776
-0.978786372791917
-1.56986954547554
-1.27018274014414
-2.5646943855262
-2.12491761725809
-1.60449864812753
0.615074486624275
-0.707142421569392
-0.325038160624704
-1.74493002052055
-2.42105996761103
-1.52590794822608
-2.75965837787323
-2.09691824918543
-1.53140879254681
-0.145095496536067
2.54371107000541
1.82866566526597
1.88123786361657
-0.50787866218486
-1.03847544515197
-1.47209867141451
-1.89051545720216
-2.65049129937406
-0.712573761369674
-1.99967071366798
-2.75673094553477
-1.38710368333267
-2.20110760682346
-3.16425516836041
-3.31831562321696
-2.25097374121711
-0.545113875505112
-1.70208938263491
-2.12057384672492
-1.07365811768373
-0.360028510043807
-1.0979745823138
-0.539750966587468
-0.38034845146464
-0.944548505835475
-0.376004500924425
-1.61534263128426
-2.18678667553327
0.359422635988281
-0.238338369457425
1.47587419584849
0.736489619113845
1.81708417864689
-0.936038567363832
-0.789920090463493
1.08393191471176
0.438018744879356
0.381559351347909
0.387260490102114
-0.707210033409083
-2.18494196534682
-3.26891852654993
-1.87271913755677
-0.621459303591772
-3.63379610675242
-4.15276125754059
-4.33758315181792
-2.97727419957247
-1.84037215849021
-0.221524240191604
-1.18915876080272
-1.28701378038268
-1.15704662091599
-0.268146233813937
1.39599092450359
2.07009579725149
2.34213371129799
1.83808503908227
3.11703308207925
3.2117709708157
1.66150597304309
1.0544598992954
-0.407419001353898
-0.866957174714359
-2.00162923959356
-0.92767054200966
-2.32596745809256
-1.57258704119115
-0.376345477198936
-1.70996854873943
-2.70383128659381
-1.95747043592024
-1.48158666728001
-0.986203143555454
-1.95962477394313
-0.0285531270012196
-0.0211132949463681
0.314152269375817
-0.555696543701735
-1.0773955657664
-3.16952517070868
-1.32827198224867
-3.12073229994247
-3.32232883206411
-3.70505470412547
-3.25190857895968
-2.45831522933187
-2.27144887046925
-2.00151974505157
-0.655631099858564
1.31014871196599
1.92881950438828
3.64745642642507
4.93070625585754
3.58286528397884
4.4316663262654
3.39253991639326
3.60473603424206
3.04111764302436
1.29066187508675
1.10833301249527
1.21377158918283
0.501223961022369
1.70754255888384
0.774655520613698
0.10820758345705
-1.10429317891671
-0.680883577334655
0.408229328884754
0.0829613729078094
0.954952838506953
1.1169238455942
0.335191692216553
-0.7838529551928
-0.793787643221966
-0.633341339205497
-3.34962843489535
-1.03959211843001
-1.1321250554723
-0.880076870493462
0.0642996751156646
0.365099558247698
0.522265532681875
0.192433393503478
-0.171347490227256
0.123716995787123
0.105077383703859
0.368741279546499
-0.0617573524219343
0.587403723452727
0.533801216442185
-0.73274500736679
-0.355811254039629
-0.98032997666392
0.0637300132116264
1.74394425477016
2.97627062358278
2.54772126598574
2.6467694915377
4.19880694389272
2.48841948298697
2.28909300182818
0.462937229748026
2.51795842103459
1.60416387826634
0.951255031653241
1.93716104685638
1.31863514480894
0.4045071225646
-0.837473898615852
-1.80644830814243
-1.72541935681374
-1.41891267302009
-0.272904364107455
-1.48874565425289
-0.114343656297573
1.95912258771206
0.47658496954147
-0.942970497802583
-0.469987762943981
1.46914212599327
1.26736750812403
1.85184443822737
3.11096844263752
1.35432077871659
2.78924251724518
1.49082376089374
0.10055489490209
0.149565694771078
0.574439309102903
1.09172148371342
0.358310965839158
-0.699505460882401
-0.225997632018684
0.385201491150918
0.354032565965199
1.31776538021073
1.15020481595388
0.52192695678933
0.65949049073818
2.23059760851368
-0.178589868187679
0.0193219421216143
-1.59687421863054
-1.41818552359112
-1.3211189527461
-1.46761365818735
-1.24692023234837
-1.20885496954714
-1.65321479517763
-2.3204255102195
-2.18776931595035
-2.64955657414473
-1.23500197669526
-0.217803200936975
0.299538739390908
1.0666028372465
-0.741649861695652
-0.202236140337382
0.754832644763858
1.79646130920522
0.380830216856157
0.484187698815896
-0.319966373475595
-2.87628501714743
-3.59678058676917
-2.02084032334782
0.578485441777316
-0.562397904522517
-0.0663948005170145
-0.565113482825594
0.845111310019373
0.86497432392395
1.55746480797174
-0.573718355025402
-0.329568821542181
-4.12786672787544
-2.89686048633801
-0.555490644743649
1.01613676668713
1.12458299490893
1.34673125037928
0.393005090423562
0.510595627412705
-0.334972570818299
0.808645115190014
2.78666532934289
0.38164710844033
0.694942258699237
1.6410140953548
2.0723316793187
2.4676570946602
2.3500468407592
0.625195969668575
-0.048674310339373
-1.25392964211747
0.385420189288802
0.71142546233888
1.24709176567099
1.41691158240936
0.24810721010126
-0.074051085723935
-1.45415827532209
-2.09119309156746
-1.23588152422222
-0.611257529792917
-0.295437261984008
-1.17478557634914
-1.90575891793329
-1.3543595867619
-2.84558006462202
-3.11528495156023
-2.95702955215663
-3.46008757993752
-2.8731562847176
-0.188148149789783
-2.42672308513288
-1.54046201939667
-0.0902443183331698
1.23270020232987
0.1400051563869
-1.10108276413717
-0.156229172792864
0.792587104142992
1.51870971788141
0.908458787979109
0.586870712881211
2.24707757669925
-0.242521810757997
0.0592886990746126
-0.566818471991065
0.705438929133088
0.469041590700958
-0.780079016529317
-1.53813626345733
-1.23423326743491
0.0315305508884205
-0.190013128130208
0.671927520138291
2.04674107097641
2.15449597635522
1.73200598257177
0.848481325147184
0.774224249993495
0.768366779827306
-0.482026794238405
0.461195677367265
2.8190467604827
2.84089737158497
1.55337017722434
0.837745564955857
2.03292153472478
2.97769700229496
2.93667240860186
2.85542302790178
2.02114463959012
1.6004999511734
0.654717375459361
1.40815793197475
2.97565014808677
2.70361311769998
0.591119708142678
0.826212600101768
1.45766030746217
0.888746039439016
0.452111046996539
1.62118275615158
0.0706153163267507
0.570617783204184
-0.842686831194883
0.811712405785922
0.361853556082552
-1.3087813958445
-0.0924742859740557
-0.193827175485721
-0.713938809728638
0.255250293918535
1.58035960368682
0.342960203471651
0.699534125053668
0.662588199570875
1.3680669162048
0.127372070901621
0.845570227070064
-0.653441069679536
-0.0912777299371849
-1.11802860204034
-1.46792632567617
-0.737713720111128
-2.23821728155683
-2.43975025952537
-1.914660909425
-1.17883009612262
-0.81954509949093
0.093692636729561
0.225151393741217
-0.280302163067101
-0.643742950161271
0.233895817591417
0.628067255383167
0.269800568829763
-1.17842301370605
-0.469668050270306
-1.44917193157217
1.05490360075824
0.27294828109192
-0.961569942386476
-2.59938120433275
-2.61940870557055
-2.05014230010794
-2.49087765672238
-2.59897740418761
-1.56835511102747
-0.870197164530905
-0.529002041704303
-1.95792431162041
-3.78040886171216
-3.09115634270241
-3.23871356576519
-3.99471078074872
-4.44698808904907
-3.95834882830683
-2.79908441532761
-1.70782231797159
-0.715502138144416
0.412666161865157
-1.05095721265665
-1.44829317858493
-0.235159492969423
-1.45591943124154
-2.44819114544264
-2.33880813125485
-4.51681466623348
-3.93786488289788
-2.14694945725593
-1.93177086915286
-1.31698268558845
-0.0601562035819511
-0.303410565612569
1.01478356492774
1.63435336905978
1.82623812581775
0.320610876518357
-0.812231476896841
-1.41828946661631
-2.55770429685468
-1.56688849592283
-1.76541683832804
-1.67631651178152
-1.12722376597898
-1.49197405805994
-0.673060384475463
0.101194915360439
-0.0389018378256942
-2.14482813411501
-2.13600140391811
-1.57544018390123
-1.76303641582358
-2.23604929578346
-2.31502245760131
-1.50646676539428
-0.424002809958444
-1.61973607568662
-1.2633937010023
-0.315794791841786
-0.495980050677251
-0.791343585190698
-1.12067452357771
-0.943291206026192
-3.33237628189883
-5.03805666488312
-3.50091889420238
-2.78282153460928
-3.76232975898398
-1.7265601025998
-1.39362034131591
0.471999983687423
1.5525144239879
1.53860768927153
2.48421582214841
2.84167016251513
3.11097393746293
1.82348206630802
2.92210882566436
3.32430739719403
3.15897071472044
2.65370017971109
1.57858772798251
0.993081463418654
0.229005851308135
0.485772253783469
0.0609644628677719
-0.412121094843982
0.184303232474655
1.32834651330019
-0.0912573891250121
-1.17897636287089
-2.30054582578315
-1.86043810735517
-0.466386930920385
-0.647969756923746
-0.349160016192993
0.47670007492204
-0.604434836459025
-1.52879239300256
-1.20001060148538
-1.33324310835373
-1.98783400851808
-1.53963355071525
-1.69793772942238
-1.37986634555618
-0.217351386889637
-0.508366737308946
-1.71906690247221
-1.68561380245677
-0.227424641153324
-0.467866151023516
-2.20896119974823
-0.178211881212643
-0.396074828868798
-1.37215777400052
-1.13414140004688
-1.84727474950608
-1.74785518939038
-3.34011563700324
-3.64695141138558
-3.28910045438494
-0.414432179398698
-1.43310073717791
0.143856467741329
0.197653446653406
0.145098728659066
-0.971643696619247
-1.91116261162498
-0.791644476484773
0.436545123342899
-0.462246679201159
-1.99231597464707
-1.58430580458539
-2.5536851478278
-3.51178000390342
-0.198909502365171
-0.864145524584941
-0.643040486785053
-0.0473889359360194
1.62438786996803
0.562309900961045
0.635309787222134
-0.018321103229455
0.497670844993456
1.4355001392601
0.989527352848921
1.3465983719727
-0.673869375809763
-1.81600284558172
-1.18736792323399
-0.701394706321179
0.496191139478947
0.877606188865979
0.832093442040847
1.61751685697529
1.42680796219768
0.658222608834035
2.00574037603483
0.690520521608523
-0.705107992748436
-0.472017231977442
0.685408982089758
0.68931992900574
1.64100873923471
0.758772738971691
1.9105155053829
2.42679547416324
2.10709663997689
0.990852967045807
1.46165986963391
2.25406853576704
0.0589680949706648
-0.359473433837325
-1.68532879653812
-2.54353137134384
-2.92726260750527
-3.39180428650324
-1.05734992766508
-0.762087182073538
-2.20574093120785
-1.81597473434121
-0.625624429429464
-2.15756107569713
-0.457891276946789
1.30182993552877
0.899505329557756
-0.394088913078993
-0.631981330267196
-1.25664259697283
-1.54107108124168
-1.73142651243871
-1.97351459176432
-2.17295190381506
-1.7118269843572
-1.97114455516168
-1.15253811376
0.539384296034015
0.937273126787832
0.452087725466861
1.2094663950067
0.444682433232113
0.176365933160992
-0.474247042674983
-0.0319331843632738
-1.81459526497749
-2.70511190660809
-2.83358119606323
-2.66019716124481
-1.58965347339426
-2.17058377014323
-0.584690826502276
-1.03605045300171
1.60789388525259
0.472357304702631
1.58692897847196
1.025925726534
0.417082968839411
0.1360136587376
0.868148313174532
0.129417219760403
1.30861303855061
0.837887386653706
1.69328464629047
2.08312617461186
0.988359855412105
0.185392598396792
-0.295499601334443
-0.59828289691588
0.93516310219866
0.832623587959585
0.249688722826365
-0.974618616233178
-0.457886769706161
-0.743597896972438
0.467379961716714
4.41448892616768
4.11702162075515
4.38462337133983
3.03636784685576
2.89149904629413
0.332439538216183
0.800103423126035
1.10744122873737
-1.48490896602022
-2.00139679978301
-2.4923525802836
-2.29477049483201
-1.70352011962748
-0.838503656484871
-1.68778158381028
-0.89061976675045
-1.92538869869823
-3.6955989793091
-3.27342813061675
-4.28817361272992
-4.62547919834318
-4.8001365106145
-3.65371070481274
-3.0515039378654
-1.4366976070582
-0.877501452781665
-0.842516558827347
-0.984760405304942
-0.953283089536116
-0.903366357468932
-1.47756888036918
-1.28354111712608
0.00904338892770529
-1.45239983132141
-1.18849612210789
-0.995321787196037
-0.498074298382016
-0.898958393412254
0.964498687821595
-0.665853479944107
-0.903475403249762
-1.72021847843029
-2.18302824787539
-2.1087787893601
-0.280770114915311
0.831724306138381
1.93143312197297
2.42280458103248
1.05739345170939
1.46053619706695
0.822894976648639
0.814005547562326
-0.627204202947046
-1.18062912053057
-1.02712543074256
-0.740036745987504
-0.156162943269044
0.7023779768242
-0.835287703189555
0.306613362541243
-1.00163884661192
-1.26016148386314
-0.95373422728296
0.0407952114514273
-0.376280503545573
-0.46064970666065
-1.43243330958392
-1.53155411673347
-1.18308142579264
0.473453727742053
-0.276388941629443
-0.250007063677524
0.442211722161483
1.42965935246573
1.69502443695546
2.82696264713248
1.11217644219382
0.562791057631768
1.15964423341057
-0.166773167291969
-0.179755122871774
-0.322353956440558
-0.180434600138917
-0.0386222934266682
0.476066207646468
0.196010657211612
-0.423118910483955
-0.975705438548069
-1.00072752066544
-1.06174586115544
-0.505170569775059
0.0392802110189416
-0.142962220713395
0.589103523141154
-0.820742268958036
-0.970182857662904
-0.947195196035353
-0.0581000313715192
-1.011181881636
-0.918145072201316
1.18939599960796
4.28805279728124
3.21053901235234
1.97096387831513
-0.217216650669477
0.454593500406375
0.279730199281912
1.23037469520981
2.88282271791764
2.26419706293154
1.96070172303517
2.00624139608431
1.93505252006293
3.44586955969027
2.79032317636123
3.13971323277962
4.15764286324863
4.28897647085794
3.16141767889518
2.2433953016885
0.688676194323521
-0.251378182976376
0.461117393426601
-0.360670486268649
-1.02066482221464
0.054235803125724
-0.963601859800726
-0.176684264920148
0.0269931086983212
0.235739089668535
0.142868114833781
-1.72865233828933
-0.319148308566259
-1.46628484677257
-1.6093434330323
-2.1750789344829
-0.729281641884369
-0.443075805983509
0.280643987003217
1.08819934571941
0.918120548144141
0.16228388013267
-0.910414370104445
-1.45425280097264
-1.17541093565948
-2.37905683184348
-2.12780305595435
0.0696273178062317
0.44081877320462
0.798678760050379
-0.643862267414431
-0.504317520251367
-1.50846269017762
-2.09341045307355
-1.70052036268014
-1.51251799518485
-0.720835108174257
-0.352590918598317
-0.486868865376507
-0.151153012056492
0.442197392996006
0.639378999976591
0.597472667083984
0.71813909802819
2.38167238337963
2.3551503892248
1.30582269044528
-0.560523008868601
-1.00731974822386
0.1361686600867
1.87057757611117
1.71259248531275
2.36558038480208
1.5290037939402
0.586751305813394
-0.55988555848036
0.0674006761307593
-0.0947478186165615
-0.708859243597874
-1.58724363490458
-1.35765616828592
-0.600416866618612
-0.61474414618648
1.198134201094
0.251935646638696
1.68554606332552
1.6072595241765
1.05610164591434
-0.51228071214379
-0.256110339731348
-0.0199882699660036
-0.035892349557089
0.469814455221329
-0.373426705987678
-1.79084788022174
-2.02306723829043
-1.87375862266717
-0.633034655089909
-0.531747345922135
-0.745116578409864
-0.0546934080952807
0.434811480371392
0.686123362076924
1.30618903634987
0.596081254168991
1.28947827705345
1.95831673442723
1.04397913249134
1.95015057264473
1.5458736714377
2.68573452467571
0.979433076867277
1.35777671444996
-0.582863391535226
1.59392415921985
0.537518168957464
-0.385502415188699
-0.826633657245314
-2.10319793317229
-0.31357515295448
0.626886506587277
-0.039224335264471
-0.141904858282165
-0.0451223868700742
-0.767749068383962
-2.06159528224439
-2.47829213725858
-2.1081488921659
-2.68371828171832
-1.74707571619834
-0.329721859988904
-1.49534244221396
-2.74740544671411
-2.46972633045608
-1.0994783429791
0.128631414415978
0.502280531259708
0.682598224323144
1.14767816036719
0.934123304408101
1.73391707095711
0.899356034415074
1.03565892573036
3.60119969818582
2.99917553472314
1.86335593265717
0.619550942670813
2.17249390325787
0.342237577110064
-0.201889630763071
-0.627335263030405
0.951515535417871
0.896831489925046
-0.239290135452578
1.46209576251212
0.798157604083484
2.65925684350461
2.40288833658693
1.72999717479451
2.10311273334333
1.39523103942581
3.26527211639923
3.89602976659585
2.09751034897472
3.49300867568572
1.40148483074114
1.99474391397617
1.46744723837214
2.81152609581448
2.96703061405278
0.972875692923066
0.575924410877443
-0.666681359505631
-0.121247272478149
-0.977326519713768
-2.00456358173589
-1.41819847408189
-2.00775914635787
-1.25018938764734
-0.439917611354416
-1.48834753759264
-3.41994175029627
-1.07609457788946
-2.45463855831395
-1.67566310704918
-0.796081118383019
-1.01391369574772
-2.02250596921657
-2.4626777213273
-2.67831997693863
-2.70913793455202
-2.66971777910043
-0.0248317752286842
-1.13309025874537
-2.46545770420577
-0.919991557696084
-1.47117756132421
-2.21495974450754
-1.87998774846547
-2.97455333570943
-3.22406309690755
-2.06769457319531
-1.6269794634792
0.115841560782356
-1.61433207293006
-0.269930804861614
0.603892363607099
-0.384213194462169
-0.79691537571653
-1.16183637503605
-1.14875297343925
-1.78785298280576
-1.56002616962926
-0.933907298235409
-1.35074640513532
-1.93197301947223
-2.30353988018865
-2.35686535330976
-3.87033669906651
-3.72385695132068
-2.21824613557401
-1.29723946979011
-1.36946768258565
-0.596683180352917
0.43784595944076
-0.871871076806045
-0.930697548369222
-0.2319597332871
1.1654766604804
1.12789977298971
0.190703528741114
-0.179806050879846
0.164449783477217
0.0985941845120806
1.68809552863436
0.734309836112587
-0.663512980014766
0.7198195155595
0.41005112891006
0.0203700090327222
-0.440546115835282
0.497362981882471
-0.975326932125093
0.11219048458885
-1.40751624545183
-2.264064937049
-3.35778254166479
-0.244710891085286
0.387146916601121
0.53473065420753
1.02934053840373
1.83785143349154
0.690313953858572
1.30248095315286
1.15170493031205
-0.948353089706427
-1.98391724485957
-1.29094945893401
-1.24778704208022
-2.14166088546853
-0.0415567459132178
-0.234442560437379
-0.0453336725303212
-0.280220566347442
-1.16796849502587
-0.973238589264588
-1.84091968372528
-1.59289472175085
-1.97143218089365
-0.916666315019813
-3.18889872549107
-2.03646931227334
-2.29674064351507
-1.86540294798155
-2.99389994750713
-3.505349272092
-3.3308991403659
-2.60396020469493
-2.23318938406075
-1.25059979832309
-0.107084119125141
1.63688711465501
2.92736002255996
3.13778818070573
2.37451830521517
2.23711651119337
1.68532921113739
2.85980987424546
1.78813891364915
1.67661200971236
2.5452474931072
0.558838050189716
0.411032492537704
0.875373810749911
0.573963718866388
1.95452868596334
2.41359850248269
1.44075265549942
0.495466482786136
-0.713443437227301
-0.224517549430164
-0.992202432558593
-1.17880419798602
-0.571116736305576
0.403230088884921
-1.30352795499075
1.96731451457974
1.82356436966377
2.23037239469604
1.73429354461605
2.3257988510734
1.86507911593319
1.95721456915783
1.50128799752168
1.31466164126142
1.63550883128967
0.926331345803752
1.67780139764607
1.32615938198235
1.09442049368518
1.37672332429751
1.71055826543438
0.10364328624867
-0.600905953521776
0.328969724458141
-0.14568316374671
0.208996926104243
-0.711250928029202
-0.9768393775348
-1.85853832059793
-0.706660849177129
-0.563922814556208
-0.45767309100897
0.981716669962788
2.36860401070164
4.87661654662463
5.12847192883635
3.50267183010473
3.02741578029776
2.960869752307
2.32323041956677
3.44653392959763
2.82049971341076
0.156500544467813
0.0670516225381943
-0.363544932706245
0.367665086164234
-0.514878188610714
-0.0914464607709396
0.023966604905715
-1.2409222299603
-0.0301494226512103
-1.71225855415461
-1.86845452301433
-1.35196562713361
0.568924747161224
0.118764381083708
-0.699901267312572
-2.27730882510419
-3.9562900200402
-2.9747157180617
-3.02258979343321
-3.28278506531114
-4.03517497394242
-5.34656975799289
-3.33553432738929
-2.2725984986594
-0.213196917798085
-0.844248454755978
0.376528416457817
-0.381507875216272
-0.578232713972156
-0.899954995820289
-0.422640672473501
0.158961181137097
-0.0110750327226586
0.0719125718718323
1.00772487451792
-0.124042752293701
0.0462732342137308
-1.02130452368152
-2.35562293002885
-3.1000737056287
-2.93130440506149
-2.74183410155071
-2.3199896517345
-1.95626125766551
-1.53300512830512
-1.26704730617228
-2.48168940191619
-2.61417128736286
-2.56377611981517
-2.24240314936517
-0.577758174127108
-1.70099157143619
-3.28766617666882
-2.8262677000857
-1.86351969438441
-2.81594245923329
-2.79842421664225
-0.487740818112977
-1.78438621742175
-2.06781328659422
-1.20133312434538
-0.52850996063518
-1.05562175975279
0.0773658969507751
-1.382307516143
-1.08948587024105
-1.35981120496929
-1.89684141104872
-0.799130526959828
-0.564688020944626
0.293915431915284
-0.378937327536805
-2.33405948267648
-0.936028749726523
-0.329648680019021
1.96682560209067
-1.88249554066188
-0.638504851044618
-0.822738021424079
-0.792244876281363
-1.60196814950104
-2.20739663291836
-1.30990484454109
-1.73861330969871
-2.01184556574606
-3.19642746857097
-1.52917671179514
0.0999879689610701
-1.21747052704222
-0.00925262777285019
-0.432875923965301
-1.56803260586947
-1.85854605012786
-0.872257082757312
-0.646794934416831
-1.78468134172404
-0.736170918360611
-1.93304680957958
-2.69133149876849
-1.69864574118573
-3.32076540020411
-2.66786992137419
-2.90356701722734
-3.41805904370961
-1.49482377340214
-1.63011474340541
-0.858021193462772
0.211959275869486
-1.39408908420536
-2.19829345357414
-1.45579141455554
-3.6285585303114
-1.65225180127639
-2.39924487985817
-1.25570172945292
-1.90948670520641
-1.29132156983863
-1.63272051531686
-2.52052719200737
-1.23127203951653
-0.175451136478372
1.0064423725331
-0.496152506333684
-0.327390700876841
-0.536745213752117
-1.0788911382594
0.180900222978333
-1.65799585511372
-1.98498830337593
-1.54778792035872
-0.623703821048393
-0.580523089903994
0.754550846199415
0.779459137569741
0.604054573350773
1.19805258038053
0.0276507110098855
0.359230919691753
-0.720065598601109
0.578696695035559
-0.108682695055045
0.37469060941994
1.03817753186734
-0.227478036399368
0.738704815328819
-1.18427131424687
-2.03217664225048
-2.24056076576234
-1.14823762090509
-2.81112727225131
-2.5572489851099
-3.40571542975586
-2.5625307561516
-3.30273927758439
-3.47346029180629
-3.60676861224858
-1.51538647098622
-2.42499362044329
-2.36958988952452
-2.59956388957708
-1.43386577819229
-0.588752863348558
-0.678176860368638
-0.491176969378925
0.366179895230782
-1.43626342731606
-2.13905908597577
-0.668328528513966
-0.392713225135644
1.42083420881277
-0.187845982224243
-0.199040161640392
-1.34005380516138
-1.00186441224393
-0.378991905338343
-0.961040324597062
-0.45954998247848
-0.239586814363939
-0.443787987911938
1.31796003983123
3.03062443929504
3.43985333917999
2.32182312733053
1.80559421270606
1.19814857613752
1.99281415720954
2.79631677877725
3.13847976077639
1.88348742625383
0.326922646217453
0.446568991026218
0.655971614635874
0.470680644431533
0.470430226918535
0.0105573830456694
0.185947228489173
0.636950256207664
-2.04516984314798
-1.28904346268229
-1.16765955042775
-0.980538451590622
1.2641598589497
-0.727763466544484
-0.973336919280413
-0.387231585295335
0.407474808559415
0.860422157149224
2.65286424167107
3.83834055370617
3.52557488799409
3.36036949037359
2.15908322154676
2.22419923464032
1.16220487785077
1.40848778873839
1.91519093845999
1.40453192594298
2.0696443674125
2.69040846711122
1.2567157856788
1.18969020834865
1.60146978038689
1.95750164355703
0.712016172372107
1.16837403005316
2.02269768933795
3.00304935717801
2.82623648438047
1.13768763603992
-0.47141553364309
0.236386431040133
1.62396276776034
-2.34178668547843
-0.99568200946642
-1.92630198000646
-3.47480426276724
-2.73861209619428
-2.06487869610092
-0.94019024691291
-1.87941340527517
-1.11244129176355
-1.17429848916079
-1.11938429582381
0.983349596316465
1.43575592116329
2.07326607086411
2.09199197545643
1.94394622416497
2.10525234912715
3.68976268515627
3.36983446524784
2.32646867975158
1.40118809177628
0.813272339729177
0.0933483039734931
1.74610276803538
1.2609486432852
1.92841595323273
3.39873150376853
0.754589539186764
3.95608716099575
4.24159320868274
3.78899815462391
1.55768582221933
-1.54489682974373
-0.988161167987539
-0.947449859986699
0.512438252786807
-0.126299752658708
-1.45135061059318
-0.990153029297444
0.790496116388764
-0.481825031554969
-0.662151814872869
-1.06651979644162
1.51391006862808
0.341728735587025
-0.667421785117907
-0.603211027228212
-1.78544892155536
-1.76884263092615
-1.71610577528812
-0.0464746367484701
0.347652106988802
0.00184038266883424
-0.640029665253435
-0.557911661520131
-1.07354417014328
0.557192408128314
-1.22923873161824
-0.414362852073425
-1.6485631936648
-1.9454838128252
-1.72208727715808
-0.230968684422285
-0.429082797526392
1.25107693683272
1.73497709516197
2.87324081972267
2.47023688135173
-0.508326180499621
-0.624634433089578
0.723812765233522
-0.0584495270661671
0.0791128926506499
-0.0322085066032864
-2.24367843708469
-1.24367959679281
-1.71715273815348
-0.819600841122534
-0.0762109563914795
-0.220957511549933
0.367801212759923
1.12217628306754
-1.03542027985477
-1.47627956114262
-1.30193362053551
-0.786629775816534
0.501793131699233
0.0980757082155525
-0.27252314904724
-1.41454949102014
-0.398292029327788
1.93860009480207
1.45723006559722
1.78670846858336
1.09151692593637
0.900629826048215
1.65561803066103
2.32727715573624
2.97587020751891
3.13845547487928
2.5752307908052
-0.214061061983816
-0.562686078240947
-0.98485418342336
-0.0283316367739381
1.39508516643653
0.372613364503797
-0.377380884389309
-0.360338196810445
0.419428211007925
-0.0571492781196417
-2.09754136098167
-1.66158854493213
-1.08763163745187
-0.104190946318103
0.908577284193143
1.36285011853482
2.16043703806807
1.63186772283689
1.78823970672994
2.88923254924607
0.991922884636216
2.28209854728895
0.937105573114557
0.500449034266102
-0.0553836558648796
-1.00329512146676
-1.15646761126291
-1.2178150151026
-0.445947902354416
0.226392684180768
1.06094637994528
0.969259887630127
0.483835427633418
0.555072290780767
-0.353917744948446
0.443811333741239
0.227391009282253
0.80003796116912
0.499480293765914
-0.704567994317104
-0.0468699419369517
-0.222805045699994
-0.421082557021517
-0.226869562789704
-0.746404039330268
-0.0903860710248542
1.41677424619539
3.13837231549639
0.929429444175905
1.45476686542316
1.32481047296287
0.481762892917378
-0.350271478347509
-0.577279026728963
-1.97695158339872
-1.05138310865286
-1.55713884946123
-2.14587808347743
-3.4525896273268
-3.07599169800036
-2.52087183058237
-2.89666161885623
-2.74556268550119
-1.53653152234634
-1.88110943826085
-3.55313693792827
-2.47526888342774
-0.855659878207369
-0.715102755832568
-0.424804723862627
-1.80438063124762
-1.54728450619879
-1.11567118538045
-0.880300138580395
-1.35320796614131
-0.851744827015853
-1.05024494012832
-0.365488638034937
0.439739140732752
0.207185336930644
0.41708790396646
2.47798287103473
0.697501138654547
-0.518237640827032
0.890367512634791
2.56190929557497
0.320896275865131
-0.553015258257684
-0.981768920658003
-1.12376340506296
0.994515927153105
0.434299142796547
-0.137600959491255
0.483348531614569
0.710847051809369
-0.143314271237312
1.59232461369773
2.64414824965916
2.50625708434508
2.882978100477
1.53441389767452
0.128165505817319
-0.313129520874685
1.28291590803787
1.24031522688553
2.65694532718851
2.32494192112206
0.678964093386664
-0.534517757628961
-0.975823948573452
-0.91449700307475
-1.93609929785099
-1.65394522247494
-1.3696294266208
-1.24144321806004
-2.44540519886767
-2.59860850010616
-2.6148307070217
-2.50593224580084
-4.41027383070005
-4.26659011978324
-4.94775949892577
-4.1851121959116
-3.24896929827175
-4.89918812231614
-3.75818261463547
-3.28858955647327
-1.57706601920144
-1.19089529117593
0.17956151898217
-0.425003632849801
-1.10656134416382
-1.06170746974132
-0.968854149841662
-1.91228928341724
-3.54409029748931
-2.542204468242
0.254558496881331
-0.424619109923706
0.0386210390697511
0.569093433637049
1.36613496484361
0.644897749830194
-1.14640318767371
-1.130135664918
-2.89443529807231
-3.03232772071245
-3.06952178397523
-1.76397410195264
-4.59964797162549
-3.4108777913705
-2.8750922223393
-1.78294545296462
-2.90374361500397
-2.36873769171277
-1.88982093897433
-0.207707345343523
-0.303414388212825
-0.445734844145903
-0.433091506854019
-1.82248660626528
-2.0116792835329
-1.17733673745771
0.595729098775227
0.190883174898664
0.646386140697114
-0.585484994084789
-0.753986822952041
0.672035082575702
-0.180583285607205
0.269117366695765
-0.834449349348506
-2.22926113013109
-2.21595216979101
-3.6218828067312
-2.72732193126609
-1.49740253578668
-1.70197014423084
-1.00227292042039
-0.836708814863257
-1.82649389354454
-1.35570750724182
-2.64664983199168
-2.18923759950105
-0.880649346070562
-1.02846628793697
-0.757609693221488
0.0516992238168382
-0.275127292813771
-0.0472943129631623
1.41029546450898
2.79157989240671
0.708212800939924
0.843062374995634
2.45108092520202
2.24327136296024
0.24074822789854
-1.33467212325519
-0.734427329065481
-0.742662843511914
0.110446622601913
0.213766312642986
-0.0928797735005867
-0.0638377723098023
-0.539080614231874
-0.965641399428387
0.28117604470358
1.55009659436237
2.13923942401032
2.89858792466834
2.09580809188942
2.80567109512859
1.15579687622967
0.196770102680341
-3.50917679362567
-2.37349806290078
-2.21422928853366
0.627692583879687
1.31858471415515
2.00218159091202
0.617699297709009
-0.676481507755981
-1.33549881675986
-0.899318799494304
-1.78405214752177
-2.0875683978779
-2.17057337403895
-2.01210585974739
-0.812346734177457
0.210266366035196
0.785490860102187
0.63076261648849
1.26999115442917
0.92807182829222
-0.514798572376579
-1.32310291944749
-1.37456685897617
-0.911323854821359
-1.89447609389761
-3.67056285547838
-3.15522567905349
-4.00936282246886
-2.03886951965446
-0.779730117899453
-1.40157261375068
-1.66520283258199
0.124250040719672
-0.194608820179873
-1.30278300504741
-0.421736931932951
-0.107096070682548
0.517944158258692
0.472036174853672
0.0931286131139302
0.289121747859459
-0.331237332380443
0.755872479199035
-0.585312162453939
-0.804663076375044
0.373207936992649
0.458477215885539
-0.752296043798309
0.945564891994758
1.43186666570715
1.42892984520921
0.0591039517242138
-0.234464531141746
3.1334333863678
3.57017118999043
3.42803416685766
5.75020020502483
5.10431191380567
3.38772797413978
1.37769616265337
0.713289198672095
-0.490990721475772
-1.6640543017733
-1.69625098715424
-1.66252697429903
0.356566332646584
0.510389510354749
1.97109439527706
-0.964794923019627
-1.60180423064065
-0.449604679257853
-1.19192085722269
-2.41552080862522
-1.65458821842194
-2.33922901126159
-2.18621086739139
-1.06416395483147
-0.371411203415403
-0.555977296768379
0.289176921609581
1.49268536809628
2.93001323287413
3.04696011201454
1.23470925960912
1.86877677084247
0.23464134309119
1.61630784882446
2.66661133266513
1.73478327339575
1.26853665878632
0.884599014673045
-0.542976812119169
0.928698134229127
0.659146810697948
2.25462179658454
1.47505124851649
1.56863736729534
1.44844871629882
1.36337217876685
1.78507514284383
-0.62762706984099
-1.83185534089161
-1.47700598926653
-0.844878725657184
-0.00107853645647671
1.53632932706292
1.41497222861602
0.609930176998939
0.735457277028083
0.144652168766061
0.00372499656207023
-0.448908367027241
-2.27259230781339
-1.30770182535877
-2.12281682250473
-0.0720441655389987
-1.0831417453785
1.01257434528189
0.00911958360555298
1.21949383612488
1.05904296153327
2.99826971074268
3.97865962361323
0.729959501269414
-0.412250403819297
-0.974493266563837
-0.516266874346197
-0.687721812514884
-0.865103399012985
-1.20806350118828
-0.439810801156848
-0.361795888903569
-0.722862672074978
-0.199370051995114
-0.748576702986154
-1.60395398643203
-0.198410641587894
-0.582227101767182
-0.955094149906119
-1.71841934621487
-1.68102232884123
-1.35434403395754
0.175397151225983
-0.473557403776067
-0.0772652999632245
0.759753082483634
0.190837331377796
0.219847619373957
0.277088340598998
-0.497353737542403
0.664401926813733
1.12194595883192
1.37839667942536
1.44983460659056
1.45882189445376
0.66799675939131
0.668312712138811
1.49567422563927
2.13190354429941
2.60887847731075
1.82992898310956
-0.234857324204769
-0.64618779145927
-1.1076010519346
-2.16313625139748
-3.52223363507221
-2.03778261053879
-1.83787778898612
-2.60334013704709
-3.13749665151469
-2.22605247206963
-2.36454675047203
-3.0843993326501
-3.33939282884438
-2.31695565757979
-1.47366516946865
-1.44963142394142
-0.913967800571241
-1.50298486097464
-1.8643397503825
-3.0753087496752
-3.20172660029338
-3.09870544873405
-2.27376815936285
-3.01956773403973
-1.85922288858017
-2.88759624258106
-3.85661879590482
-2.4689565153478
-0.769389516491517
-1.50755130731427
-0.0316959497193474
-0.963868375363608
-0.854848548300596
-0.205938452381875
-0.156726542241911
-0.576507131445815
0.216883191918009
0.702754827217363
0.596538083541161
0.13890954798335
-0.551383690782022
-1.81637122333656
-1.05316008474229
1.37472467207211
0.681977458529991
-0.752948014857621
0.367866441182835
-0.0302997365334939
-0.606723449830288
-0.691444272738538
-0.283577059876834
1.01464889160307
0.868004991902388
0.698264502110184
-0.369605431950546
-0.582858961177834
0.0758058829377453
1.97571098096165
3.06197522686971
2.34376509287925
1.03196387804677
2.80556434865027
1.86622855104197
1.5416540093665
-0.550882871975777
-2.90754760447286
-1.77675203024898
-3.09867212764762
-2.29553919505568
-3.39088387699279
-0.456294665714466
0.179416530454463
-1.09723608690409
-0.984304816307828
-0.388256453021609
-1.70615450336597
-2.17934617653805
-3.57663820287236
-1.9588447892208
-1.88939085737734
-2.90242520978423
-4.19214907932149
-2.15758995616232
-1.12461851763756
0.144135789057561
0.452637175056353
0.587876237740824
0.227110334501388
0.563982855961932
1.1663051555289
-0.579853823618507
-0.710409641485816
-0.520147877469646
-1.05717532767136
-2.15546882053071
-3.29921375448443
-4.70233792253159
-4.28290672438515
-4.25125725833239
-3.67000203020894
-4.17202915148781
-2.95461710076625
-3.27632712463583
-3.56487326104519
-4.53458386098425
-5.98647226602543
-4.81618059451004
-5.3426053484452
-5.21049611084328
-5.51528903897784
-5.16536564833147
-5.2978708934449
-3.88535162806908
-4.54355858754788
-3.34770512615825
-3.18392885587481
-1.73007939118851
-2.11817874198456
-4.14571790706435
-4.1910042025017
-3.61853753232272
-3.65323632186723
-3.36190688206418
-1.82134843166025
-1.23210330646079
-1.66618752596719
-1.64319827313111
-1.25596658440631
-0.393956836770155
-0.703339383945299
0.184456474324616
-0.273626482946127
-0.516837380333837
-1.73422089946852
-0.777527702113811
-1.6460484028736
-2.49538049472896
-3.51803505100995
-2.14258340630111
-2.2908349314681
-0.519171481141425
-1.88365545836424
-1.49466362399802
0.365561777716678
0.923240150576287
0.31537592570248
0.591668198244914
0.0203311178804489
-0.033164771018187
0.662835096115474
0.423953181805096
-0.473830357175722
0.501294696021655
-0.304415939824022
-0.612639573658596
0.0991771515831893
0.072774293681366
-0.76462624954022
-0.203864257151532
0.883363290886597
0.194553080109512
0.641596231782516
-0.273634188463883
-0.744869205432847
-2.32784078404929
-0.654706010785187
-1.53823256707605
-2.67128911710439
-1.97849854132546
-0.70485689582078
-1.02272172610508
-0.995651588875059
-0.522737223210629
-1.37706935620831
-0.982189592782463
-0.505193341304612
-1.34693589956251
-2.02116705679084
-3.28537743743122
-3.79029653776207
-3.1843653572634
-1.24105028626057
-2.10158292084973
-0.759794419590706
-2.89997466509523
-0.414046953047697
-1.81134696873686
-1.24972275266318
0.120695955802586
1.33377891659756
2.8627628954161
2.59311366205352
3.0051675484125
1.92081345060842
1.49017733512081
1.25053074537859
1.85202380851222
1.95672032241549
1.49285760444644
0.926585231893705
1.86514952875613
0.627378628983958
0.310076947542245
0.932991836944085
1.92895067428344
3.98294304216818
2.12387445053041
0.667832124389023
1.37817709567432
4.06240262633431
4.11925276462169
4.07193672788064
4.51320476570393
3.65223011558436
1.70429591191172
3.10075854828848
2.95721891224594
2.93184509549608
3.52601316426274
3.49330584602339
1.45474361811875
-0.811076946688143
-0.226739568474221
-0.374216943528059
-0.229864165647494
-2.69492854993051
-2.13776281987456
-3.06129098917835
-2.18964890295531
-1.06768211808839
0.464114738085775
-0.485810022601935
-0.578145288063455
1.07145150948993
0.540626802275054
1.22775870510809
0.726099854633288
1.01839678217846
0.125403882966429
-0.957734540871565
-0.0495718326038804
0.560797473836407
-1.66076312561288
0.0715813910464342
2.01554890371963
2.30153039630803
2.26015690845492
3.39886710593261
1.90505158573166
2.85237310390666
2.03178317059945
0.514930016066036
-0.125068418424367
-0.871254389426848
-1.19430518243588
-0.603105028767435
0.208852288533578
0.650798707455671
0.248671882245631
-0.128296242915513
1.03145069173487
1.85822102677281
0.672588027300156
0.397632144180688
0.967885876045998
-0.544999714690002
-0.0565949697086777
1.35219584956794
1.19448543622925
1.0673054890175
-0.776911517046202
0.285486926964006
0.708476314138349
0.785822807898266
1.35124413177696
-0.535451889740899
0.516473876407818
1.67203959290917
1.65640278486672
2.91296379918918
3.69075835644051
4.27562932758274
1.02812819664574
0.333822350655228
0.0647504921952756
-1.00824302274509
-0.899629746097575
-0.423007146920549
-0.811992399035898
-1.71964304195114
-1.02293603133685
0.424439383862132
1.21773306520387
-1.75425218490685
-1.55709554306242
-2.27007956163175
-1.67373420136328
-4.36673776959506
-2.74504086904731
-3.85396059065783
-3.30246905931336
-1.52228397234119
0.609493554385549
0.527420099400694
-0.840286935693088
0.0234226597362818
-0.514253964176751
0.599325799893839
-1.75579734739198
-2.22784840695996
-2.56381426835651
-2.30964900375616
-3.59911256255454
-2.07414163904104
-2.07669920254135
-1.65166328766773
-0.144618063886262
-1.97348771538853
-0.90292726148115
-1.35593993908439
-2.22706042817361
-1.38563086851573
-1.45794727875624
-0.829183382965493
0.0969187271626525
-0.316482099733768
-0.856046538970355
0.211171978182763
-0.93278086646923
-0.175137815654232
0.0133628331111052
-0.316456811003106
-0.72951623104673
-1.42132845881758
-1.94892675696093
-2.38951523683685
-3.52656161615683
-2.5524365278805
-1.58040054676517
-1.26950208813356
-1.46220313207586
-1.24719852154027
-2.24867385939544
-1.14647433309501
-0.832532957525958
-1.0407867473625
-0.420454986183132
-1.93924762680711
-1.9137694862699
-0.533828586891559
0.394879950475439
1.08705242788926
-1.14754616459442
-0.260975654347152
-1.17790811087996
-0.00665076530716024
-1.09035974533444
-0.383727514589366
-1.11954723390982
-1.41818969504514
-1.27210584364101
-2.0355547800972
-0.607879358681102
-0.155257799484714
0.400034735974075
-0.0805795276297885
-0.762542172194109
-3.47481492834981
-3.82542853461037
-4.03507352820466
-2.08017647143195
-0.704062475520762
1.11391334378926
0.815986109858869
-0.442849195757258
-0.617396622968266
0.056185120501279
0.706472855428241
-0.639260171273063
1.18488854568262
0.889795139802647
0.293658567854311
-0.181237003745296
-1.79180489288566
-0.925189800101072
-0.443675181949631
-1.06431805831597
-0.916440763346076
-0.5766967471931
-0.15797731450331
-1.66334219478516
-1.03741793222991
-1.39884356471635
-0.288273779081641
-2.70468926324395
-2.96580138381594
-2.13460341317859
-1.10616221462409
-1.19058133237853
-1.34753680852304
-0.482754922741038
-1.21030810349431
-2.95521205758232
-2.9907273745787
-1.23048428433291
-1.11841568984269
-0.510500568035325
-2.23739562567135
-1.36392080760826
-1.93266191779543
-1.1998731835064
0.0646477365694461
-0.577362474188936
-1.71694606095804
1.1155293805582
0.809326019259955
2.79887584426948
1.13111789017044
0.501999136649683
-0.411527019218953
-1.02636680516654
-0.573431483624814
-0.102660372987915
-0.165501816577657
-1.63568886549141
-1.25946780685797
-1.07259324923676
-0.764917345163618
-1.52478531094981
-0.305693473730196
-0.00596803981560845
0.376226194558004
0.136952873725952
2.03358025664848
0.612699756030643
0.23003340016392
1.1734354581225
0.731735379436167
0.288725218073776
-0.204302338289677
0.174633311197726
-0.112540059267494
0.117504183689509
2.45057265171656
4.51812090328012
2.45730459045925
0.806582618108102
0.351135442852511
1.0648411002909
-0.0729916232418492
-1.11396944871578
1.16222475622005
0.494218556570878
-0.81593671953159
-1.36545664867259
-0.799163823078168
1.2445289447597
2.43666873632595
1.68098657868804
1.64845522841794
2.02901548073684
1.48479155608711
0.720916870309264
0.551372212057349
0.479557824764145
-0.745121055751723
-0.0076139152572603
-1.62104834201246
-1.89491972770207
-2.64357533112682
-3.56156383051231
-3.45251892742678
-3.89637628464264
-3.08526672131146
-3.18445308107055
-3.68608707454509
-2.0265657513102
-1.83559222567972
-1.0605131539115
-1.14021951528114
-0.708903299651922
-0.585395535873086
0.0629574156051682
-0.421616351480626
0.900549671434584
1.29939318304386
2.07431443585529
2.12357015147718
0.211983336777083
-0.0770378755742475
-0.598196671446205
-0.230629135583476
0.241577743413095
2.8301627708406
3.47520544492937
2.35232420733981
1.29167155100723
0.478635030827641
0.390212604235847
-0.704746369605606
-1.69088595590451
0.0735545655494509
0.00105829443570313
2.42007083116443
1.03151835922586
1.2565038279553
1.76990347544355
1.32617422782907
1.08053763562449
-0.847267202441334
-1.32835059883653
0.023534366446756
-1.81231077495233
-1.71506870544849
-0.511432796920911
1.49118674117965
0.953609766005045
2.18868032347957
0.626496824661421
-0.695463279840667
0.477810730716986
0.726563165624375
0.860314618639452
1.96278330056664
3.2874444266926
5.39862522227911
5.32883578137001
3.98163257873124
4.71536400427086
3.74024997897239
3.874358294856
4.0493020214296
3.1436894639346
1.97566499160488
1.35774911255337
0.705023420172177
-0.0244158857495533
0.949495235668296
2.18326373378896
1.59386652388072
0.895975716514012
0.749310867112423
0.50298406662392
0.233332126385197
-2.00192862733538
-1.87346897984897
-1.31690897405521
0.6332338055756
1.99129870202098
3.19917339221928
2.70623813580145
3.00821461023311
4.2235956024261
3.94927336292969
3.24583730555765
1.93823537413463
1.54361493584113
0.882305853720713
-1.38490504741645
-0.223270662132603
-0.819767101869215
-0.24900795669745
-0.576574813528522
-1.05776286399769
-1.24776759120818
-1.65061836816739
0.794327431787456
-0.928621005124113
-0.908902532352211
-0.925411678766798
-1.18541665266553
-0.422272470880357
-1.15862961596924
-1.33909802284319
-2.49095090842761
-2.46362576976685
-1.4935556267245
-0.872103351536998
0.958649352029171
0.136867549545539
0.367508804228419
-0.403888972595859
0.665173868369362
1.84285320887292
2.09348662328922
1.2431890448607
1.89549438453997
2.03682837863892
0.862581619703481
0.480388002951851
-0.130055556009073
-0.752308312496038
-0.9377448231688
-0.388954714615536
-0.449317006830361
-0.233405384048076
-0.761810331480322
-0.02589067165656
-0.150061029494783
0.401085360555652
0.708962002903781
1.54929163568336
1.05265724390658
1.37700973378221
-0.354632797913456
1.51643517859228
0.868470156868103
0.80360440880058
1.50983347019442
1.09490639074702
-1.13551536552628
1.1766721069086
2.40978778659132
2.98017764137877
3.78598300127302
2.50880035504167
3.59799413453653
3.01021162157656
4.10315889776339
3.61768024282628
3.8287402164738
2.8264132188271
2.46363864863147
0.287888322810487
-1.15638156000885
-2.01759082647104
0.726115358021471
-0.133380268216166
-1.02638031843192
-0.578699126825183
-1.73618591046129
-0.818282306744782
-1.42050286886899
-1.49134328241349
-1.69003619562865
-1.59104324363956
-0.490358198173628
0.235598397725838
-0.164044592386213
-0.359222489306147
0.0820478474316152
1.47615963008249
0.985990992685904
1.69743324890539
0.901027701059476
0.366039897256146
-0.00992021951739619
-0.102957704209076
1.40362224385158
1.85356381676293
1.13000933454712
0.113153314105949
1.7956595014256
0.306534947061879
-2.50016673946651
-2.1518555637478
-2.00413267308628
-1.2710237548373
-2.61726093024688
-3.10204749706714
-3.55175722417571
-3.03209229370756
-3.68664330155894
-3.4876947694708
-3.28442387985394
-1.761290121797
0.0505724698988637
0.807125815055373
-0.224926870623465
0.152007095511076
0.0321366897607858
1.37754428052914
1.19104761377434
1.61108825619394
2.88905069797057
2.36542203581437
1.87016918649533
0.473272310882467
-0.0391232889990197
0.55375524961842
0.270313043840119
0.864182111932648
2.56485260975626
0.225035668206075
-0.355851400690026
0.536853021277291
0.636568390881887
1.17351681652003
0.0590431741922216
1.80553403225042
2.82448143357651
2.14360235179391
1.58135251902194
0.935936364219922
1.60058899624465
1.3639093685535
1.2624753311247
0.660191681193457
1.10978965220218
0.32402430625608
0.577805428287187
0.450126350259709
1.6802860739014
0.767889587483027
-1.26491898163629
-0.183567756222953
-1.09790527698934
-1.98754505940802
-3.66367992654316
-3.63649983716523
-3.76999327363457
-3.01269012688739
-1.87579038720969
-1.20982043209248
-1.27694561890347
-0.365835671565039
1.43509127252464
-0.353501617162845
0.0327881347851329
-1.16609277809196
0.646332097324543
0.271666752823091
1.60230246293548
1.43412214378711
1.28122209558388
2.38699593643635
0.630081675545741
1.14702057361889
2.23298545393234
2.84938260280731
2.35003463623198
3.57661043340399
1.51708956922879
1.601410308349
1.43385548920164
0.968732611724799
0.357768734988022
-0.121400293263195
1.96583007662024
1.54070027639755
2.60746524172026
2.03339099194338
1.41310825084672
0.619823406825568
-0.298236944405077
0.793858008693899
1.74312670719993
0.441908234891878
1.1612507450396
0.362308268839983
-1.16681976351423
-0.87659390638189
-0.578494474019025
0.0789220552475459
1.36145986123674
3.22442866567656
2.54354505719918
-0.0180180363769353
-0.276696610001953
-1.12957999744382
-0.389481685139233
0.0762406039337849
0.734759867466488
0.159150466544005
1.03879269386703
0.247912634247451
-0.715061255429905
0.267914459917994
1.48130979368292
4.09264090443861
3.02479616139984
2.7167549766965
3.44031479929618
2.23406270980975
2.65109615947157
2.53011591211523
4.44693955071229
3.00272263193645
2.45875015753923
2.31884759439602
1.07416858961769
-0.390981933128959
0.826272530706518
0.494299913803994
-0.609510797957685
0.328229609261525
-0.22146413976187
-0.672754133678493
-0.923750309604119
-0.355872203533446
1.86708893355284
0.951104590122724
0.0453019787812365
0.321024082562955
-0.998782979121943
0.987179428129411
-0.404425155943246
-1.02606555584875
-2.21011438174354
-2.61074928253945
-1.60869668094498
-1.8990633467245
-1.52714264650655
-1.49193591504327
-1.2128563918543
-2.02905532764512
-3.35760348100445
-3.67144639007909
-3.35415680159053
-2.37944476135966
-2.57305865222233
-1.369096069525
-1.71105858708241
-0.858907234921901
-0.0323434772542313
-0.736506561950088
1.42134647724445
1.50896486112397
0.633723492150355
0.912709831175404
-0.318961598559467
-0.699261399614011
-0.551255084635244
0.403296278549278
0.763364105974538
-0.0844287306765735
-0.9961330066703
-0.36208035776597
0.689830259729365
1.39056691948367
1.47082144569796
0.211140520241642
-0.439732519612517
0.386151530094843
2.54234050337129
2.96333778135704
2.52098657499157
1.9118099799676
1.03183436893948
1.64224207214988
2.33095078202808
1.73760283622903
3.66397793162022
3.67955588810124
5.26530942018909
4.56371957678668
3.34281155267691
3.28124381791277
3.36691912621834
3.39340820753375
3.74707100887762
3.24895583511585
2.79134471484289
2.85398887644122
2.9287096555798
4.89376762055424
6.09389252064904
4.83131880929845
1.76250110763157
0.234813989320754
1.13768605778294
1.15939154399568
-0.228765150795432
-0.155816180958375
-0.154319879300687
-0.00355836318674065
-0.219053003682804
1.04115341959433
1.24388353947274
1.96430607567761
4.08307142322254
2.4316729249067
0.925196780217258
1.47705852354342
0.974905273266688
0.47873853231723
0.250758942366208
-0.522543146001767
1.72696860965612
1.86826410769334
2.14618989221565
2.19119544164827
2.36338739235076
2.50596062433989
0.0982990928932643
1.05463704163446
1.14579905299534
0.509841135378469
1.49527329850936
2.38821871476653
0.951479083612176
1.25630480541397
1.28570079025604
0.502785769405658
1.44923274348343
0.658645338641264
-1.37841357290494
-1.77168555382634
-3.94480804354417
-2.56407639464207
-1.93136021922
0.321424992667527
0.26663069454849
2.17841388905704
1.04766941723733
0.874237224610869
-1.60252821860497
-3.15328475557322
-3.38315359100035
-3.38827891916844
-2.4977181232782
-1.6158324771368
-2.70417241579019
-2.2892671699713
-2.18787546373291
-1.90255607850356
-2.04614648061895
-2.58064115219153
-3.87763413059168
-1.47255770398109
-1.77260423326239
-0.383246848942436
-1.70789244970525
-0.908696453345489
-1.64747561921545
-1.75126217390443
-2.40944344630001
-1.62474623127013
-1.16047223352355
-2.117562942917
-0.283342013818509
-0.989767964210857
0.811777881741227
-0.169328181127208
-0.636712759922513
0.0982298510546277
0.859420201761363
1.64714380810477
0.781579896408561
-0.146500310088384
-0.348819887870886
1.16494789260186
-0.927144155924639
0.861158700482227
1.72009777277823
0.0606917248417274
-0.00381142517586538
1.13561794294699
1.27000560321832
-0.814818806414913
0.403052434120492
0.315096339095745
-0.523796257942796
-0.516517584670883
-0.536383334316324
-0.174499923558802
-0.660686494542519
-3.13856186631332
-3.16463476878053
-1.0513015362809
-2.45220160145161
-0.288768036937922
0.157218151657955
-0.297877602664668
-0.507088456785421
1.03775197126581
0.340190186611703
0.83693627644481
1.01368744905534
0.369526072896408
1.42773001398923
1.41924435006979
0.649484477180101
0.192641922885451
-0.573619377171675
0.0887946125663599
0.829105253891175
3.09305203246682
1.9364435932799
1.59751257115367
3.07138924099833
2.08914442757382
3.18673164778419
3.41565171022777
4.20732539499029
3.66899885258122
2.93579074888379
1.90991007869073
-0.884884509569067
-1.19314518191093
-0.952050841058321
-2.35347744262488
-3.37253725829203
-1.37421501542128
-1.80916691643032
-1.30667860592773
-1.90378011082741
-1.52232708533211
-0.841666703642298
-1.30489830842268
-1.66010461277716
-1.37542800973063
-0.636457580826999
-0.7163423026724
-2.70947048126641
-2.06244805482167
-0.768129293117053
-0.0827123765742265
-0.397469319461766
-0.940691996745231
-2.14633936612852
-0.0481315566319382
0.170781083760839
-1.06285326858483
-1.28081914366213
-1.73701619044618
-0.193481042257835
-0.767468097046202
-0.137031940488633
0.0679169456323417
-0.365596671827893
0.0692430605480672
-0.257769841666334
0.321012871384393
0.857975366960733
1.05694270390299
-0.246412759686429
-0.576752434401609
-1.91030854035146
-2.71214384571122
-2.6439240992992
-2.62771412464658
-1.94512741707793
-1.2604544823138
-0.868186012747258
0.473958186761561
1.08375158404418
2.4285126736989
1.24904184674955
0.0126961304034563
1.79481706599241
2.21926183424582
1.8300342830599
1.68817900088914
2.76181575772494
1.51393154192546
3.0952333692668
1.60250256402563
0.228085709491393
0.869988371214294
-1.466779384669
-1.08834320550866
-0.308245605326341
-0.493636195575541
1.35767148166074
2.66590240456478
2.46281228490762
2.00461120378905
2.93595778956612
2.69189681486551
1.23971598467706
1.3724009170914
1.18659332964411
-0.138276116542938
-1.20846342784021
-0.677839383757617
-1.42150976561262
-0.0743569227841745
-0.400492872016637
0.184778914883192
-0.308818385193726
-1.45868955122768
-0.596743930883417
0.908752013439301
0.894367675486447
1.48627356525164
2.42795630435981
2.11187255375147
1.95861220951712
0.754474286781339
0.0916144660325656
-0.756046353559971
0.861283107676804
0.486389981736605
1.61483871914511
1.34726200562128
1.57843991126608
0.784745519654545
0.607100633181265
-0.922303330435083
-1.14650858034928
1.26022883985183
1.72138993647968
3.47054263887174
2.82882560543842
3.86257041845699
2.55664888902729
2.38403706537427
2.69481869917521
2.91590526691437
1.79321727940298
-0.645538125395078
-0.0469644745873242
-0.639744025265261
-1.62377226467244
-2.60959043321747
-3.13603832721591
-0.0569695871222584
-1.17613157657027
-0.524783361088565
0.835859928911182
0.749769406404968
1.38658391829032
2.12590225588558
2.67662221592873
3.34417926489616
3.0081729182124
4.12728665922229
3.89733350303019
4.30898049106728
1.95494829550301
2.65689817697411
3.34789168545073
0.251187267991517
-0.305933515605229
-1.08140807792888
-2.6914418253525
-0.544074907140616
-0.976620445864593
-0.970756137604875
-2.16395727401803
-2.7487617759445
-0.757956563250309
-0.345971905537292
-1.10973274639199
-1.09466956657385
-0.400011916402253
-0.900853408214811
0.39413617772462
-0.381191689641496
-1.79110321842961
-1.8862257900299
-3.10642693319422
-2.03248460041866
-1.44415952464301
-2.17768168911474
-1.87246710199732
-0.839959136983526
-0.0859328635355776
-0.984818025607711
0.599868012507953
-0.691629610701834
0.0134381584000619
-0.52998017007714
-0.49301720979805
-0.145206174443187
0.320763764968366
0.506845252800494
0.625871886897617
-0.0224701292751355
-0.878318756696871
0.866703841824227
1.47714077537324
1.73421087327864
-0.884856759094295
-0.475294127582913
0.467701439329519
0.0517667094282334
-0.832052511807271
-0.11622124640526
-1.22770692343597
-1.14846514315475
-0.73047090015311
-2.20137413103998
-1.07944779177542
-0.368434800153614
-1.57446062338845
-2.33166905357212
-2.08875600882814
-1.52169459971717
-1.7780524228889
-2.54741056194469
-1.56430718026505
-1.36744431997994
-1.31968575265891
0.411702024854888
1.34895742329532
1.71965974368741
1.65198178814975
1.72549976283261
1.20970351489613
0.678213137970344
-0.144026770792997
-0.535189575709458
0.889420863723253
0.126625155135014
1.54755342266926
0.705046513387388
-0.43833545666414
-0.985795186084582
0.0529304588228319
0.675074776770743
-1.18993211373842
-1.02510925083257
-0.746962018889439
0.625015906492547
0.0201858303713711
-0.967367271911375
-2.55899725300205
-1.08158651055332
-0.308621239184548
0.607668855095223
-0.477925616685774
-0.308630143517811
-0.784249667484167
-2.35059493934092
-2.56917965928107
-3.95463312739775
-4.07788034766303
-5.10325626479787
-2.29412524005881
-3.7708583253985
-2.92089472304376
-0.947384649833129
-0.771303219897203
-0.996175678886367
-0.994726514494122
-0.409618714426272
0.633485485150724
-0.358318565837407
0.585347329707844
1.33698517341885
1.85829129189923
2.33333616426957
1.21978006798733
-0.00217319272424477
-0.728505482542064
0.161860390005259
2.71399500413192
0.973329921151082
0.881356945736914
2.06381458975008
2.11682317905835
1.30188932290878
1.09522100854807
0.837256016063699
1.10381969250712
1.91046250486937
2.66535560455575
2.41522750454288
1.84779541278263
1.73521991039291
1.10768551336816
2.56852956537951
2.19916233282293
1.55198013507708
1.03124047856687
0.381157775624564
-2.61632988628186
-2.43404269668687
-3.23707705785785
-1.76250750547995
1.64325299114901
-0.993105318513015
-1.36384923538193
-2.63634553930698
-1.79746769948046
-0.390131407565743
0.511811840528375
1.15337191853812
1.8245294956414
1.33726953846914
-0.64733942571891
2.30528259313364
2.34232315757249
1.30741526228712
3.27309822061375
3.50502552506597
2.29383616020839
2.35246832008373
1.85924952453254
1.43415595456326
1.39597427032465
1.70156338684982
2.42789646223776
1.90059743291098
3.16189926776646
1.8166560035068
3.43249653737556
4.69008867573887
2.92751296753611
3.14850617464603
3.29587718676938
2.80592735294285
3.28998383126429
3.05281777125788
2.46830414649747
0.871743650293753
1.38724394870531
1.68636082314771
2.4847972891703
2.77019805493411
2.08027566139789
1.58742477547021
2.12968477320283
2.46429932773628
1.82495573285304
3.01006090876085
3.67160788481149
1.92857678543948
1.37990463321932
2.67431027505081
3.37395993585008
3.88937936444719
2.50512049961378
3.0255592615223
2.67170654059744
1.23332538306083
2.16461036941693
0.883133758776842
1.66749246512492
-1.27010142538694
0.0668163462984201
0.121839432413285
-1.74574508382913
-1.34560242733242
-1.40188709021009
-2.07652684566706
-1.18903854877487
-1.47296377320451
-1.89121928695131
-2.60632523665313
-2.91743238116607
-0.777997748984905
-0.983488097703523
-1.56384660429451
0.503019281685479
-0.000675368948016397
0.880425218500804
0.675760620803511
0.934302059615042
1.1945457702272
0.824446637389383
0.170480481999177
1.35662191350939
0.765041930930058
1.64054617903735
2.63359262842222
2.03382596869044
2.13172549810502
0.76397068808047
0.551242579982606
0.475316782609803
-1.43431249410523
-0.636216675114402
-0.59111053165017
0.584253975537448
0.526316597060364
0.0105427866589932
-0.830393721784094
0.0192646096274876
1.30331605822316
2.48709291522748
2.68060905288344
1.11025772876237
1.06517378507359
1.8928372183113
0.742074284838989
1.68102021897926
0.615289718501852
0.423641126036521
0.569229432984747
0.807145726082728
-0.584032770508954
0.216453170447107
0.496032363199914
1.58380536021893
0.842972622550979
0.36988421012497
0.0581248338024186
-0.740750314909468
-1.68416243795975
-1.9780466295014
-3.04270600192949
-1.93012450224065
-0.621408033909643
0.876674675525458
-1.30685701058084
-1.26753143375274
-2.06137907312792
-1.49333567137729
-1.32820518051069
-3.35002867670676
-2.2286404549123
-1.92047804662412
-0.47013402370295
-0.42890223672852
-1.04656469168016
0.399866564317867
-1.19028983122542
0.657347843303564
0.20629207009011
0.519984517003946
1.62043331727486
2.2515202659211
2.12639670485478
1.53767480572324
0.154273703433596
0.490842112119446
-0.350149646290709
-0.295124854824688
-0.44799943797524
-1.10401925049415
-0.0946640139172522
-2.15672153893766
-0.995166920021016
-1.13793193643218
-2.08944785019233
-1.11821981837288
-1.56302270141159
0.296750198870325
-1.34978192152816
-0.269523518472535
0.122829808625527
1.18915266367421
0.875515827177623
0.880493204923815
1.37395891351228
0.221565744681279
1.74441833710157
1.00113269757198
-0.262145090410335
-0.404449969935833
1.1692556430357
1.12741561057188
0.905105831341545
0.267103244556901
0.0881369608656968
-0.125201855675226
-0.423291006184351
0.327429595154966
1.44248499428808
1.02255538778463
1.2262296868868
2.31491397452974
1.97631041946915
2.64148503393984
1.98096164391084
1.78254528674321
0.796027585048256
-0.910218772064328
-0.833978457475397
-0.797326374150293
-1.83718782443283
-3.45372619054465
-3.18786668954414
-4.61998120221196
-3.04109322437492
-2.41892139786254
-1.5204998794912
-2.52864924418142
-3.04233332933971
-2.26024006787815
-2.15808159822521
0.933238975548212
1.8417633028453
2.44395550111702
2.36605203247578
1.14134746889581
2.07380786269193
1.0080085366413
1.03605796499113
-0.211128893792023
0.306030638396402
0.814658897680302
0.125436922765087
0.607560799037047
0.295531267411935
-0.233721017732681
0.995625895093952
0.984820668271319
1.71573497265065
1.45215745932742
0.561861189020499
0.766847169018155
-0.686544317211692
0.139698356977049
0.576508288160471
0.863479131242652
0.547861386795684
-1.30641943258258
-0.867206566911746
0.0966952552261725
0.0253125662764994
0.337267113302678
1.26844098582598
1.36602553863457
2.75790682859712
3.49813089371481
2.20665313547531
1.09270743651928
1.76098220021629
0.334947551602034
1.95404661365245
2.12021599961366
2.82398357471222
2.17886999071406
1.37943246989397
1.36555752210725
1.53776283512145
1.37229816221883
1.25703613459706
-0.107883253553146
0.408666907283484
-0.397909062923349
-0.405604920565886
0.435540219772848
-0.96190991668997
-1.82541150642665
-1.74721806864536
-0.623332784154969
-0.319006125139013
-0.160646910325576
-0.0791740166678357
-0.26816793965009
-1.31960595968519
-1.58759437114772
-0.842042416225972
0.238212326919723
-0.852346214637116
-0.99311709498083
0.0973562094629814
-2.59475102075641
-3.30200979132095
-2.74699251033443
-0.631163720927044
-0.437909794543142
0.734106987613558
2.7397827074557
4.0379296128786
2.86418798641825
2.87465073086307
1.61658488222999
1.21082028852434
0.416296006324027
0.50806395133144
-0.19257677641016
-0.167162104251811
0.911287204131682
0.516599512694814
0.307617235223574
0.284111141978626
-0.780258930727827
0.754663643490172
-0.0259334413477944
1.58765507101031
2.48062937103372
2.71479379945614
3.95124080934786
2.77485853817829
2.01235601995355
3.20439704954396
2.88174927667752
3.10668407860449
2.86872650035952
1.15445042856319
1.87918020042663
1.61913989386658
0.707398894102282
0.357955835398562
1.63678233876488
0.609189722396332
0.954948956354911
2.15031002827448
1.49163132695932
3.36799283818322
1.4851728895291
2.23022026553277
0.74076773645831
0.380451954628673
0.0301145184560915
0.562233351230135
1.02991990489784
1.50974403418601
0.781123901320405
1.32002593951863
4.02847981133114
3.43146848274092
3.03308686564787
1.45829417859389
0.672136378561224
-1.10714745782004
-0.058397226748642
-0.720849331833796
1.01148057702672
1.0691959650177
2.29342574430653
1.27395510708225
1.14905213269157
1.73101797065098
-1.23045978897111
-2.11404556474955
-1.86615085460674
-0.664004410524924
0.377079861376458
-0.156104694756714
0.683838734143732
1.84748248058218
1.51442009306406
0.188330483421302
-0.763989049392751
-0.0236488393538
-1.21154954668407
-1.44191559078771
-1.37413079613839
-2.0510520777934
-1.95106218268989
-0.536255012227824
0.584377533535206
0.418271166141275
0.00897861577516101
0.135736131997536
-1.44225006815749
1.01204123936942
3.54075416022169
2.39219210222634
2.03776736960565
1.15924953011083
1.59936820012191
1.56933436570713
2.75191104358673
1.73532847843084
1.06531077421462
0.762650026824279
1.38204989508709
2.01459691937605
0.527711123677305
0.262079362850095
0.620813213523315
0.122180678589486
-1.98843035568273
-2.82738739920823
-2.03235719487705
0.24549297072466
0.603769177239057
-0.564687310165936
0.341304127915186
1.37134170860542
-0.259301953863415
-0.892897728783724
-1.64610070784447
-0.941455680661643
-0.108551036554882
-1.19724699905792
-2.04169819207623
-1.14274381131477
-0.621641146830158
-1.91736372099079
-2.57008405737156
-2.52832010516921
-1.75054648084927
-1.27710255431204
-1.16610406596329
-0.702027911824234
-0.779402099375981
-0.801455516355293
-1.56750109312142
-0.849265201886225
-0.540815847921576
-1.01320376381733
-1.84691458969687
-1.19403518472271
-1.66318393897427
-0.83946021862629
-2.35893876998239
-3.29675722506217
-3.38249931432258
-3.42358243266075
-2.25584360236016
-2.32850983513925
-2.12236226468449
-1.7034656316211
-2.22196734289834
-0.756722235281333
-2.14864752191927
-1.26221714567274
-0.873973700583217
-1.2404176913353
-1.38798635038696
-2.11195370777586
-1.37500782093444
-1.87341652668574
-0.0600642493130976
1.68749012229145
1.39608724118576
1.41748946902323
0.396806659685305
0.194027980326717
-0.687842839051605
-0.2474638901646
-1.43863545404886
0.418967157812072
-0.133980305574161
1.29952627271982
0.812380401929843
-0.376197213370659
0.295717415217909
-1.39685046608258
-1.2949575037807
0.779643979096627
0.551529711676405
0.4166144655609
0.84674992917544
1.33142452540014
1.02661213921598
2.74621715380577
1.75887367798502
2.08150946168965
3.39371488152614
2.70275623626989
3.15472487305599
3.12455200021075
3.47236070768367
3.3990296010872
1.86581832195883
1.03727394752427
-0.0392683149662421
-0.117537896824577
0.0824330851036713
1.705034166449
1.56806608885347
3.00082551985336
2.10268544273608
2.74683979560097
0.240027780028451
0.74110449345872
2.3147861345413
1.36349031341216
-0.101921248445046
1.16475278320007
0.394558122945555
-0.0688654647463697
0.249243423899681
1.44622750769872
1.77548128828333
1.46680525116658
0.691435127132912
-0.41285076212001
-2.04128928886399
-1.24329836220084
-2.03880468442673
-2.54999641330954
-2.33263273715865
0.892459130560433
0.399391005909674
0.0979373469913062
0.510759564355339
-0.943854158370583
-0.673117725127251
-2.88493273197795
-0.0529100655592911
0.56541836219045
1.00304817435088
0.60317924781629
0.347295870203377
1.81361552741956
0.31294629367923
-0.401698669018971
-0.694500327725793
-1.10908596090695
0.157166284793194
0.755027889888783
0.813600651081734
-0.632554005402928
-0.743712983648536
-0.525333055718703
-1.2210391295419
-1.38556101263903
-0.540339024796325
-0.293585657155374
-1.31708775854052
-1.68774173339724
-3.08733284392323
-0.372295677815491
-0.180636477993883
0.195147190659999
-0.349922181556601
0.714672197561998
-2.2459400204552
-2.58127886730544
-1.54405997561893
-1.04294685705127
-1.07306447877193
-2.81892252611766
-2.319417253806
-1.67248881621174
-0.884248264474942
-3.07800828431408
-2.46086409010094
-2.80746026951439
-2.10124701702709
-0.189075113338831
1.44239177847449
0.196490008320518
1.15181973720019
0.501013490801234
1.53569575415751
0.76463560031667
0.993896035424933
-1.16617411528144
-0.678955824022144
-0.867860753129156
-0.264825180331021
-0.479428372687059
-1.64433157893145
-3.42944615162195
-2.39600053862309
-1.98736366664521
-3.97313390444472
-2.02002562318445
0.103478331392704
-0.633515084897377
-1.69021928369525
0.581370226954895
-0.542410607530214
-0.953629277671769
-0.475345389534617
-3.35000568186495
-1.49499876721471
-0.911168051488676
-0.82575342739999
0.658590903421371
0.164567665465295
1.22399584456346
0.546923486535594
-0.0670946791383417
0.2722880484252
1.13205832309139
0.0530792628790107
-0.105157171006891
-0.904912382065516
-0.258900109249559
-0.491366172657505
-1.1484653456117
-1.40486770873028
-0.951225803285679
-1.94680653348739
-2.52709920861971
-1.90197485468798
-2.05732907153004
-3.31613822908555
-2.32359751845519
-0.756522912055859
-2.04845432927612
-3.59330910642572
-5.70461217970216
-4.52399824778312
-4.60654633664055
-2.47118874413177
-3.05477052594423
-2.65791460515366
-1.78855136759191
-0.897874796859774
-1.20406596093232
-1.52009365861405
-2.70511380608011
-3.39335082999325
-3.92359779714614
-1.59502575334611
-0.771785535306951
-1.09523342737095
-1.96145541936076
-2.25376574407316
-1.81844964539499
-2.14910729600952
-2.21602485008456
-3.2297028541125
-2.91153240753274
-1.82044256741604
-1.27140105799208
-1.10517786537962
1.62421013053622
2.21254346886801
2.76825892853048
2.25556029172987
0.125851381033025
0.698693932872945
1.28858072882962
1.30204430825636
0.430664884593829
0.20324414350262
0.705282280465738
0.183392929776911
1.54081486435519
1.13067176994828
0.262031776069304
-0.543207716437876
-1.54637328310435
-0.398772142735798
-1.4799780781308
-1.48125532328369
-2.13382961593068
-2.17851032720439
-1.35861414119878
-1.08158756876884
-1.75617355424255
-2.4739120073634
-1.55874473996452
0.651533266267187
-0.577388274587365
-1.38033590526284
-1.02760822410643
-1.32543518747697
-0.466192261934278
0.463464068387375
2.58649827539291
1.60610637279762
0.642437847498158
2.46220662423885
3.71807712026953
3.08269784320708
5.19246410897848
2.21344915015047
2.04270340181552
2.28117455159249
0.721286768730437
0.922748898576249
-0.620346830690012
-0.987236408746467
-2.12284577978296
-1.92762049330772
-1.46889298446408
-0.199361843386045
0.0924147847493337
-0.181169203808601
0.0962341002581869
-0.200611884396031
-0.0522878138136532
1.0616459014835
1.25205917008012
1.00651732404266
0.630692072063113
0.893699244650877
-0.477131725354369
-0.386988610270312
-1.29832204295499
-0.38362233787675
1.11050106900666
1.51836982605829
0.275009058274815
0.34158630383253
-0.226830742948585
0.12240129577571
0.502093712922612
-1.4095949434339
-1.92107236686123
-1.16425792067772
-1.31328621568056
-0.124958428804606
1.40350962116826
1.2832750243487
0.843624504884363
0.0256166341358369
1.43689401102618
3.28495317029579
0.721233315115134
1.90557897632843
2.28152997529148
2.08143710521446
2.19308478413293
0.759055736436296
0.748499894568206
-0.506643871857575
-0.84466624240208
-0.953123466403229
-0.908970167707641
0.764920175099504
0.773227435354723
0.483521307293296
0.00030552742563994
-1.11398455048382
-0.694795336817536
-0.203237266867206
-1.55340583156081
-1.37288032999547
-0.165041363377331
-0.315540277602965
-0.472399141130965
-0.190524692883189
-1.04889892925141
-1.96804158668913
-2.25454407946791
-0.627019202805957
-1.06022843919719
-0.592766052639033
-0.0472559482808735
-0.0819105532063086
-1.26768319157139
-2.00016394245658
-0.516444998762452
0.270127287404669
0.142407611632956
1.46024362512912
0.0858758857770576
-1.28633892215803
-2.31583354258719
-0.714155834954065
-0.396025136181052
