-0.714876110884836
-2.59944095418454
-2.2825250726508
-0.520521271244681
-0.886703971362393
-1.30039570473846
0.0659733672923022
-0.177930452014239
-1.15962711830013
-1.01364820899077
-0.358640481825222
0.432361381835298
0.251378114008054
0.263896129055413
0.649276031807834
1.14431040627457
1.23699084815283
0.539441301236012
-2.22276017313718
-1.27226603090575
-1.06622964816127
1.30473267885184
0.852290163430523
0.519853848906153
0.117214150458099
-0.0185603498099286
0.103914462321214
-1.11919604289535
-0.948140083693608
-1.01673037906597
-1.68436346983948
-1.08247381002051
0.160313100482898
-0.439634556244032
-0.506258587586923
-0.413369458379384
1.45973477774683
0.324161008893761
0.45940192736688
-1.34452945262302
-0.526815007764788
-0.842158066248405
-0.772678389756766
-0.542947626014415
-0.913906290111518
-0.50116505385448
-1.15770387285988
-1.92224034996951
-1.64818528145715
0.0112643837073414
-0.508465063379699
1.21416641225452
1.85930688060546
1.12944800386278
0.102233570446809
0.607181011761125
2.37351422029341
2.90333796156834
2.54006130338293
4.43658300843579
5.54790908193169
5.4716588248169
5.70142940567143
6.0341356902072
4.48558624162193
2.34457037693666
3.53491968545979
3.33809748479123
1.72662678848295
-1.05469795188086
-1.80282031485841
-2.98659262211812
-2.59276231479017
-1.8896718785924
-1.25506088701554
-1.92284426044609
-2.61460275787135
-3.30437398221355
-2.91444770171952
-2.40459499709808
-2.54694633213265
-1.99055232937633
-1.14220618903256
0.541459056675335
-0.719571018162938
-0.072651790187231
0.534898534260426
-0.903264102456371
0.295568255430559
-0.296986296937534
-0.210256320590625
0.191210824173876
0.72726588543462
0.309402467065791
1.94967394906077
3.31247082560952
2.9603762265944
2.34076618732727
2.01606100232834
0.230981570140054
-0.304366821216113
0.583274586554522
0.34954429170335
-0.502826069419638
-0.782904341724015
-1.08280912113481
-2.80465662020155
-1.80655345898487
-2.34081424638917
-4.78132219338407
-4.03702229506662
-3.4289087652977
-2.5272875405502
-0.782964894660445
-1.70277718365409
-1.46199326348757
-1.06190884249091
-1.59925493076582
-0.672162955277235
-1.42732159606082
-0.494318408872117
-0.736235516909543
-0.73886988623647
-1.52967251263019
-2.08564420703676
-2.56875411134209
-2.09823411234204
-3.22951708614986
-3.46348872476952
-3.48347588345653
-2.9175386492797
-2.20228286660602
-1.17163118505628
0.366755312835966
-0.333567904543894
0.92334890419397
1.80044939533814
1.42760641461648
1.08136349558296
2.41094814779265
2.88218849354746
3.21649127554916
3.59539975346755
3.58240854660671
3.20893189079249
3.53179712215813
2.04021777463309
2.08106962170482
0.015903342297275
1.52475881545489
1.91088406757757
0.693337483451125
-1.13723703161143
-2.45420428025765
-1.34929869999338
-3.62263898764407
-3.60797961906434
-3.01510346067567
-1.34195618548776
-0.192579421201225
-1.25575592233912
-0.735192666127557
-0.602650991226416
1.76897569302663
-0.546762974897863
0.1269337249221
0.234043818032723
-1.36331788640246
-0.423388103769224
-0.660030444209197
1.154541034338
0.810634130233189
1.22268870483568
2.63596443533219
2.44382935951884
2.01245971182911
1.49845466185453
-0.046986832949381
1.46452087068047
2.38186098687719
4.38015153450357
4.56483576605952
4.47355436366811
4.38223202994965
3.50468959268853
3.1604549037958
0.440713051525178
-0.50106003952652
-1.69132759196782
-2.19225618390497
-2.90277704091487
-1.54714055597346
-0.822780749096163
-0.141104969080424
-0.845132049403563
-2.98774185497769
-4.33951019447171
-2.82936211130772
-3.20188607752251
-1.95778430444754
-1.32468097763877
-1.06987029635546
-1.61682691397006
-1.76425321013801
0.111919031420109
0.376760381239585
0.62867811751939
2.00548047837402
2.33031024089539
0.632766953074223
0.651887021566003
0.00877965423181803
-0.592710613514567
-1.1706635858415
-0.334604786845154
0.633354405531784
0.790791008396645
0.76613490073994
1.20393579733324
0.228240221388732
-1.76963866985648
-1.8623171005121
-1.96055865882757
-0.868948262892491
-1.99232829702909
-2.02081035436022
-1.36662423451763
-1.35682617030527
-0.694501238435922
-1.99957526292266
-1.69513654123505
0.561685985809116
0.409791052233089
-1.61878628080842
-0.108798053903385
-1.2383505612997
-1.91495981919687
-1.78655760692629
-3.24422809843818
-3.4430703207319
-3.67989170821148
-3.41773767372167
-2.58419067498549
-3.04122953247972
-0.885503923796796
0.35950967023403
-0.565561128184919
-1.68992093892787
-3.57247231172142
-2.09053372702195
-1.28603204026273
-1.27740802712113
-1.79208653092979
-3.46493833124702
-2.23477597118555
-1.36224604738409
0.204628532581436
2.00740933343735
1.3551923216444
0.200305785240599
-1.06412905594624
-1.25465119973467
-0.320971813214657
-0.701961059739846
-0.319451268694908
2.52386094816719
1.84815856728286
1.456162618882
0.0146214409216254
1.1922751643786
0.684427181505734
0.468648738295062
-1.23089486847576
-0.351168708774259
0.291664407772561
0.276932623527258
-0.475251614377785
-0.508956817737888
2.56937239056027
0.504289347591343
0.171993142166998
1.0301225080571
1.24992390711713
1.17887683784449
1.79138027857699
0.705857808472853
-0.704383719293922
0.997760203586798
-0.491036473158038
-0.997621070372416
-0.199390199963643
0.464304717058674
0.835769480151362
0.187157544428683
0.00083341116511268
-0.516705390474087
-0.190653276795661
0.740796131720265
1.87833838219902
2.54931148813593
2.57428302627476
3.74893852773685
2.38459690435551
2.4629630526899
-0.0900650615034184
0.472087624659235
0.0831686607652894
-0.354736166646599
-0.134147243669787
-0.600075475003519
0.410355616422722
1.75844915704497
3.03769275487626
3.27423094404089
4.21831129389852
2.16980090490535
2.39588846623647
1.10593532674977
-0.694961743854866
-1.23744651572507
-0.504157946287591
-0.751308674105341
-1.64746643724536
-1.75811868661856
-0.19808064762303
-0.204087747329387
0.808698663938485
-0.233144988969756
-0.959619375556198
-1.24756480205029
0.316269806328776
1.59651360089123
1.13947580237079
0.919066680306242
0.718888896837811
0.523118818611908
-0.36472434892777
1.26269454244618
-1.44879608900842
-3.73527313097342
-4.04821250248564
-3.02968000066413
-2.29350531213778
0.202107352563222
0.0223421120348802
-0.271732965609162
0.0939111651574638
0.691268097900957
-0.0304529503080572
0.498709259273497
0.991356735048726
1.58192030150559
1.87621347915548
1.85585291028506
0.837336637928066
0.820642646543895
0.238796079599877
-0.148991873984905
-1.92869735695901
0.484744175214991
1.77556333133692
0.690660232741962
0.982281637535759
0.356057174437815
-0.997721000444278
-0.157246292707214
0.343830414529228
0.469322050545656
-1.3948887546353
-0.707067473145744
-1.99370781713259
-3.32064159245261
-2.7508699989993
-1.46905993681
0.00910995478245979
0.253364033638169
-0.00970858366572974
3.6913938178238
4.44859897399019
3.63005462293151
4.61875987579406
6.28770099979212
3.28455058237016
3.37053660060351
2.78348427013198
1.83709305920851
1.66553770380003
-0.467441020071955
-1.06225265604964
-0.581996640683188
-0.453993303405133
0.102052495227285
-1.59303483727821
-0.946547404829799
-0.551482098168983
0.0162985923705966
-0.631065713598264
0.908912819589345
0.159369420251368
0.492766667622386
0.541638860892093
-0.352236582172288
0.800717435833014
0.693197086956516
1.2599276278375
2.22773218143848
0.673975955855956
1.99536413044531
0.500173523857717
-0.501114494731312
-0.050022051683965
-0.594423206833618
-1.16323264969235
-0.471337517019143
0.0329333472569747
-0.0849290533962569
-1.44879288425221
-0.509112064021679
-1.15680206402839
-0.613801498968979
-1.64813055461134
0.223226967147825
-0.0804227795178845
-1.21258592152913
0.129438228174773
-0.646629127819766
-0.776736564060893
-0.899941779799362
-0.376673323456734
-0.888318955214484
-0.178929719718035
1.00871290500683
0.10794464216851
0.771493847855272
-0.217723734493051
1.02198313440558
2.67401846167248
3.4155502353531
2.43807748358485
2.81555558608452
2.09956835643095
3.08611555141437
4.5181104680035
4.22537567331277
3.5991836447255
5.3414385526903
6.22630814799327
5.01892500466535
3.80040971976438
2.64021099053658
2.18894451551084
2.18264074629196
2.08075183082095
0.681636302170885
-0.317555554826117
-1.35767516584872
-0.721379786573765
-0.514864285655332
0.172575673521109
-0.182221313991786
-0.888396358786233
-0.200962455686364
0.380159732143729
-0.0690356671217165
0.859050993252597
1.23648254649428
2.45207550684979
-0.406154287728631
0.00952188139322135
-1.0247310739644
0.387929450804065
0.361766522428191
0.234611207371546
-0.643799607322227
-0.464821434210146
-0.41381804195883
-0.589151338582137
0.575456005211178
2.14444125197768
4.28868095994575
3.68660151337656
2.3171115793047
1.68299746897901
1.08413229925961
2.25525901276015
0.501246175350511
0.219092131558984
0.852630756061368
2.63176658578141
2.41600177528779
0.203621175291991
0.109623631324041
-0.0871741091424564
-2.68932848513224
-2.18064662833286
-2.2428378160659
-1.87876591480135
-3.62032955530094
-2.87014831747164
-1.56465981242282
-1.62871309386604
-2.66650875905398
-2.65676563109216
-3.27428191605001
-1.84824799809103
-2.06784403123855
-1.73470241810657
-0.959619759926695
-0.711565105925268
-0.736525576422897
-1.5399169451171
-1.27279226238084
-0.102893775460412
0.164957318878254
-0.423536846474115
-0.532386551978219
-0.722530650703943
-1.50567676115626
-1.21257820247071
-1.26943730504063
-1.79336494466166
-2.14808884948367
-1.73177700262004
-0.181488096972173
1.43024628156304
1.54691865563337
0.454653262806855
1.4024187555431
2.84001693630877
1.59900767227576
3.35470320049073
4.90556490921636
2.93800158384239
4.23454418134505
3.67165547768892
1.88179778677893
1.44474735349239
-0.0203286504965554
-0.397093506572163
-0.504235525060868
-0.462586064186777
-1.52074822131944
-2.35284387998651
-3.65334674353058
-1.40885610973569
-0.480089854123054
-0.529614256190644
-0.325071830530719
0.999058426915488
1.67347966983479
1.9392804419457
1.17018037175728
0.46502004862407
-0.202249458533052
0.0497151880904923
-1.04889007316207
-0.802214977483403
-0.392086764269305
0.552887476709603
0.821615453215627
-0.172881019110645
-1.1617373010728
-1.12132676922421
-2.47321477295936
-1.90712310144628
-3.67135027624599
-2.98613395795442
-2.67014561589479
-2.36307408256791
-3.36263177198692
-2.93294173183299
-1.71870587575463
-2.4549649727755
-2.03430541235048
-2.29253144569149
-3.19332571948244
-1.91321117888807
-1.05828656497945
-0.612505455806577
-0.762593932241984
0.297355194207842
-0.664397825453324
-0.417041813722773
-0.856537963406973
0.121124005190651
1.15023628242205
-0.782589399548273
-1.05113995174791
-0.110736094741666
-1.96281498796385
-2.68384737885394
-1.13548604500531
-1.5608891686394
-0.617588195773706
-0.485297706400523
-2.06722150040746
-2.65102323287199
-2.26711683625814
-1.90374017814965
-0.52731398582824
-0.24712604873344
0.681549271373263
1.66157011594896
2.06046843944925
3.76295814895494
2.77086843207719
0.908351557056944
0.132288467929729
0.900457158266204
1.1675945462212
2.69349610309993
0.278315229088741
-0.0160207687704284
-0.513822783138999
-1.09712941275598
-1.30017484405959
-1.95698428742429
-3.67899953993826
-2.32116026922564
-0.519152427027605
0.422003568393679
1.13376945488323
0.509924928750894
1.71971909578951
1.3262019866949
0.865681586025358
0.321457638879918
-0.89713663767782
-0.257343192302174
1.1000724628924
3.53120604054673
3.44005028780903
3.44959514429895
4.04529696798904
2.87536608869353
2.49536483577085
0.11633666257279
-0.181560810891829
0.00418644085628173
0.838703113034193
0.979460879943753
0.268242826239847
0.699451125653299
2.04206190183175
2.00382048947813
1.33063882041505
2.4311440633301
1.87965702098975
1.77458434932318
2.96784985184178
1.80150587161789
2.37604061682828
1.75625516974804
0.370175850469735
1.16110086795872
1.74038512871916
-0.480564438167851
0.889221522910195
-0.148104613726318
1.54309970877636
1.75395837141407
1.68794571374478
2.08098025286418
1.74498915996576
2.9558105417305
1.89123738966669
1.32277267492302
1.56167110603135
1.76496407043254
1.91684347536548
2.07503637843543
2.04592978737394
-0.352462409391288
1.18646363941329
0.166356908743287
0.94467886654446
1.54989838215592
0.791355904292309
1.44358067250834
-0.167388989642121
1.54512090495579
1.65039521652312
1.42855755387153
1.41025798913188
0.409078439940664
-0.471504105800505
0.989815771023295
-0.652519803510803
-1.69253681751885
-2.03895150927763
-0.441124746254036
0.780165699721025
2.20111235318854
0.758445362354685
-0.740430585066314
-1.76883288428172
-0.889491704467286
-0.815316317700463
-0.369763549805469
0.508340796913661
0.793187186289868
1.19145800057489
1.49476940230849
0.0371882383557678
-0.870574600009972
1.3426939054211
-0.347123741486887
0.328756325610971
-0.333141556525017
-0.444056345264923
0.719916891496886
0.228453594900239
-0.356124490834962
0.40446270296198
1.06433252571346
1.22056979834759
1.04356811617408
0.300068025489565
0.320575293231977
-0.317138103460348
-1.35205190031893
-0.968585379878257
0.00150305767625214
1.49669413245864
1.13731903939524
-0.438824111848842
-0.151664060151965
-0.759593327887128
-0.44473409198483
-0.632172480215187
0.801165253409365
2.34411731581599
3.83565147831871
2.97160865882144
3.40338851283417
2.16722399322837
1.13120465827168
-1.09495263558652
-2.51699093983295
-1.5145315704498
-1.86181623504488
-1.98428384755751
-1.42546669723412
0.499773652231094
1.75464677153402
2.43804699190771
2.12957668026457
0.49547250035922
1.45428061390255
0.858235037719954
0.903201243332696
-0.591991913851206
-0.322641892217997
-1.24160600108067
-0.0324216407700751
0.922487136019315
-0.467066262223366
0.585798337177774
1.59281090948331
2.11083318005358
1.34264678506421
1.23251354325708
-1.57250673881896
-0.323416932495552
-0.59787194402298
0.447490290875155
1.19398259048416
0.989439094201125
1.03987493432563
-0.385202076441466
-0.0572433938892892
-0.442942783543935
-1.60518880158027
-2.21304018877944
-0.898127471308017
-1.71673088770745
-1.42752546059053
0.290424868208853
-0.0389737131579236
-0.350368693691678
0.649980075990156
1.1494653437695
0.545366074370371
-0.119434915421156
-0.595580586219145
-0.368294590458939
-0.554016367675603
1.51524435743907
2.1042832753723
3.43127869029845
2.10873737348248
2.17444999925931
2.42433715693607
1.12876823980466
1.78917184303714
2.35779288198176
1.53563095203563
2.17151578133625
-0.434473226759476
-0.365202283060059
-1.1629575677495
-0.0274833921909259
0.822534587252436
0.97363741634787
2.51913780851564
-1.15078635228273
-0.726001004397772
-0.072955992333683
-0.477994858252676
-1.89874487900235
-1.80176655937008
-2.70603193860674
-2.7424559083525
-0.663263121844734
-0.255086414332565
1.29826904590019
1.90268572651708
1.24966146997825
1.485138814537
0.104181193860987
0.784779974489794
0.425994657507793
1.30764752909728
0.757998352705702
-0.304711454050612
0.846518597310566
-0.241068430699374
1.23959434577743
1.0424339637653
0.231676743568367
0.882665710486651
1.53420137706639
2.69970856601039
1.78924642576998
-0.242186901709627
1.41625904616173
1.48244106745594
0.7733248745857
-0.671791378088467
-1.00201522771414
-2.06827296928695
-3.38284383978394
-3.55007295439595
-3.76870261279674
-1.78150122334604
-2.07087690177024
-3.90264572591966
-1.79601900975737
-0.846728432692747
-1.03004165931507
-2.17102937314841
-0.213801680374307
0.0717156291379003
-0.350754215066357
-0.455829537563604
0.215341653170598
1.69628101519004
-0.742874442933953
-0.415732165947753
-0.839990408420209
1.0839578578096
0.215112478414754
-0.971912403661975
0.623560959608417
0.594269232408028
1.00645995494565
-0.83201671691985
-1.12554682034101
0.72316710802045
-0.12875691994542
1.45424544525439
2.37910398336958
2.33311852868203
2.68417926905482
2.58172427035691
2.59996864944523
1.81973598127774
-0.521582031057545
-1.10627809725686
-1.34131902738575
-1.51937366402994
-2.04472257083696
-1.76012992358889
-1.80880457618913
-1.05633121845642
-2.34321276837461
-0.797866651489018
0.386026910400553
1.09692027242793
2.6010860811355
1.23659248453229
-0.272233080216694
0.446548155598677
1.45701550473259
2.4174892892815
1.85216125130569
2.65961456734712
2.26483344730683
2.67449721260054
1.66498419723769
1.80586669093342
1.91877331587759
-0.360168311204477
1.77003301168281
-0.359794587706161
-0.322676710973078
0.684483647677534
1.07626069927621
2.837282215358
1.47651633214194
0.955676421376636
1.07178487705058
0.399773155740896
0.254569793832132
1.00595336450856
1.78587300126874
2.80530547779601
1.95987632146171
3.7296267594206
2.48500156405421
2.61648614844345
2.65608618402315
4.39531283784625
2.93113003521606
1.60330446781439
0.269067873547721
0.784063435939491
-0.0691573545422562
0.867240629546091
-0.0216728593502544
0.327463738406003
0.490741434350004
-0.0480580056188331
-1.24695790077159
-0.50203719665685
-0.513357402546605
-1.08681647566565
-1.62254656704859
-2.3638013696023
-1.4381865023649
-2.28882426455175
-2.59809749032539
-0.0282183484374223
1.60247379397677
1.30386760334535
2.84446838976775
2.32026281104663
1.31117311373775
1.57298575334978
0.463573383613447
0.350387630700147
1.59469699548152
2.94934732488627
-0.245899098252128
3.41699246245737
1.2748032388121
1.63496495726459
0.992730296074532
1.42684362009369
-0.145026905286616
-1.60407954243245
-1.50817373481753
0.157114467099578
-1.46342175555264
-2.225398054212
-0.269077810680726
0.84367222667512
1.22257747944037
0.0874150824559533
0.829112309015176
-0.247988458898889
-0.702257725017984
-0.535476652420505
-0.13691950308415
1.05441270183101
1.17216453597957
1.36858232895161
1.03121810700712
-0.436286016844719
1.7013744977803
0.977743385423583
1.51197569830348
0.993582239477816
1.1674380975566
0.674446355566221
2.70859206860479
2.55746470564894
5.13228076524866
4.30458608946216
2.20058696846863
2.38077277736629
1.63057553979859
-0.178917249791831
0.840487381830724
0.18630590042477
0.349839799103116
2.20051362629317
2.18851895239484
1.01440820948108
0.934141649869333
-0.0688693925855148
-0.905227588621512
-1.52379847166397
-0.650031670444364
0.802582495023491
-0.64563797678063
-0.0745283927258125
-0.850877784909713
-0.663714416883046
0.745873655297885
0.549489075335472
0.372574789760733
1.40221825798971
0.420243966761897
-0.259411410620235
-1.04214419564328
0.917465306227001
0.638512814658501
0.725550732692262
2.0770062672513
2.55273527672627
1.79097367705831
1.53099060687372
2.25370904260908
2.21226487456757
1.83430502045434
1.50561406631617
3.16414358340996
2.49807941451067
3.10654717996021
3.05099476773396
2.40067103815801
1.48271704282403
1.41291305561646
0.111675055341966
1.0421311664094
2.71441691034363
0.405193769125691
0.558749182897776
-0.522718756863592
-0.0705524825873579
0.851201378316278
1.02030282816858
-0.10911411983681
1.6295433754307
0.980322670630638
0.0118574760186327
1.05685070929938
2.74142841554885
2.18637783966029
2.10813027845158
1.37759778243501
0.141393138158401
1.0453923306655
-0.448343651144864
-0.873470480192708
-1.41752038661081
-2.66794635139941
-1.93139176050832
-1.04425687750685
-0.41247620498115
1.7513601108154
1.93085534273066
2.15974805221328
1.57758734196374
0.867785730356577
1.00864046624955
2.21270483167201
1.41320527762416
-0.271619508130881
-1.63503493976939
-1.22213351378207
-1.06352420491947
1.24235342979856
0.62635584685626
-0.68708127240426
-1.41553424809082
-1.44851692799075
-0.29017851662732
0.639775134692173
0.980654884428863
0.861701956112566
0.29869607918207
-0.0906277575974048
-2.22383768717878
-2.93794533994892
-1.53099145188535
-1.4059678755612
-0.65000012363607
-0.914455320897395
0.107517741908096
-0.308205828221186
0.734728868423972
0.359080152129643
-0.97497689569892
-1.90470149067836
-2.24808955599695
-1.28508948025499
-1.41602828244094
0.814578125263094
1.47163936236302
0.705089943887829
0.358908470266477
-0.444778297538724
0.0294019033715924
0.427249379968855
0.703549226425542
0.828394929502759
0.834897883134987
-2.56508238383208
-2.63315977706697
-2.73175713429941
-1.22113967522084
-0.402858707508316
0.901159909979074
0.988312363871552
-0.207495133368961
-0.933757246376836
-1.00478421860897
-1.07476838988074
0.366566514970713
1.10782725568935
2.61509585271201
3.47683031187661
3.88977852938632
3.54258439291979
1.98217287583771
3.76852565623399
3.30706357330089
3.5565392296709
2.98881842425361
1.36965405595206
2.64177401770946
3.00085360254756
2.30771501717888
2.88298055295564
2.68177232091243
1.36941178847609
1.36407439849651
1.03586611100411
0.512611548686666
0.613540539211791
-0.374596258053567
-0.407227214881173
-0.385092737355628
-1.67542366282194
-0.235699345551445
-0.782341767144199
-2.16583964210539
-2.63634986927783
-3.01009998621619
-4.62310431311038
-2.3169919704883
-1.63893808932045
-2.01651826496079
-0.506305630260393
0.596657157661493
1.45617658941723
2.46516310206213
1.9879931563958
1.65473627804989
1.10043147353722
2.80943761514098
3.72847473421779
1.84827636739658
1.63234477240244
0.396055822147979
2.32269054295203
1.2878733450147
1.60048590781936
1.88104724078406
2.08021011519672
2.12316641271887
2.28268078525699
1.35567489635927
0.235711718475013
0.413980390350936
-0.270495439496922
-0.940006375064089
-2.54107073928454
-2.36750811362381
-3.63940139555486
-5.06795149923892
-4.65141285956884
-4.37421830341556
-3.27959443189756
-1.28107220575469
-3.19899428798346
-2.72679999336165
-1.05973036249515
-1.50106441535777
-0.979473365112969
-1.13528691015237
-1.97233252454665
-1.8496243141492
-3.86468778715439
-2.30434857194356
-1.53303598060939
-2.58718850080149
-0.220554741042985
1.42870167257139
1.05449760420197
0.3595947732271
-0.198576499095877
0.941967268051876
-0.902063337599124
0.291805002247827
-1.27885374054771
0.0512431549156469
-0.0518932638921637
0.443514430130381
-0.227988091909667
1.13935988802248
-0.440604017532847
-0.828789096944202
-1.13229327485268
1.01595029369074
0.677190526598531
-0.250262731810223
0.241303799611209
1.65052479419675
2.44204809401026
2.51347513736333
2.53583082560285
3.32647026165097
4.11178594717209
4.45233052038424
2.62475571681251
3.51706399866745
3.57691313146972
2.77809160851002
2.00615969218097
1.21894812332834
0.241097276472114
-2.4542387514623
-3.64040263052122
-2.29598296139935
-1.993872151194
-1.75954127026129
0.328478040064587
-0.760789029556928
-0.301745630338513
-0.329164441840661
-1.48659623297528
-2.17360820433503
-2.07462137726237
-0.796662679600611
-0.420843168867154
0.0811213835476632
-0.421207940330912
0.00177449202175406
-0.345771738276284
-1.43468437060787
-1.54675277870478
-0.733901720145
-0.0280724628424994
0.25528900450357
1.62202913413723
1.88173840584089
1.36323263729976
-0.990173135459729
-0.953944270382031
0.611943136357467
0.548745678227568
0.0269705814722785
-0.803618343563636
-0.218033492903036
-1.60014754009879
-0.62787523566652
-0.182988798657682
1.19500020200507
2.21390862279352
3.86126497044771
3.93043914218129
2.8504973928442
3.27562529517488
3.05209118254961
1.91059729900776
2.22301006183165
3.08519862245378
2.03080715081373
1.5602810576954
2.192121276209
2.44144484998299
2.2685976553613
1.81564048063399
0.157637129772825
-0.455141545183988
-1.12916265755084
0.0602302450747826
0.860530891213222
1.60513674713954
0.897487222443755
0.112131327493227
-0.371048771058859
-0.0701160897675513
1.50804307040896
1.51904539687572
1.1789174652181
1.0931336861806
2.12309775479429
2.67591389317748
1.97781582242929
3.27020886778228
3.08022824122114
2.97934065809687
0.680552987470595
1.05141302944204
1.35639196744682
1.47258505779724
0.949282139272193
2.30344897268829
1.75825061078251
2.18361470368485
2.99360656228879
3.66463240627313
1.37846507291625
1.26433300997752
-0.485213366523385
1.07325981137533
1.05152339758475
1.22628477979117
3.12844837461313
3.48520162955847
2.15362727978812
1.39159756084296
0.144178293479776
-0.175655644744963
2.25579207092651
-0.493242044508664
-0.469501428519555
-1.42470540434193
-2.09249532687608
-2.28788230350482
-0.807361708432041
-0.199423729128364
0.833216044984651
-0.5322580479936
0.69396147236933
-0.696732007551631
0.133083120156968
-1.6189308263095
0.145126918918119
1.21575825553984
1.83183857321688
2.32120515550714
1.29685566043387
1.62345728143802
0.626112708000562
0.144156494376035
-1.3910335638277
0.250018152924378
2.18690071521031
-0.690308173234585
0.024157016181084
-0.653570758347075
-0.520352982240502
-0.533787170869438
-0.163391299090632
0.102597830936087
0.371090325971025
0.409390757449998
1.26829789719227
0.331100461540827
-0.0675025795151665
1.13039922901786
1.34132297970658
2.08685847739092
-0.240678542477869
0.122028382365611
1.32581523053082
-0.874768139750962
-0.391924055874596
-1.16344448872868
-0.00328440281192055
1.21753355785367
0.958649568017732
-0.631273386368991
-1.60811654723931
-1.16256840141525
-0.336923351937492
0.814795206333757
2.73985915602513
2.59696493117273
2.78691118714472
0.957259692959601
1.4148940683253
0.951369189832896
-0.483559697592305
0.391081203851387
1.60446233702774
0.220930060006386
0.631550738838845
-0.117264024817875
-0.307945788676089
-0.505360546840136
-1.39459803801902
0.0871510957324093
-1.89321751115297
-1.83019361184312
-0.599301644525326
0.331163216044992
-0.158485206087833
-0.844264574648693
-2.11654120916208
-3.34179415154239
-2.14337031815719
2.07479706280872
0.578831889226222
0.750685156528658
-0.0930805633637135
1.46060294436202
0.866156921753739
1.35840547516519
0.454565515386017
-1.52473009074578
-3.06008517754478
-1.07734100571706
-1.08055000889773
-1.93383569150766
0.0646053928384049
-0.356408286352287
0.423211909070409
0.416446395923715
1.06791032965369
0.208699748357348
0.142279172620355
-0.624135293977584
-0.168189221129018
-1.19426485991478
0.934703996830445
0.647824428359677
0.680051928260475
-0.346458144514175
-0.991606159329175
-2.18034075838666
-0.443588011793151
1.57656467060444
2.56461510950238
2.40906967414249
1.77302993626474
3.41874333875731
2.74071635252037
2.34867586434522
1.34397308066365
1.33695791405594
1.32943627625045
0.628656104542375
0.563350761558629
-0.293105928576003
1.15432917367803
-0.334931088548387
0.902026735731939
1.62575612336987
1.84920399652044
1.11723885379038
1.46340988882098
-0.489820329321669
1.04630669847149
1.7266544867181
1.90182488492707
1.91111651313898
0.50952829601448
0.143861876972048
1.55508485019809
0.146736223667217
0.634885183640984
-0.375856309465006
1.02478766309637
0.277706310940698
0.607134812710772
0.90856198263935
-0.435718793591244
-0.0126986634218053
-0.103152066718513
0.178271866913542
-0.180819431649591
1.46101466264166
0.675897062883492
-2.38256980582702
-1.5486617735633
0.933038249904717
2.09910485956615
2.29744438927064
3.87426579606869
2.63164022148419
3.09224204440742
1.63467768278535
2.14433460697087
1.44332374862423
1.31255516066322
0.535696824070838
2.17872440596406
0.805841289354054
-0.400352609443409
-1.09045803218714
-0.662870377666005
-0.512254968666124
-2.01664578036669
-0.834691677834239
-0.109069466034564
1.31756719089892
1.07585728150829
1.26037219746583
1.30695823877445
1.33835619328762
0.498525844412853
-0.0801016885992829
-0.921525432865939
0.290972041029104
2.04027096819249
0.774049116955582
0.709600752029986
-0.393538421189489
-1.28221698386134
-1.04890359211623
-0.264902418956438
-0.706261207663941
-0.364309759520573
-0.000860200703851122
0.531228344639602
0.0876612103042572
0.826437569259973
0.607684019681877
0.178095638353808
1.72588502077951
1.29552980674397
0.124520575662951
0.358070588631131
1.18380611793939
0.465967666901992
-0.152996439218547
-0.120460362077057
1.90262176548613
2.75576657108568
2.51005801781712
1.40479124021554
0.722481012224687
1.09353554791224
0.534562753469116
0.243736485968689
-1.04707155532825
-1.23036673169023
-1.25278665209902
-1.75051505966749
-0.790725127687467
-1.72064553282744
-1.65884109670808
-0.737717510351492
-0.47917765423583
0.198889414588031
0.846305317671873
0.903166964371396
1.3026523443625
1.57371947440234
1.46442838193466
1.76918246693308
2.03420964777021
1.78921277478419
0.676818661031438
0.693156960004753
0.404896462782138
0.176592748931537
0.960434200266092
1.72733269883948
2.0999433348985
1.91873200042534
2.32938048311668
1.13044345671845
0.134156394248081
-0.177064673530213
-1.02813541263739
-2.23202326049958
-0.844261425348215
0.777442219914197
0.746015413430459
0.614507683890482
2.23427997817782
1.99718490152164
1.13164578751213
1.25104449649447
-0.374843496728444
-0.635619107656207
-0.949415544173841
-0.935115938814457
-0.403777060992484
-0.573299518390963
0.986776961627589
0.639308606617392
1.61606582888357
-0.309615919679902
-0.11293714726641
0.333013319808695
0.0055764625811045
0.0719129068438745
0.867190803234255
0.714844636808369
0.813194129369244
-0.486473022262754
-0.614608520954336
0.781063517334337
-0.394119725369881
-1.98072142480645
-1.64773979546029
-1.0403633724141
-0.924537604818516
-0.148794357577533
0.288885565033325
1.67151320167365
0.86406302972482
2.25100856776632
1.91063988974759
1.26727852504471
0.7716652709543
0.515872150040028
0.814852038438183
1.11025767305737
0.550249844377761
0.701725781024691
0.150075334720992
-0.0628414721494678
0.506197225792381
0.928137194708268
0.975741990013775
0.571583241246242
0.179699576828037
-0.551642114376267
-0.546858788044973
-0.443209791878631
-0.842100105990844
0.688560493234135
0.911122961072892
0.352202591753708
-0.593795624109969
-0.996920581688378
0.355445333125924
-0.0757216142571622
0.461842432384562
1.10448301602863
0.373412176565657
1.48581770225003
1.53691444635183
1.1505581131724
-0.413578213973419
1.17446898997933
3.15617934407468
1.21374731852206
0.0851633757553187
1.36769034558784
2.74893092419263
0.754765325690334
-0.859338058591633
-0.911868370614075
-0.579540295964754
0.269942711167218
0.884664607882538
2.65763147815642
2.44140660485914
1.94199256828634
1.98630972083165
2.28049006927553
1.86668027658408
1.98742243336819
2.59823938962336
3.04463240339658
2.66466079508206
2.79836597644796
3.48687797498509
3.47624418235252
2.75368713128112
2.97859077362255
2.94848356614296
2.16866236469861
1.676149557162
2.33709509527525
1.44165410323904
0.891247322518811
0.0217976462026107
-0.451191911975374
0.603138916744827
0.278871784882528
0.659115125975245
1.18759392819707
0.443866919692492
0.23012972980874
1.78179132572001
1.3548493718063
-0.00394889700649581
0.540855639832937
-0.4503359876154
0.0184201317312455
-1.11603994572308
-2.74229026580223
-1.99450202669365
-0.735030250138134
-2.11897337316651
-2.81119910292284
-1.90470890193927
-1.98798233532827
-2.59793018314139
-1.32815992463545
-1.49905345948593
-0.551202975415999
-3.51469931409774
-2.985302258571
-3.1461831569136
-2.48815788679138
-2.44805598873633
-1.53854789480588
-3.9192212782903
-4.0175520232935
-3.7764503882925
-3.19486258891346
-1.7627865280366
1.37680066402092
1.24851517494106
1.82134780782598
1.53315313827444
2.21765944012793
2.16876296733438
0.959417611578777
-0.147608119033156
-0.113799540381863
-0.609729974122749
1.45736040737327
1.26405359167286
2.0015334509551
2.56567639677017
3.4173869157525
4.27793008896201
4.25773680143702
1.79708929368645
4.97706521560115
5.10165369265501
3.32412469957892
0.562483455127701
0.385425787240769
0.449016877048753
0.670790642443936
0.295415086588222
-1.44326837572305
-0.530011191331876
-1.01720040465896
-1.78272336397028
-1.96304563116267
-3.0505521475283
-2.60293737224141
-3.57540984352871
-1.3528803717831
-1.85071597178829
-0.66773917646126
-1.68447869518528
-1.29912479571149
-1.02166547723218
0.903838210337176
1.2311560446529
1.69972438855582
1.57572009744265
3.38175948577709
1.91451534689315
1.1844027517097
0.813925554351538
-0.483631711128532
1.34568108364487
1.9345556064366
2.08766568658627
2.65251232960306
1.97906277884881
2.86043007480015
1.10284691276738
1.32442006768237
-1.02996504061555
1.18472871735488
0.433052748800816
1.83780676995402
0.495635140918618
0.414909267452941
-0.111735584317095
-1.19242049401428
0.129763604719326
-0.0749734187539583
-0.201098011247769
-1.4132301060919
-3.47569495483282
-3.18532525838904
-3.99977322167508
-1.92378777633956
-0.675617196547244
-0.282259325836407
1.19912340748984
-0.478018693663893
-0.946370112793277
0.0814470657636781
0.238827037911858
-1.31691281745337
0.00516066147686134
2.71356715594791
3.27538147039979
3.18485681645706
1.78097304395836
1.89928666125719
2.69979690403419
2.08919364329476
-0.15933955269718
0.669153176042738
1.50797440892037
2.72936041744592
1.51344405103594
-0.648697024023515
0.2323603736378
0.758241733694406
-0.0297940705531291
1.39223662410432
-1.33912968391881
-0.115234749010203
0.153989057439645
1.92793253770892
0.624682266524831
-1.68915781441934
-0.637514766644306
0.630603265672497
2.17680369305335
3.0441476133148
3.78093786056504
3.87753053031056
2.52104427742033
1.97084508842084
1.32688665924845
3.01064808911681
1.67333736175916
0.669720862946857
0.355171469352862
1.80494767034841
2.01164843814019
1.54564016427809
0.698881636752227
2.52073570707728
1.90653420127029
2.07600005320054
2.68891552825095
2.42892074338554
2.29408495786996
1.6164398934967
4.29743954097974
4.58231945630861
4.42659021466431
4.45151333343849
2.90849513678426
2.6934462290141
2.24147183782619
2.95644842116536
2.49760506995024
0.205883355156031
-0.522537624358073
0.428066484714173
0.77976664706594
1.45221060295979
0.672436842558566
-1.0049272049046
-1.0862210925548
-0.377799433279179
0.951618876065398
1.20431026086179
2.97506420414868
4.10379793439489
3.97374764049977
3.01027898209001
3.22545187190093
1.56197369933152
1.68704605274804
1.14649479999127
1.85932574811795
1.75975457049175
1.84817795402199
-0.252719115520663
0.753397354784158
0.30659443270425
0.504024457731664
0.103159124912463
2.54889835055489
0.998248969857531
0.17251865713903
-0.668067387360642
-1.26412397739522
-2.22919833063989
-2.84859367124033
-3.34489109443316
-2.88127183954374
-1.16276574867276
-2.62815107656146
-1.35389659008403
-2.39021319948653
-2.53381205116487
-3.21506642532257
-2.27185142513237
-2.02752247934772
-1.74549489966624
0.10586769326202
2.01650631766408
1.57439977286219
1.21306634316912
2.10325621567323
1.76793305889103
0.863893277898222
0.154349015536884
0.56336163815288
0.699296982427076
-1.24017291627463
-1.13960935271531
-0.804369413602245
1.47552391213431
-0.0676575696526363
0.266052862377749
-1.05070409158408
-0.880175449694105
-0.615182215896418
-0.783465040070094
0.141486550835951
-0.454704416157962
-0.135625145037358
-1.35850877444755
-1.79916712914083
-1.89591427124654
-1.81089382276227
0.762557775912388
-1.03263845017211
-0.773079893461416
-0.999589192681265
-2.62042480582952
-1.84193462487893
-0.752229543777527
-0.33794852444031
1.07903811622597
-1.39643813496768
-1.73272698412458
0.0439099406604262
0.0796301987297681
-0.260723084972101
-0.039481479508159
0.33570205296808
0.155519269904566
-1.09077349388883
-2.862424081836
-3.52919611969665
-3.3068956360155
-2.52300903778383
-1.49607962664925
-0.878436050183809
-0.480516630772486
-0.85393901515158
-3.22754230864957
-2.036785709255
-2.84106303599863
-2.33372847812021
-0.584312861121203
-2.32049008324934
-2.64074556391837
-2.83789076553028
-2.93497152080658
-2.177675517321
-2.08722781084958
-0.815304181773717
-0.859316922699461
-0.372031847591296
-1.71793141497477
-0.0628991267921077
1.80324412965219
0.440864962905914
-0.519257440364796
-0.0274690687665943
0.441299408928615
-0.233281425911088
-0.279410762874766
-0.0461670348520305
-0.0106730366413848
0.334901082842124
0.0939665804581259
-0.0611838638001298
-0.515342052896792
-1.05227109876322
0.242709130913963
1.96081308668923
2.80596535909478
1.48839085556944
1.56527839621799
1.84334009985658
3.11626700204912
2.89728403235973
3.88815367939395
2.48809985831493
1.9615669927584
0.788414469330637
1.57693031330586
1.08202147883393
2.94194699138388
3.19533710660062
2.9793429583899
1.73832829386993
1.32902979551481
1.4471766343155
3.38439882979599
2.28639710434314
2.13949124181013
1.81248131119797
1.08710461105689
1.42247142370992
1.75546628008152
1.34298236372681
0.791752907619165
1.69729141336805
1.78551817718389
1.7876561962456
0.72071225249508
-0.832677382052791
-1.5995464272421
-0.264882523069914
-0.591505554938194
-0.388228916051416
-0.839620897167191
-0.505072062074813
-0.0537051079352751
-0.680016394928337
-0.103047018151556
0.0996891601318009
0.23371023853438
0.116189529970803
0.730201328895409
0.545623892540241
0.746944269486087
1.79935202436517
0.916591303061263
1.52916266317387
1.73182610802162
1.47309966509855
2.63394580230686
2.75063885012784
0.995248417365346
0.935925778961005
2.02754214266686
0.453112702122624
-0.188403342373088
0.696566666340391
2.04064037633232
1.82166331923852
0.17428314771109
1.07102167341203
1.52173091204696
2.41694741162373
0.838845763821758
-0.210631409819448
-0.493948061924075
1.08003382318829
0.65904864561917
1.54892092786634
2.06875251699816
3.10850449240869
1.92313588330937
1.60735188689443
0.650539523369532
-1.21849285830688
-0.608620888869145
-2.37051490484522
-3.9071065391315
-2.30886215017804
-1.01619793961832
-0.9727889300259
-2.16537998521658
-0.63172235706467
-1.61650017202815
-1.41189628283602
-1.28194288664282
-1.40222953164046
-1.17519970121215
-1.17166199433992
-1.47136096763257
0.00733785923963937
1.47466610093553
0.751821108845059
-1.0329520550813
0.131525311399425
0.944089255263255
0.789361147550443
1.37798314602465
1.73765789618747
0.917829706970636
0.837573197355504
1.89880530125172
2.75472548705981
1.87401945007452
0.586300504860651
0.0752739487116991
-0.121663883773364
1.43763238301228
0.924415238275835
-0.778837891844171
0.704349682849187
1.59804333066105
0.085588983621196
-1.59522012452409
-0.807012120720181
-0.576051901546788
-0.554463045051264
-0.0758438422215679
-1.22076091397994
-2.04922624830245
-1.78195431979783
-2.41340860658492
-0.13341205991683
0.879980901635807
1.44153826988628
0.427250886249038
-0.0446539600256717
0.0162546471411776
-0.295106707795519
-0.85055421272428
-0.463961597205063
0.175854158021275
-0.93338633344618
-2.06359742199177
-2.88048164084269
-1.59902847543482
-2.10397314106968
-1.71634608096268
-1.92576283207895
-1.93990078054777
-3.54860223441198
-1.42786872801253
-2.1729783731824
-1.55368371682358
0.945940298699363
1.18250358621995
1.06632268425941
1.68228204467054
1.49146742533084
1.31496730235534
-0.374168189979892
0.48093414456704
0.0630903066701058
1.55639640902358
1.16042217741691
0.239069527733655
1.30585356126056
1.58967724996798
1.28376051315465
3.02792276330732
1.04109344220285
1.0681650034583
2.18927781658052
1.72877412379194
0.274799505163285
1.1196535026611
2.31798400416487
3.17801108301707
2.89920077485635
2.35509451486624
1.99942148298197
1.71622615825759
1.43727391342963
1.0035908826499
-0.445478589960856
0.139427719975199
1.42966928839416
2.07922703936897
3.08597849180682
2.97194664054128
1.77741035483242
-0.439690814544894
-0.574097401212265
0.498811399573257
0.453240834536038
0.135394557137816
-1.6659668962239
0.193380357517403
0.622093225157127
0.186029754582947
0.201810525514856
1.9818654724341
1.56525146638399
0.821951660419592
2.09166474770646
2.13314976463754
2.4088880542252
1.54979482424921
0.639532089074468
0.115138511114678
0.0322068811274808
-1.99534495803432
-1.16630029866814
0.0788290414990922
0.725779453375483
0.12417213383145
0.655289830831771
1.77841402703237
0.553686703952585
1.84362434538765
2.92189139102655
0.947360694282233
-0.153465549809902
-0.642795806190276
0.378371709364749
-0.717962085594764
-0.730172116608409
-0.762803419936889
-1.19539778951095
-0.797908961450854
-0.866988223118139
-0.444930585429351
0.066117756249912
0.761838295830324
-0.725304063656195
-0.769145522012443
-0.782149680537988
0.0246649519521213
0.466656482442838
-2.28483535735108
-1.62663737326109
-3.12852087215549
-0.361086743151428
-2.33051587491991
-1.6537705072218
-1.74702047436815
-1.59897831052786
0.161182324478979
-2.34146781617481
-2.90203973609495
-3.02637801439071
-3.05228317438005
-3.52815722218105
-3.15679675859947
-2.52326897449845
-2.48216543449006
-0.486125917923572
-0.666883059987835
0.339177744170177
1.27983142424677
0.313963748118334
-1.2053127538769
-1.83075272816156
-1.93202529480778
-1.73377713325962
-0.298060979951415
0.907462371900103
1.35539267109624
-0.388927734090373
-1.5962652486974
-2.60025380088495
-2.44680006336886
-2.04777587037171
-1.05331830585749
-1.98439056495993
-2.18825100776776
-1.30050974252157
1.26374333337831
0.326744378936487
-0.310341624287044
-0.126012569764837
-2.07100068328161
-2.17430859140873
-2.58099220289634
-3.8652248544426
-3.09696593875492
-1.10615423646512
-0.170734901768085
0.0639457866163712
0.128272912258285
0.0020785962781284
0.00242102945306321
-0.66092162888904
-1.26064225787023
1.04467421052026
2.10876431750142
1.2271973353989
-0.0158371079635469
-0.129916947632765
-0.70597372646402
-1.45045158464434
-1.50913444824507
-2.85107574665531
-1.33761159524697
-0.731029782702708
-2.91260280546468
-1.82329158655641
-1.07424387589597
-2.42792282321978
-2.44536223548053
-4.00654190260012
-3.05988760368555
-3.83686280026178
-1.57135172323227
-1.76792515720451
-1.22420309127245
-0.708678940512116
-0.0240254374216579
0.0470602410609719
-1.49820476123184
-1.1443035325115
-0.0265741862539657
-0.643104136953678
-1.24955816323024
0.0286048105829623
0.00582864412112515
1.16476986579521
0.761515064439483
0.875811030145467
1.45135825033171
1.22714646680348
1.49540630513756
1.20346324852972
0.20266184246724
-0.0318365872026073
-1.73356675981852
-2.41522575290236
-2.30282254590043
-4.38201016005653
-1.76272224283445
-1.25189807236052
-0.052304769792251
1.19225826932874
0.881955860700147
1.98052570750121
0.153267188959875
1.22202437069158
-0.329157319608935
-0.102981433426085
-0.282189508183144
-1.19015273659538
-0.535822309602981
-1.34734976427606
-0.7700217077686
1.39898704736952
0.187519926589641
3.79126838241373e-05
-1.31777871357514
-0.989840694546346
-1.91487255158918
-0.406668172260648
0.202706330435598
1.2330459813138
1.2512461852935
-0.129573907960456
-1.01875503804053
-1.8606638064956
-1.88726133182735
-1.78953193755409
-0.543633103308249
0.334125625156393
-0.549625495317114
1.03340411251063
0.0791532465810562
0.603918630918187
-0.159982628852422
-0.0931111798407566
0.363318640429959
-0.287465009929711
-0.555762498208315
-0.10410144229963
0.824112308286808
2.09067726571082
1.93896180973669
1.90400912543085
1.75801206069923
1.82216354474544
0.8244614054522
2.59211026727636
0.655200378488197
1.89529845611468
4.08932992272949
2.34583009528067
1.35532718913899
0.618322664304444
1.42981007097332
0.236685169806601
-1.42027490864967
-2.32547692767152
-0.149733258528104
0.00225282867037593
-0.154118335231138
0.110380479286188
0.333873301179865
0.540642450705266
1.91235288913652
2.63719159527011
3.36735618058837
1.47455801893399
0.777445679122221
-0.777823503545159
-0.173832689528909
-0.547574341134403
0.511414410518882
0.0578655499943392
-0.825598176191623
-0.372365903508015
-0.703216445420871
-1.56902019268922
-0.613222047643814
-1.97742679946375
-0.663198634441269
-0.554802324104712
-0.941983262220589
-0.0553915172108057
0.890740085771809
1.25826841447937
2.2523484117098
2.18049285505561
2.92931201391592
1.1233371416838
1.60120212372429
0.842710759788059
1.40600515458045
0.608394369072397
1.03588022679903
0.348144433237028
0.713642139754239
-0.282143578465086
-1.92778019376217
-2.87493078309437
-1.31456045985732
0.244860840318487
2.21463949994418
1.2457586781968
0.79058907719307
1.79147284252728
2.057813418852
0.5856986928864
-1.21184790643958
-1.26031940514957
-1.46251442202115
0.471526140717778
-1.12442644387545
0.223130858368405
-1.62320104968884
-1.10319499177195
-1.98578451791589
-1.34158327077833
-1.13253756220864
0.0193897593893134
0.196724746082004
1.29337381823918
0.263263673933835
1.45436468294611
-0.778228977702998
-1.7287050333439
-2.54778438152296
-0.354158474729565
0.504650506571965
-0.113582986611952
1.92028011352342
1.10570153016181
0.601848401774599
0.117672091827573
-2.38785100006526
-1.14692806289746
0.303938247519918
1.51183221256832
0.581030894411305
-0.177882014145555
-0.920004491775222
-0.97321469941114
-0.345459197593404
-0.466488613358602
0.0735141671789205
-0.728298796966363
0.167280176853879
-0.135486764553826
0.764350446815356
2.94630628940593
2.40006680272079
1.82016027660321
2.27360246164809
0.817827309071884
0.314395538171593
0.00996230362540002
-0.133990685821534
-1.41369892073572
-0.185145846116636
-0.973187962027097
-1.10534154367414
-0.678370348504605
0.0511145142661468
0.0696848607100737
2.04121060526238
0.234156669115718
1.57691752213958
1.69161455813205
0.593284395237531
1.32407045989068
0.534361282545814
0.347153965429498
-0.450541913616059
-0.807346634497075
-0.830345954509018
-0.980272208927192
-0.605370971679258
-0.739941603685389
-0.0146041167000488
0.778263323098397
0.795805063271067
0.417831255457742
0.651400025857871
1.50500831853176
1.62320049753402
0.154801054755727
-1.36335646423756
-1.01762293874698
-0.305915899808751
0.468224667650682
0.653331390891275
-0.426807007005989
-1.32481690452359
-0.859268880501429
-1.36781545572895
-0.391546827014876
-1.0974356858007
0.288921562999096
0.262711570302499
-0.14742401527098
-0.0571921099318019
-0.484884769378008
-0.6257471549213
-0.99356697003984
-0.27057723005154
-0.508173006861523
-0.660207758634767
-0.481295178653864
0.113304053855265
-1.19183791582506
-2.37038671980115
-2.40302216246158
-2.88267616786044
-1.4617995491977
-1.57014463288405
-0.62191512747692
0.190134147621042
2.21071513785304
-0.389648740170315
0.147288962750532
-1.05289135399249
-1.9338797558063
-1.78759609436521
-2.03758752781803
-2.37618371575351
-1.20210698972162
-2.22504925171476
-2.37652569032807
-1.96156216457944
-2.02684106819515
-1.84911336303098
-0.645107097745346
-0.492614742532244
-1.14448072878935
1.07737840948085
0.974354169519823
-0.960109216741722
1.29422997396933
1.14563867418057
1.16764601142079
1.80166835975005
1.29046838961854
0.606684955885907
0.472023156953222
0.549335922120277
1.01085554630369
-1.08863976538147
-1.45061684486165
-0.778823706795377
0.0675181539060153
0.868588461088202
0.547868234170947
2.42059562957377
-0.0622870281763919
-2.2937533285576
-1.37287206803242
-1.63102577439252
-0.613903707022704
-1.47455233740718
-1.24827839639112
-0.581223444346225
-1.15393814771518
-0.301553601063777
0.661994610105508
2.00072073459645
2.48261985379424
2.26167173892076
1.61465090530193
0.0392355491250156
-0.652413553951375
-0.398416091703748
-0.810820155592275
-0.657733926155054
-1.961737314295
-1.05830649202086
-1.75655420530032
-1.50351472733889
-0.500602612817873
-1.99056778745139
-2.19511992326447
-2.43210262316406
-2.19207297381473
-2.80687112611475
-2.94700211509151
-2.57543743649397
-3.48938673859057
-1.08635523009284
-1.72547390662292
-1.41912480460256
-2.56049923310158
-1.97128917564353
-1.46752730946002
-1.20499429501312
-0.942393578163428
-0.947391294649339
0.662126256261864
-0.15450075834481
-1.86974140522115
-1.40245573894431
-1.4579215061913
-0.609244191993585
0.280399341885919
-0.341551507143009
1.00627481012134
-0.0824125098331514
-1.26709170142572
0.261433260487103
-0.572553039544778
0.308102875680993
-1.15283682461749
-1.52736866752708
-2.43317738763763
-2.67761639152994
-2.43285581402754
-2.32558255812324
-1.75992792768076
-1.49488356467918
-1.1058650661526
0.125355468689533
-0.528598182632076
0.18857006138754
0.38172746874673
1.03453023901356
1.22620946964261
1.47132107845631
0.369452161907665
0.236285153766465
0.168870651640709
2.11556553587125
1.063630745436
0.894919636342383
1.32112520334304
-0.0112965900124031
0.770393999129863
1.56201707697773
0.256032535844497
1.6353673371451
1.47703938148853
1.91997092022203
1.96788125904558
1.42178614804741
1.43795861065908
2.57408975369448
2.20772194328784
3.43256348873257
2.92551704833059
1.50615861560612
1.98296860253359
1.10087754810534
1.24276837194326
3.85441765898115
3.39014334351059
1.7432206461907
-0.326795530460129
1.13898000677428
-0.149203816936103
1.22768447500458
2.19775559778328
1.21435501685858
2.53233768805556
1.04061502450716
0.331058620569395
1.3150459776967
0.878974551761252
0.511082567208988
0.629050649935023
-0.23076665255239
1.04692107532182
1.82439114491751
0.423820268484127
0.789045050287701
0.109374439727005
-2.86357994531234
-1.85096537974241
-1.26898230330379
-0.506662882881746
-0.660327985172617
-0.883127931830565
0.930610466244224
1.06264572170621
-0.449161750899063
-0.641956021397746
-0.0808715040873697
1.25331845818671
2.92118303925826
1.53398182992012
1.53638481567665
1.30511314810299
1.01086427516042
0.747545969317974
1.43530724929572
0.445197283329296
1.66238744968702
-0.91901956701385
-1.74503552697226
-1.98374332807699
-0.519460757896075
-2.15793924270661
-1.08206075260983
-0.299532366404938
-0.819796111077436
0.749347116711447
0.0200971659621818
-0.13078504639749
0.464789964481346
0.765947334308413
-0.0701958628340734
-0.134270084432475
1.22608388432511
3.1898234694617
2.59496145899208
1.97996847238857
1.30773501985122
1.58098550217231
-0.189369730621746
-0.342752822575571
-2.27303987146043
-2.00670634750803
-0.910137925690458
-2.11097961116303
-1.6763293688788
-0.610373279667231
-0.127968008764091
-1.60551746612282
-2.05780157388567
-2.63575612603327
-1.80171067778479
-0.91818027296976
-1.92808233824686
-1.54920950763194
-1.48530000894025
-3.02284553434937
-2.36828633950054
-1.71365064515098
-0.922781307214906
0.375478484098417
0.136428253967559
-0.470305668164369
1.87648310915136
0.910280234367426
-0.17988930994527
0.857071708628301
-1.60203555159775
0.317930420792017
-0.751943717338763
-1.27415654097502
-1.76830843084688
-1.15303020043277
0.241408868228712
2.29379724300243
1.96404898688635
1.70543923871492
0.385124356044405
-0.0776590839316723
0.92100008558819
-0.179452053020793
-0.381434700657096
1.17803846494401
0.462136303634934
0.0902961469246737
-0.609877322574923
0.428858466230942
0.328309027455989
0.258557409550086
0.832343160628659
0.921233889319485
1.98707535876229
4.20044719474445
3.84668611210705
2.79476929092337
1.91181004581019
1.21782357679013
1.55665926318701
2.81675840149023
1.00419434139738
1.15178942580682
1.80632520123302
2.24513524280758
1.62389191620315
2.05274618995447
2.45199490808321
-0.029483782290517
-1.24351511357454
-0.614912628337742
0.253823583317369
1.06588201333708
0.0423263630357916
0.835062822303911
0.0361892305059042
-0.7768036241034
-0.0682172473729774
0.269956316464875
-0.0374752348267553
0.703821834712128
-0.104124338359253
1.07386147411725
0.0958508826288054
-1.52967391542848
-0.840441959701948
-0.315107291946665
-1.23801760617093
-2.27856356618319
-0.854913474622668
-1.19163557490906
-0.210484940192952
-1.69941185741763
-0.657730838500367
-1.51088180053067
-2.54330085999579
-1.90517654807691
-0.140018540211507
0.868898589022908
1.26602439055544
1.89712592843737
1.94175609361607
-0.766503181927978
-0.358093217092386
-0.176486062811348
0.333500903345023
0.568037164990835
2.00909241561692
1.16505752761381
-0.283245219084026
0.0357547601824236
-0.0821051477892184
2.00299011396713
-0.331962545669002
-0.168284091572354
0.552457996711417
0.51850947144438
0.208705071173605
-0.955739260501565
0.851521125504158
1.33653087627473
-0.883244557438937
-1.72085170733781
0.621436696289787
-0.000302437478122974
1.14509258708335
0.581099321315617
1.23124306668235
-0.147730061032161
-0.917185517518855
0.558956373003643
-0.269708754322952
1.21687933184061
0.330713993501052
0.177120753568316
0.740278169647965
1.97632797534082
1.88652949042605
2.90040215758498
1.07912948753235
1.96485126048132
2.5771966777906
1.32081728798335
0.728127621469428
0.1396363650117
0.816544599246388
2.78333968003964
2.47035752207576
0.866264131604352
1.31816266914706
0.107661745384246
1.59253077749857
1.38291958023239
0.640312705857427
-0.427684359506362
-0.600893703777876
0.995285746337337
1.42344881031908
2.28793933562617
-0.0266399173057579
-1.07090178022264
-1.51591567112471
-3.44999369370276
-3.18825094718073
0.129710896918406
0.78977012450176
2.68007648916832
2.63220636333559
1.72164548469787
1.82230915407057
2.11478668276481
2.44745458543942
0.310115335021943
0.622685116514643
2.01815354299124
2.30094421187548
0.533850361672946
1.80007567617663
0.0971310235187637
-1.90057305524249
-1.97940975780065
0.407352229475318
-0.656772523688517
-1.07289153770967
-1.44556875541297
-0.788644356459541
-1.05623695641114
-0.619359591037595
-0.394717985899056
-0.610889798128169
-0.452160682516788
1.40887100502894
2.01353776469959
2.46710753924552
3.11486905544302
3.62896004588178
2.46479351585308
2.50775501520916
2.91906851630519
2.34883993088192
1.60202706762756
2.95506037735209
1.70128125375281
2.76165107636833
2.06103520259861
2.0075475447323
-0.490140509885539
-0.162123532549859
-0.466887934510337
-0.346462213334996
0.553627470654589
-2.25765517915483
-1.39122652394419
-1.06761750391742
-1.25973348362026
-2.12631096803329
-2.56752194662852
-1.90061869139419
-1.91695043181767
-1.58401240930409
-0.812446625927454
0.202802091934039
0.708176108828986
0.723724398025757
1.73141588579846
0.495298369270586
0.24150339344818
-0.488712336217601
0.459396721995525
1.76206838394232
-0.0843370543900768
0.56178003275525
0.505873447569588
0.040003917453
1.54324381558038
1.19377343333485
0.911831224962754
2.7625247021463
2.45061727910559
2.01903215538547
2.07531147028794
-0.587295563712147
-0.158255711033059
0.415388825969161
0.143921718452735
0.663565636372331
0.701090347984085
0.385736583317509
-0.252858361083257
-0.353319242917363
-1.07884275602959
-2.24439248499255
-0.10186028248139
0.10699464236997
-0.266797134622543
0.944961376522081
2.61010551586274
3.16257173369985
3.04535440961217
2.61584612452334
3.05260041134878
4.010299704352
4.07274315853994
2.19132603019798
2.89903679134875
1.99880334686061
0.967866147874735
-2.12694533971006
-1.10828743395954
0.29956714080977
-0.341310476818463
-0.766009801165354
0.18008344629044
-0.718497413428722
-2.1252985357285
-1.05920125796405
0.52836088568203
0.103698512954598
0.69717100062958
0.823172779827213
1.16594741610409
-0.110349671922843
-0.574765481563934
-2.21050209750639
-0.346507182266927
-0.136376026969844
1.34009223084196
0.426179981069413
-0.111241123630199
-0.59642279046149
-0.161531540994295
-2.01739761592293
-0.431713989191475
-1.07386405611559
0.379606675697966
-0.674795756711303
1.187855752956
2.15348851378637
-0.0362248111863537
0.556634966696483
3.46052467578653
2.83758704063336
2.13511384900689
2.59767039685656
3.55863691851113
1.09679753553292
2.12256909494177
2.46354638567023
0.836258983067184
1.18784518691567
-0.258529946908603
0.485687135630588
-0.395590199692871
-1.34732123448522
-1.504480761342
-4.24747993473476
-4.14049053823077
-3.33113889299333
-3.41072406873142
-2.23226413179822
-1.72726063560357
-1.18748136207142
-0.807888923472221
-2.17772098018383
-0.862994901119778
0.863049177767171
2.38105284502619
1.50557967359051
2.3596434879673
4.38485622488762
2.20801437930942
2.24392436935492
1.33048143426065
-0.288066065011088
-2.20577858918398
-4.08646818641987
-3.19189259021919
-2.54528451038815
-1.08630987081028
-0.392336372156773
1.33608531929472
0.307462950300216
0.497451327596597
2.4794944672224
1.61657111910651
1.79587242915714
2.07032799889059
2.37644985607386
0.41709946574581
1.15420049719845
0.113585760569965
0.517653887775389
1.50080457776629
2.21415652120257
3.39214050921402
3.26895841361531
1.70196930662797
0.870706485354744
2.24418450194839
0.0487244722453937
0.0715647134268098
0.0129541730659755
0.267994101692226
0.230190343733339
0.303144985814217
2.15806759521231
2.46353509856906
0.904437216173644
1.55956780687793
1.93398712383124
1.12853948913192
2.99128496409376
2.84153396032492
1.38753188522765
0.0126421326551391
0.123917778977546
0.00499959342728754
0.469466364961158
0.562604247028565
1.81598192176656
1.84130524382126
0.893755296929979
-0.169598396986684
0.42939051720596
-0.717628765367862
-0.691199632157522
-0.588882041204564
0.0248720755176259
0.180664984258249
0.68593628736604
0.509702794233269
-0.590717425248075
-1.63019830411702
-1.65888215673062
-2.45983052041951
-1.61047987799977
-3.03917084516403
-1.98404591287265
-1.53011062103658
-0.708551110838732
0.82742612502069
0.794325739886617
0.135272792752119
-1.48577699410353
-0.59265921912954
-1.35312089823854
-0.810734384273555
-0.803377255720882
0.905866234435647
0.479009279779459
0.676751961398559
1.40496493124565
0.310870432288728
-0.842890639117674
-0.60906682359024
0.988948705310271
-0.934276839421823
-0.149157617562252
-0.937605775358065
-2.22308888028304
-3.21504557764787
-3.20334684458696
-1.21257121500104
-1.47498024086024
-0.624360909706297
-0.934233728422535
-0.97476175199555
-0.324098554208068
-0.930104517495368
-2.84825048982784
-1.91140166401668
-0.683851426188804
-2.09090724632573
-4.49001335191103
-4.0834593969969
-3.53631536368712
-2.8007130359539
-3.12429287058646
-3.73183589618473
-3.05040458923499
-3.35645563833874
-3.98681198919909
-2.24877834859391
-0.726293402580848
0.171847575864514
0.9344420818778
0.966096786002505
0.938102279300642
1.53272251344302
0.218545926958933
0.727315183551375
0.92667448995249
0.537383659745587
0.859394789917143
0.83631624801748
0.617425777570719
1.65940969101728
0.23280176212311
-0.21227984685327
0.636286801867551
1.52925717129319
1.02478340960227
1.12856905741241
2.03816006535147
1.56069299198737
1.49871940014741
-1.70844716781745
-0.221049418158264
0.498831388141573
-0.881134713077252
0.113576198837824
-1.99435285544041
-2.46229812496646
-1.3318296154947
-1.4041674024285
-1.61466267380073
-0.502373664553833
0.183142785589264
0.670152452867689
-0.754639312088166
-0.152050741777215
-0.240206534817205
0.801286055412056
0.0835145692382603
0.494784668070102
0.695398205522469
0.229888010945969
0.814526762708393
-0.789477880279252
0.472597735559913
1.13003366610845
1.70154456060881
2.753871956968
3.42594102601415
2.77795500937637
2.95550869308958
3.13767033417508
2.40477453483587
1.84117912369015
1.2630768810356
0.484767544509892
1.14469878806601
0.686710771856915
1.234609613622
1.63499983687932
-0.0410533369952144
-0.295121353621974
-0.712358756388978
-0.515536001338994
-1.92791681692015
-2.09077044975315
-0.198165966340039
-2.52545777412835
-2.63281643037667
-2.38478643011133
0.858687982507805
0.742695626600107
-0.296030495335285
-2.24037627018365
-0.802286967201198
0.505944217542215
-1.66714873049798
-1.86541893946234
-1.79170513893452
-2.50752460817643
-2.89594880895671
-2.88030961865967
-1.25223972486537
-3.8548134257977
-3.4506161331952
-0.423411656168852
0.0295191173017423
-1.36946994896619
-2.38573494637684
0.0384894180679376
-0.796086123456835
-0.200303980937259
1.44170169333975
1.98022872773152
2.9165209281851
1.64866776160889
2.28533902515131
1.792836660211
1.88306967480043
1.52769240946996
0.791285366919213
-1.28085488257178
-0.648060255887663
-0.291854297006177
-0.252612168171785
-0.642817414100712
1.83719705492884
0.79175100234739
2.09994153700207
0.800283611630381
2.29383279632596
3.30740746041048
3.19599850872465
3.02762496551748
2.02581597123112
1.1873920047692
1.17092261323981
0.491672249707833
1.71930018771333
1.57766113889645
2.15876277761222
2.2259993798329
1.94951377377652
0.931630220351159
2.3292316834459
2.42656234347475
1.67899161156341
0.969134427321259
1.36574384517343
2.41176923637286
0.837216205865343
0.281870447819191
-0.43845873843763
-1.30714340267142
-1.74847298220281
-0.175367987305526
-0.545159841263865
-1.80806406528592
-1.52627605626754
-1.64106775790627
-1.44554496624383
-0.901120731346107
-0.14789189222596
-0.0977949809863379
1.28940924936013
0.684807139159163
0.649687124086863
1.03271024124383
1.69303204836874
1.45131949058541
1.96076067265708
1.68424890458559
1.96470452656119
2.95020948066351
2.22725959974236
0.186852643717112
-1.08236475713095
-1.28691257411905
-1.18257344436027
-1.17578595277192
-1.3701318006569
0.158266704591547
0.77387043448725
0.646248883706758
-0.148610257049995
-1.80213347713226
-1.56384009558788
-2.68747620816371
-3.09608550653171
-2.39710714491857
-2.31762679893692
-0.225281470246211
-0.466589969810629
-0.973394841659386
0.186502480069703
1.33092180338052
1.02911388575561
1.08145986115039
1.31198510576663
0.203970136263626
0.226966328227336
-0.0602584480159882
-1.21174634190187
1.01579266767847
0.576369611880073
0.924517837462923
-1.43402109588655
-1.05712360579432
0.415463739383796
0.607905982817144
0.242100513884239
-2.01259464065116
-2.06868744096027
-0.892640877528642
-0.872415869504951
-2.03660276538121
-2.21220502235299
-1.94695508504643
-0.941165940904055
-2.16987732574112
-2.01867594430214
-0.631397252806095
-0.665366662265878
-0.35727232165135
-0.956558028042487
-1.69919178100442
-0.738663362999278
-1.80512635411391
-2.71584667625778
-1.94990067214924
-0.445426185995567
-0.565522591222466
-1.65673615691984
-2.7556514295304
-1.49660905366949
0.172274099910367
0.123267807990329
0.744517210649403
-0.132419159284931
-1.69307512083986
-1.74233846067564
-1.82724651345545
-0.920891495104683
-1.33307515818806
-1.99634647494456
-1.60391141475052
-1.63004059110212
-0.426687254794862
-1.43085128171736
-1.01785799509263
-0.894786865169283
-0.166415719543351
0.104660047757865
0.355549673697942
-0.763968150610561
-0.857765740886381
-1.71186777059283
-1.01856435840401
-0.963693954820716
0.897381174527846
0.586243077332942
-0.272321974558921
-0.569335455458478
-1.59428911791354
-0.0223058137897507
0.159365584406711
0.201567765975356
-0.52183649520787
0.10052239629959
0.345747939787739
0.361508788789987
-0.079188740215644
0.356592438551472
1.14785340235178
0.790216651103373
2.64794914247203
2.56968296386384
2.83106754954624
1.53032413130433
0.480738442489087
0.66867429370008
-0.426747974970209
-0.980270475702299
-1.43892929492803
-3.84453850515945
-2.50014371229404
-3.66972720359484
-3.72064910068255
-4.91909864244905
-4.41770075228968
-3.55530601009658
-3.2366594786847
-2.58718496183514
-2.79331580395701
-1.40164232651023
-1.35854310334616
-1.00399789707491
0.120056955025594
-1.51487681268566
0.434080966819743
-1.46811983012125
-0.869102363761952
1.57786989041348
1.2564777569109
0.140886540831007
1.755339996654
0.434545976001972
0.174621370531649
-1.31488515580652
0.638238796666228
0.106611410054674
2.04753355818736
1.18827845546282
-0.927885382226302
-1.39788457483863
-1.3813666714248
-1.5559425479846
-0.987365567175798
0.265199595981428
1.14097271137809
2.01087360660281
1.24104380770193
1.88240277174377
1.40294572729717
1.4258211199819
2.3768430432461
2.89756581945535
2.97659048447456
3.96903379788283
2.11133355484208
2.65836090175054
2.5997926164036
2.44923765198763
0.0205442381780212
-0.213494806030708
1.25656825126316
3.70669618404289
5.25751088077036
4.66413455125255
4.87819983393318
3.35233995662512
3.07223958836569
3.98046322772256
4.72044617994343
3.21413827697033
3.12909381920205
1.22569805012425
1.20286301874663
-0.477619459835676
0.527111666550556
0.855227573344311
0.912401290171015
0.634221695160269
-0.27408728634585
-0.755193677968513
-1.2360376445545
-0.358530046667372
-0.760293575168809
-1.93513939429711
-1.3092003034554
-0.781699593802326
-1.34862767323143
-1.89656167960467
-0.699017490537545
-1.02796668065639
-1.44717331191541
-0.905672499829565
-1.13262620585417
-0.623175821935795
-0.500091247206842
-0.237152688855416
-0.995144742002314
0.255274225321556
0.0229231120870913
-0.76977055001696
-2.39247163396674
-3.27766069899994
-3.06173434702079
-1.72643022689778
-1.0924150549525
-2.13363494306837
-1.95134809178929
-0.597534335950593
0.283138795122656
-1.48270955312598
-1.88699244760759
-1.58805561322874
-0.576865303642456
-0.784669316499576
-1.29846116427904
-1.14452385413106
0.331873983620279
1.2409509836334
0.987193520001703
-0.617947572250667
-0.0015289279989068
0.307676350373259
0.931493446653461
0.10610841969928
-0.283562842664615
-0.00723601491790329
0.303701303368818
-0.0548143128949904
-0.114241251418852
0.310860522354362
-0.116980078649825
-0.0430726644885817
-0.961689150057117
-1.17410581592855
-2.25688876813466
-2.89876118446336
-1.74476930254821
-1.18348897632725
-0.897036691155585
-1.25401267446391
-0.866351270922239
-0.139096615486515
-0.00521481461356917
-1.92685502697103
-0.94788682748542
-1.54555128880559
-0.431083656126505
-1.87339944121103
0.00172993872384319
-0.182906813615541
-0.869751706714704
-1.69442192069491
-1.30078606714193
0.363555469737395
1.08206932497389
1.91652567331098
0.915212619472124
0.32838923748632
0.303838276537797
-1.26164349685434
-1.3753097358193
-0.800745372459001
-1.75784406756791
-1.38235345879027
-1.3593570842464
-1.25657285515723
-0.23472197728644
-0.173463850516997
-0.0538482723930034
-0.0912630749886897
0.481849792645667
1.44947363787519
0.327009966718973
0.320812341780768
2.32748776354509
1.36547676419132
-0.87363571682128
-0.0337685226728524
-0.226652549074527
1.31658180923287
1.43157628901325
2.85799449475209
3.53050718718806
3.46550930276073
2.72469544825757
2.85476381564064
3.54568898346395
3.73048534373489
3.03643902908251
1.82194925233521
2.73041867006767
1.24650270944847
1.44949058926096
0.846788634154295
0.757779650444247
1.24871482829262
0.847756503976352
2.0448973538091
1.29884724642523
2.16651297557315
3.39767787898084
0.589532087263279
-0.52062282839057
0.344935224610018
-1.23716434078668
-0.956794534272097
-0.744008707506876
-1.32667393838733
-1.55346991279368
-1.10055856928685
-1.01115810885753
-0.0400362709326691
-0.684376704895688
0.296583107126445
0.236655840783989
-1.04100277848193
-0.670388148181773
0.0544806296912631
-0.189833746307482
-0.750857947211385
0.566064529699577
0.110188919479731
0.811699787351858
-0.541847401184761
0.334337274821158
-0.567796196272597
0.0223245302116042
1.16789922127231
0.43149415491765
2.54136022206484
2.58418131890252
1.61848000133625
1.43457250623816
-0.899995456432651
-1.35919695293702
-1.18517748964828
-0.722309687705295
1.7695835509957
0.934661273755938
1.35598677912696
0.778703116840549
0.525330971358283
1.77756459677837
2.61499652045528
3.18825525356662
3.04239219171575
0.600430102011973
-1.26887124013121
-1.14780502660939
-0.00535524461943604
0.0536140078822518
0.835139676317524
-1.25810605542582
0.334075424077735
0.0859923122317085
0.634654347812616
3.41006800646822
2.76260523306357
1.76767545675574
0.569248973642774
-0.617717372095431
-0.92467417017085
-1.83449993064515
0.142743081430494
0.278133942851869
1.40876516414935
0.561331276718513
-0.224330869033273
-0.704520692492683
-1.18846398573965
-3.38339633855544
-1.74673915264519
-2.0643270916609
-0.985343548025939
-1.52806878877623
-0.960596463994997
0.44033771254899
-0.927794791760348
0.540959123458102
1.96441055717741
0.893055135719866
-0.112643503675379
0.136418319756454
-0.18207190876622
0.732657808251228
-0.395579976724171
0.125883552396146
1.30060655134103
0.425931670344174
0.953257648382542
1.70859341684401
1.56039275047947
1.69904409159121
1.82729561188544
2.11319430704028
2.64257655425838
1.60734669606221
2.15174477411912
0.522576848336207
-0.921071271828895
-1.24860751303369
-1.10272427876394
-0.268017427148612
0.523413744064453
0.0678729745477829
-1.92417318585765
-1.72068709703077
-0.554126735127351
1.82614614180405
0.561471228376462
1.38151185051848
0.340987747040618
-0.086912016398263
0.149858498248984
0.0858291716787228
-1.98373029642235
-1.67558211560837
-1.92643059122581
-2.16029383077484
-2.76975887037802
-1.02583291764506
-0.91948598259504
-0.646133182802542
0.903959633494402
1.69927968041262
0.928100596404265
0.214855352694541
0.624929983751067
0.0873974619752226
-0.623744236005858
-0.867899816259251
-1.88484681070595
-1.97764580615149
-2.11197667939922
-0.328796766170502
-0.247106313292105
-0.437779888438303
-0.447525794579925
0.710283578952175
-0.131661069426872
0.575939713673339
0.682547747631253
1.15756067908322
-0.996744466047044
-1.78513990452486
-0.252605040239996
0.0189938803417944
0.205127587255229
0.721618665295625
1.14914570333607
-0.510184236518244
-0.557856319157857
-1.12895986977218
0.0319076948130893
1.70172658580273
0.773924450224456
-0.10300072432377
0.479968572303016
-0.638904883941658
-0.760206115133571
-1.34665107447519
-0.866877548663043
-2.13018294535431
-2.02296501045739
-3.00562621622972
-1.86882108631545
-3.50030151948667
-3.78112899188689
-4.15981090712967
-3.79060351123545
-2.98729821480723
-1.85772960404112
-2.35193251919918
-1.04601526798109
0.11107070994372
-0.0237373621689714
-1.23119386717994
-1.12086996231101
-0.800929041312362
-0.126952753441424
-0.238104444707352
-1.07166748171713
-2.11188175063375
-1.90580355068259
-0.563690005838911
0.372726925761295
-1.04398757484945
0.529264909371767
1.52590150758966
0.230427598238179
-0.464651290053458
-1.15120362185002
-0.407957760553466
0.963998569611737
0.248069155257869
-1.28857325801657
-0.159626168698605
-0.891091619823701
-1.3268194297347
0.33022811705652
-0.570260525097716
0.0630216745391102
1.36771798929862
0.443763326811602
1.50765380229625
1.60757637540374
0.40521418748146
-1.25208170638777
0.435931282609526
0.0165654758424295
-0.983298007233748
-1.4055196905086
0.968524613736443
-0.153491619675876
0.350896769661973
0.428826324212136
2.1284753156252
0.765532734211549
0.865922616796582
-0.646316236720013
-1.55588789410844
0.333142951438583
0.938362580063119
2.67587573932097
1.97987974079809
2.26553696355497
4.08483061861073
1.76891840277583
2.439449053174
3.19855200161515
2.38677093801922
0.576842458644012
-0.583942241929814
-1.12950955652849
-1.06190850093936
-0.287120478390135
0.760459243240277
0.906369917655383
2.93601962073189
4.06580399283931
3.41948432517269
2.18589568837589
2.88449758637496
0.0447447938131935
-0.0313892171958072
1.60689059686001
1.34881158432592
1.22227564257453
-0.983751723667087
-0.816582280495262
-1.66784651231761
-2.94242445611519
-1.49959163117373
-1.073490293197
0.596840041900724
1.85469830571544
2.15061242773807
1.1261294712237
0.662407327289308
0.575975274990625
-0.23701050720087
0.510255314462232
0.765462660413144
0.793411191897103
0.491181910148129
-1.21393472326459
-2.28039672684759
0.37337579597107
0.0926637783257944
-0.969949078889519
-1.42110274957058
-1.85750901540411
-1.28700044487654
-0.653057879637909
-0.42975503874147
-0.984305914991461
-0.84200428446633
-1.72202582662888
-2.31581720529883
-2.7362452081684
-1.11337596085118
-0.903776691535326
-0.915917310020921
-0.373205829146556
0.440789338179232
0.0914320057926796
-0.467502327134861
1.37116076475856
2.11138646753401
2.81189599725937
0.794082044398371
-0.255978228828753
0.287390178949741
-0.177125204016792
2.03751256623317
2.28289380016906
2.21704466059263
2.58876750341527
0.611954856513518
0.302449593094493
-0.925808530989881
-1.34438346107072
-2.44553249121677
-2.09137625717083
0.434115207597842
-1.3373362096823
-2.80351819332698
-2.38325576475229
-2.79789136205534
-0.292941355196818
-0.616541311213549
-0.459441427553353
-1.95233548572544
0.380453016354446
-0.845172204592444
-0.693723856724588
0.176141509695704
0.403785617462608
1.59374936117903
2.21386837742546
1.4463765194728
0.795833335018951
-0.248301240106315
-0.0782702849425241
-1.25820270104222
-1.41208198614333
-1.79181356590437
-0.0191626350095393
0.16936384169755
0.657470165197319
2.19639100249442
2.76211581398887
1.48149556987636
1.14703997268972
-0.148172919641867
-1.52433457876264
-1.01068434883743
-0.362307868873253
-0.905811481691682
-0.502181163864463
-0.321329757946604
0.706582956642545
0.6352660139666
-0.307879663983495
0.374532084262874
-0.498564676950589
-0.0841803058781287
0.10350940537814
-0.358927603857315
-0.725729151194349
-0.670954546544362
0.0303107730800614
-0.0331136479698243
-1.79102764191206
-1.53903182027082
-0.301130847643719
-0.989466842887371
0.0835120753377081
2.01167361720313
1.58777190824341
0.97734614951353
1.91905787005366
1.04741545214962
1.61411041470502
0.105357967488732
0.634372841447998
-0.835327215228
-1.22735144906374
-3.05488729365605
-0.580796144270294
0.584267742870923
1.02473311147237
1.14637244668056
1.26119993250436
1.49142928638601
0.0315375808497624
-0.708797188255932
-0.497355161387662
0.525011025316943
-0.771138789572178
1.19789999602429
1.7973410542595
1.89592321403137
1.25213703953473
0.449990425651098
-0.270320756242844
0.558746659801164
-0.951747122008189
-0.454021032371866
-0.602624276814955
-0.403080231826466
-0.814071662622141
-1.81942455709053
-1.68483292326974
-0.280408882569041
-1.05207864274023
-1.68954464424307
-0.7384626465345
0.0718166977605754
-0.984879553712842
0.763639224964962
0.39155685784839
0.436042716130028
1.6918560054265
-1.48300707512862
-0.699274970891555
-0.337487211877445
-0.847932939432219
-0.439514478869097
-0.791336133725679
-2.82128824013213
-1.13595478483811
-0.65431068794202
0.222883997259934
-0.997735066102792
-0.413805596483825
0.0577545847586338
1.10928166835804
0.671095882982899
-1.12034139023982
0.0239365514993067
-1.77056150570385
-2.02656208086242
-1.60622988684447
-2.22945994721029
-4.32960002001665
-3.16871795341107
-3.16343565963521
-3.04289615024263
-3.35105365124233
-1.57337868761835
-1.40153963759659
-0.81344163592221
0.271071462906729
-0.540524748911936
0.534981849293211
0.28200900745792
0.291121859895037
-2.83714644917463
-0.831773300032964
-0.372466344758384
-0.596932020685784
-0.54529517561999
-1.07914548375452
-0.933511809149349
-0.872781693412693
-1.19659436505349
-0.174075768122641
-1.25293663050936
-0.77778078875729
-0.173360609956131
0.0360819438797499
-0.977304397902701
-0.641013699551331
-0.0147842860931717
-0.243957582443562
-1.91197932681568
-2.43880917985213
-1.47388845466219
-1.12018671320525
-2.13025126160922
-2.60962431662962
-2.72515492788615
-0.819769227523814
0.481760662885093
1.43955552922031
-0.470260711481516
-0.32659036872141
-0.426210315528261
0.802124367281244
0.306158641811451
0.503532986234488
0.17068186688119
0.201958265255627
-0.552280312563623
-1.72445069228257
-1.29575696994777
-1.41018657093664
-1.06090755895297
-2.25760926990098
-2.69845863905969
0.740831878904696
-0.0351885961685151
-1.24810867616673
-3.15876646367756
-3.54446791627349
-3.65720457278261
-3.40975016620272
-2.17986424034759
-4.69538878240673
-1.80748799847884
-0.710699991852117
-0.972101118197585
-1.38734865376419
-1.39964096098005
-0.459342013392487
-0.838986544629626
-0.299941753649984
0.664333007111589
-0.0607498168789338
0.979473585471412
0.401553866459529
-0.448768968825277
-0.826048603090858
0.0070943372490786
-2.46157390502884
0.238166580001392
-0.144857078951489
0.399121262593297
-0.811679416905109
-0.00721497697673912
0.400031383765287
0.391945722532885
1.41735931142607
1.98656088168718
0.303067971752489
0.296018431667058
0.423399960190392
-0.142624620584141
0.0126385438502118
-1.3865112692588
0.0451215378899537
-0.835616231502938
-0.519955649074098
-1.69914310477648
-0.858948483170059
1.16565447135416
0.225151675167838
1.29044538955297
1.68846782058328
1.78587299245821
2.7962839368597
2.11264803010298
1.69808963105706
0.493284278326036
1.76995836670222
1.26325652366133
-0.388475684943458
0.349576568065108
2.01819937193768
2.79477809423687
1.82147382450545
3.53013470079745
2.85663960858931
3.03310173618343
2.19667901893707
1.03774070509892
0.196518054859707
1.1146614661111
0.338152923739552
-0.817273513235332
-1.31423267624088
-2.68471654262686
-2.02552593881062
-4.88668606894382
-6.21246473616052
-4.02329066463266
-4.23726059965104
-3.80112603594054
-4.02587612884068
-3.53390239545273
-4.67117369632434
-4.31020544303113
-4.71391629011905
-2.48229644912224
-2.99684570653571
-4.67814952237577
-3.13804022343764
-2.18491145980857
-3.03788086273675
-3.16175589837724
-2.08360692805479
-3.11428276504138
-2.05422491416999
-3.31052498040231
-4.59164718991219
-2.24635586779077
-2.58098012065256
-2.33669900057831
-1.06383866996897
-2.25452760880568
-0.035400161419521
0.571098917116071
2.14784743578433
2.45824748291934
1.44755548648565
-0.193715279460531
0.423847058258416
0.428003440311883
1.06498815053341
0.168952533926331
3.29794392802019
3.76693695347027
3.73879224587106
4.46290473445304
3.86861876526257
1.76716802956514
0.382869961859591
0.39576386966148
0.115544067988809
0.451580321338792
0.657619647775156
2.4159010960653
2.47787331864808
1.78588774527988
1.60330106389779
1.83022153739345
1.76560799690981
2.91549105772045
2.02605166172265
1.80706144637963
-0.163786275436634
-1.32314719912259
-1.15566742836843
-1.06150577928694
-1.60767315820874
-0.069747721555119
0.33415520252247
0.330647153808313
-0.55824124786122
-0.318291914490626
-1.0077048856365
-1.1977021806556
0.335967310549836
1.86881712024852
2.21075765558878
2.97107618595814
3.78005084180534
3.06142886835091
3.65211120222322
2.83269387132616
2.78406813748207
2.63465787551294
1.93512221787453
2.16362542116369
1.43531293394791
-0.573894986206037
-0.865801242812749
0.152248067186541
0.422438619130086
0.310603128927056
-0.752242903395343
-0.812951086036232
-0.359933114058198
-0.324654074513937
1.53979986475806
-0.248634051270202
0.750997707468178
1.1218264838253
-0.414791761582058
0.878290814260899
-1.7950994032044
-1.76732176154764
-1.346683429878
-1.26721053674851
-1.36424987130198
-0.580313360513542
-1.78527564300218
-1.16615951306133
-1.32063449880511
-1.60438015576157
-1.8639564901561
-0.0441580714329133
1.10588878354183
2.71223328013835
1.77558151158396
2.69483774456384
1.8888565443807
1.39414053368566
2.59127904420339
0.398252480404072
0.157610511300127
-2.56039517448415
-2.97949079154919
-2.60259702566662
-3.22385426381488
-2.57036044569932
-2.95775997519424
-2.40743950029245
-2.35801613996678
-3.62552064193776
-1.94631355948266
-1.77441743023036
-3.0820639303816
-1.9924815766744
-2.95497763518185
-2.83089972567092
-2.96840431187611
-2.77572087475615
-2.63180540541693
-3.10632990755643
-3.18946255363418
-1.36531140939042
-0.0949694019754928
0.78129104931313
1.75408872555118
1.72263015036239
0.319715136787616
2.17561221702812
2.80480631196597
1.31923162081309
1.47234649710214
-0.0527929265155425
-0.672723940220224
0.610845135943932
0.375781375085045
-0.353385152272642
0.808441169865153
0.120055434844965
-0.568948933761582
0.228474815771387
-1.07965352958993
-1.38306528820606
-0.0785854994952746
0.401942139526726
-2.14714495526342
-1.73807632547465
-0.0799486828875471
-0.464771497934832
-0.538018244711943
-0.779224246038405
-2.20695421354829
-0.184291968444085
-0.401141737119969
-0.086709428798473
0.366566072930513
-0.0551048312163821
-0.863628290419502
0.562614094445073
1.8928756771198
-0.229308207267146
-0.487210722317999
0.0512609416297133
-0.430210644478555
0.31624294663584
-0.333422264813884
-0.169233090407954
1.43002586143382
1.25755546275307
1.01240186153869
1.76340898763547
1.99545537475772
2.71860249030166
4.18604242535347
3.74098683934216
2.51976487724449
2.67942467304176
3.19035305775207
1.23465025986216
0.0398455355752376
-0.933278508081875
-1.45790139202359
-1.04348627468189
-1.32431427625771
-1.79875189392746
-1.49063171790957
-2.51253072146008
-1.99904157685533
-0.395211352930386
-0.328719330290859
0.64453051539911
-0.610279886778807
-0.130860494978093
0.479281887930214
-0.528972975878014
-1.1424566123088
-2.51005151052762
-1.48048523720995
-2.63953219909917
-3.94765901325976
-2.98353516369011
-2.62845195159741
0.29453802526271
-0.735867447361234
-1.65039538551189
-0.268820298797087
0.354563098079003
1.47265478269295
1.54901314957932
2.0597690980942
3.09697983518459
3.03911473768697
1.97186688065076
-0.830610317959434
-0.00477652494433023
0.530283718371898
-1.4460731831462
-1.91853884234637
-2.02846446964772
-0.375571360041985
-1.26758034768763
-0.896840534640178
-0.461262364665381
-0.784474187436671
-3.8969021410232
-4.28927931421098
-3.65268759467325
-0.873442223077632
-0.813387342048164
0.0353184226595492
1.89591894739361
1.48112925587429
0.854713485800321
1.22408017752011
0.310433078493835
-1.54282048712846
-0.446392861416874
0.30200913616136
0.326998346194924
-0.0425198501784301
1.77713871179103
-0.115740881843335
-1.56474514357934
-0.61191367552723
0.552799054484368
0.950233634407657
0.902118781603507
2.46976039344307
1.01392761184113
1.88978460866534
1.10258495076502
1.25318707686843
0.558979687722199
1.22495034988556
1.97415693124717
2.30755501887853
1.92210677332513
0.828026196188432
1.15367708094815
1.32527745381958
-0.388308232921612
1.20571675277928
-0.626777805315007
-1.54135070959836
-1.42658097771968
0.613232823439774
1.81059289537336
0.383482269734448
-0.384277973061457
-0.381854930389673
-0.6030115584088
0.985727283085439
0.0167529604804499
0.470021761620385
0.573386178029148
-0.125964393948311
1.85043811957335
-0.267676887101202
-0.678729361795875
-1.30958979548036
-1.49061382587581
-2.6638601401759
-2.27641505294882
-0.630362335863024
-1.51255623086336
-1.51443677569279
-2.55756183298879
-2.0581993231397
-1.44811216833176
-1.89282266418842
-0.184599785696833
-0.920757683761822
-0.789373550452163
1.4670917488229
0.189959741532427
-0.0835733219098972
-0.362237455774454
-2.54034609601261
0.78798041092152
-0.453306512716322
0.0604077452216199
-0.0589375480032954
-1.54060889532972
-2.45599529297945
-2.80622670769738
-2.37249419762518
-1.29606983689912
-1.54757255183905
-1.29203178017137
-2.90221767516583
-2.07415906893185
-1.85989216620945
-2.99912686708616
-3.43048338388296
-2.15753376219308
-0.432077890453693
-1.19474013633907
0.335641728048216
-0.98785189112887
-1.84400437286097
-0.775779487131368
1.19763282647506
1.94014173319566
1.91996627263749
2.34808092115396
3.73171958440387
2.20533332960015
3.32557083403331
2.19769517968601
1.37865461847643
1.15585393369284
2.18156092694703
1.58040187325498
0.195913482525051
-0.45826305989238
-0.458258948615345
-1.75075628847061
-1.54791040539819
-0.978773775538953
0.139678715892975
-1.06908380355543
-1.32318795501549
-0.885588887156167
-1.79546211713631
-1.37020701082099
-1.58004218526
-0.405922996586665
0.0973790841883801
-0.104922326003156
1.35616354584262
2.93095742258796
1.47378594537204
0.0578471412812083
-1.75500117263895
-2.61212623162514
-2.43723596982681
-2.81581994432505
-2.23106889040149
-0.18045668520661
1.12350177911457
0.708147602066491
0.576610039514982
0.0615737828650058
1.32270297846711
1.16399287586633
-0.412107174268451
0.677707569094969
1.99038903167185
1.3549969357608
2.60636373671147
2.58092751699267
1.81713813497822
1.68194837368028
0.920252779650061
-0.254485066098794
-1.62390464602921
-2.2200135375468
-0.980289780635737
-0.731725426566294
-1.29642029890434
-1.52016250479383
-1.08177334394397
-0.318644690119889
0.351824688683466
0.576755814807215
0.16764106130568
-0.201791621747067
-0.427588138803462
-0.727963597031556
-1.62472384593181
-1.72832863460051
-1.48195480245052
-1.9258246731946
-1.26356909597895
-3.2618282185641
-2.04613669735696
-2.33768359719072
-2.51889448238115
-1.77245614141031
1.33219530582998
2.04044071363539
1.65567365295461
1.49593952791612
1.37267348149779
0.698612053664947
-1.72209903966067
-0.737583741765471
0.138228674432168
0.385784704409412
0.0501033346293487
-0.799445368788747
-1.99091086653248
-1.17394462549099
-3.20898889152111
-1.04708715350386
0.373275881378947
0.274881880469621
-1.99962360570944
-0.685455716236408
-3.18755607102107
-3.1872527158858
-4.26163903642591
-2.71111692948974
-2.41503849348214
-1.49125884171272
-0.600387733484348
0.610475528378418
1.17587853620972
1.03094109461149
0.90802133068564
0.554591126474558
0.523035301972155
0.589558616038222
-0.281303889642134
-0.0205622225833451
-0.614609621174495
-0.96883970873074
0.163251493747728
0.114963298516536
0.826681515509283
0.595127902525
0.860913892334842
0.252553384031333
0.902466139627787
1.04836982520369
1.97069229296364
1.87297980805957
1.70787784382896
0.0894365005394897
-0.66095692709755
0.152793217795032
-0.945348493625763
0.0603751988604054
0.933744400849912
0.750278323168848
1.60760767883396
2.58336185232082
3.54262373538472
2.93472067597742
1.08612280404989
-0.443228525887761
0.903626964252641
2.07505642339883
2.32656012960652
1.66404101208723
-0.0598940787035127
0.376742337681432
2.87230041157006
1.10858095636256
0.660152190749164
-1.0581053787866
0.767872421764469
-1.38274762726828
-0.203706352611483
-1.33707869386011
-2.619742255
0.0301891523861437
-0.835902173799692
-1.6526819246133
-1.3764882428362
-0.727818573837164
-0.642406437337109
-0.688536111475486
-0.158954168643896
-0.0511222782044094
-0.694210725699447
-0.0420772970596756
2.25380265012245
0.69206648538999
-0.57955516103903
-1.28609592488841
0.0767231834325182
0.855305243253314
0.174494954399514
-1.76300904378593
-0.631465377360438
-0.138685392687952
-1.15866682710474
0.565152588125284
-0.461419869849451
-1.07179679487235
-2.32046756892201
-1.29969984131628
-1.39299297560707
-0.482211199832317
-0.927835655099791
-0.930825245343913
-2.01036081583052
-2.61701388954705
-4.44919691599874
-2.9394730839268
-4.25361799595916
-2.21608465150649
-2.85699279056976
-3.42403522365875
-4.39768950372146
-5.30322823912556
-5.39605345352662
-4.19854870638264
-3.00334675170527
-2.49605298533201
-0.579117512138221
1.07693386151364
0.208968737921928
-0.20852562534585
-0.87406206804854
-1.28643482706206
-0.980688595697005
-1.33428406153251
-2.91464822118989
-3.02107483461942
-1.04313255220877
-1.10202323250372
-0.0726587931883053
-1.13563490930638
-1.37527561846038
-1.22132092412918
-0.575067357924564
-0.745136688894979
0.2694104072096
0.370563238032983
-1.02726320788751
0.262591032469082
1.5984420528506
0.620423425876918
0.762231856132329
-0.774921201281036
0.833702267750462
0.0672820335509284
-0.141369927685291
0.16409266262899
-1.08004108592931
-0.466027762255812
-0.319365737801346
-2.31039608368685
-1.69399760995836
-1.54941002266591
-0.387815449659449
-0.414110858749929
-0.29131710672381
1.17110230288853
1.91060576084715
1.86099150566353
1.47673645820801
2.63036763857111
1.50834351950485
1.32808249258516
2.46745989073907
1.89100717836565
1.21328204498491
0.251622856279949
0.269236571523868
-2.62004678520146
-1.73396659049389
-0.806588719788611
-0.62268767034371
-1.01483778376111
-0.706135093489156
-2.1043939728221
-2.06249803601502
-2.89578928606226
-2.65935015219215
-1.57015796109019
-0.646439054745291
0.823331113839709
-1.85262047400323
0.391303399619284
0.178445328722222
1.78305613916892
2.69363021491238
1.84951834387811
0.15053201016457
0.712783029972651
-1.24717435642412
-4.18249830130798
-3.06511257283971
-2.62019106441332
-2.82572735352869
-2.59475478393355
-1.94239678706714
-1.05176819419641
0.429202646692127
0.306165492676992
1.39715753628633
0.874588651212837
1.37321957975549
0.863422930799355
0.044251452084896
0.635210628890381
1.89577948302563
1.53118116423313
0.309349333232849
-0.555999482696726
0.178929882379184
1.67787459260399
3.25071703892145
2.29917776307888
1.26665319375173
-0.555879667948562
-0.718746964627097
-0.103754933703242
-1.06169439800973
-1.41615430656804
0.660621377591051
-0.0125984274982875
-0.0439091285074952
-0.734079005836115
-0.341528785779628
0.725091193902868
0.150772942496825
0.366379398201321
-0.423835816227392
-1.52368836417636
-1.38858020179307
-0.683249775113838
-0.431365757917681
0.128815636264086
1.2240821325826
1.29673033559768
0.253795335677018
2.17798038488462
1.63766351634353
2.75693392122423
1.83662536050506
1.75137584562306
2.52139581535149
1.91041072247463
0.710530109843252
1.14717027299895
0.672091818001371
1.37311805265037
-0.122100256065501
-0.938224315740236
-1.01913495674776
-0.934298431353812
-2.39377509443935
-2.94033731001071
-2.18233090990399
-1.28357006719414
-2.97382202283859
-2.18596695756797
-2.45327649980878
-0.987725694689897
-3.43475623609429
-2.59530475361182
-1.72416338598634
-1.88313238344886
-0.820208649846838
-0.27324213325483
-0.186682426142115
-0.261908314494547
0.960219004199705
0.791913007431728
0.344707594608554
1.43203427766018
1.94911564453253
2.29628597841873
1.46331797449543
1.13921194284668
2.1377237258645
1.93734574144042
2.39160619440368
1.6770146334576
0.540607081812768
0.424339125064905
0.452083907649374
-0.164717029630555
0.976859715333009
0.509227539764897
1.96397893643394
1.51962350050297
1.70020116923
1.99763865022349
1.99314920918745
2.77861691144554
2.3373390982781
-0.0319670386622659
1.64193545275824
2.14200641128564
2.19148797352403
1.7319567240409
2.97964198746553
1.89421394647714
3.34819357733155
1.7745597092401
0.607109256382277
2.37387475132284
3.93288213222582
4.01832411278
3.65944288300406
3.10356286712781
2.91553601948897
2.66375489569166
3.59111059983867
2.31679682029865
2.00571915925783
1.97015591748908
0.300510189813206
-2.0415328662967
1.04095393669924
1.23451406475012
0.605457425523525
1.27802993665595
1.98190037228617
2.60755211955264
1.19757159771534
2.2583711615377
1.5184911544753
1.27130306750814
0.745775310765031
-1.16028484374673
-1.08496955150417
0.975381694280996
-1.73959802828909
-0.535428402334176
-1.16874351485001
-0.749169480174254
1.05507712598456
1.49621746837812
1.75664761877719
0.367051938213074
1.19196483797858
1.04135366189555
1.90979127463676
2.22356934471633
2.22899533679117
2.7876646468476
1.10261772646694
1.35142105385197
-1.21597591994985
-1.47223765340699
-0.878733260377134
-0.666162817654815
-0.577861703536423
-1.39245736203407
-0.735804940761502
-0.346136738043713
0.714579556251615
-0.496981992584656
-3.18174295013293
-2.51895728152181
-0.566915768025696
-0.354366983635308
0.519526806538141
0.350902469224815
-0.485849830215238
-1.45290095283394
-2.33062817117407
-1.21353010939375
0.00764693698959695
-0.16996059298734
-1.2356932477701
-0.662417002395193
-0.586579065450028
-0.207989962305497
-1.00194928619163
-2.0249592719592
-1.05488069861039
-2.21527616890407
0.0877200671708058
2.06619193260966
1.56013883571999
1.01621392123918
1.08559695191112
1.88019692978582
0.671070028907709
1.66492284543295
2.08148182680167
1.67367546772932
1.05562609894936
0.48380164434116
1.48308385427956
1.78544785062667
1.35208188257313
2.0796658013012
2.30758722978807
-0.0111097865906951
0.254400047498188
0.339364537302448
-0.775461739264881
0.354036246893596
