0.220826054143585
0.733377761568256
-0.410157274021985
-0.320292649280078
-1.49418882693117
-0.61536169406008
-0.942588676980706
0.873662754331309
-0.190796688728531
-0.108605602666007
0.331004872452877
-1.32605628141759
0.340171083054892
1.70841348578955
2.49098027680402
3.09549727786348
3.48306473746069
1.62933675153219
-0.618199753056253
0.587101788286769
0.524620013768532
0.950557121814906
0.0142568089219395
0.574626823766429
0.901910602962695
3.13761470712907
1.93597278653021
2.63682765709545
1.70634371947466
2.16871031189411
1.95351464343162
0.476480507882348
1.3370402190127
1.2444910894817
0.134422160890663
1.44416152360185
2.50488351127982
1.33694295977039
4.04348004348742
3.31728857382016
3.15387711222923
2.98352191479602
4.03061356714418
1.93990817727107
2.35984613984436
2.22812541066224
2.3543770022445
1.69610526153795
2.24739908564462
1.64135454103431
3.01975324601086
4.50148368498742
4.77061626536974
3.83020797347458
2.4717551905775
0.711962463852569
-0.565400881563134
0.689550404192603
0.732958168047345
-0.52580696985606
0.602548212867729
2.16233420244049
1.83320593073252
0.0747358060524075
-0.507061417659725
-0.402188897101408
-0.587840473976762
-0.727313859906223
-2.20913513452573
-0.504594825096258
-0.434349321135785
-1.38220557293296
-0.983770797390877
-1.06127706678008
-1.17496372410939
-2.15792677674292
-2.12455579629904
-0.380426790451559
-0.412092810675023
-0.62600057083625
-0.138918490674531
-0.682052303729164
0.246740841046516
-0.41517703711195
-0.915000183689482
-1.44401572868582
-2.1354890899836
-0.886894573384438
-0.448117874143261
-1.67899737818016
0.687892495651871
1.52540072733947
1.58745892530186
-0.0485005977985078
-1.63845701747177
-1.7523717896586
-1.07563008402132
-0.795849076614847
-2.48174269947036
-2.88216878026553
-1.64006379843525
-2.13625208918358
-2.08998883383598
-2.75793483948496
-1.86794748668356
-0.0542709059223885
-0.690990476306043
0.0660680359213471
0.342665567182803
1.09548512340743
0.606706789608202
1.0836799008572
1.83901978670374
2.41448498304273
2.25876932376261
2.46512018076556
3.80374571653455
3.11328707566994
1.62579686687963
-0.410962617567177
1.0764794701877
-1.45643523535085
-1.08169837361777
0.28999641648169
-0.409798244966456
-0.159973586413532
2.14334910100864
0.800726609715116
1.1742803450296
0.817889760744109
0.73409636816831
1.92611193730666
2.45615384758739
2.15319918000555
0.966178265201644
-0.123620540755428
1.54941891977297
0.536221276794181
1.9199190956955
1.55075096445903
0.597557377988393
0.397444339903805
2.18640635440779
2.0469897647196
1.2887941502535
1.70347437422836
1.38437044952038
2.07376239853087
1.04454773016152
0.896758914895146
0.35966563945178
0.531455387091311
0.394923116178954
0.119244493800888
2.86519257826325
2.97893191125918
3.66811684152925
2.03803735223575
0.529987484860504
0.673716964128528
-0.438581409401969
-1.83132371707871
-1.85250603703082
-2.91564472606698
-2.701885504404
-2.75406141976464
-2.9021016274261
-3.25682440729371
-2.2180946879115
0.115762687072129
0.0919694154298948
-0.534653020617396
-0.528717784649172
-1.93732919311169
-1.74227983225555
-0.848958607996686
0.0685754240458215
-0.878434379170275
1.34121248461866
0.000494306605491435
1.5477902983202
1.30099390286617
0.393314148605976
1.36793322852868
1.85955665879189
0.965729638662587
0.259067903453198
-0.341279970342859
0.50703669494036
1.03356671539248
-0.568232753361499
-2.37783414724088
-1.34118468196923
-0.272835618216786
0.133882051816248
-1.50504511610107
-0.02618503697208
0.0377738925802109
-0.650336444197891
-0.8206680310363
-0.0648291958086206
-0.393842262591763
-1.75564641074081
-0.801046676993225
0.266911457527662
0.808811477288811
0.581641873942421
-0.395355480419465
-1.46906947505567
-2.02635808640111
-1.98604865637791
-0.736167075379687
0.376182683501596
2.79104483178253
1.69125019624619
1.60272561230509
0.838619806130351
1.38219862205177
0.670319507452609
1.06517572386753
1.72394210184005
2.58427585095669
2.37247677528559
3.54355645985027
2.96654670191266
0.831705494740134
0.447707248073573
1.82601070686486
1.38054184176046
0.049445179251091
-0.582302157880341
-1.41478535949561
-0.135264558167064
0.699086015424741
2.09394899277579
2.93128274098046
2.12275847427764
0.188266942928329
-0.12131577609787
-0.470224205938337
-2.42258112686239
-2.45396293094734
-1.5543912998105
0.968099366330127
2.00442430401539
3.79913237489741
4.15439238983151
2.98122264338314
3.01604387794001
2.58686676018191
1.06157215728453
1.64172449476242
1.43157182904262
0.249988192863169
0.537476311532754
0.486501913513015
0.836906216400477
0.399260654855632
-0.349899005401553
-0.56458369393844
-1.22771648899336
-0.146547426081423
0.531935096521715
2.3157643774525
2.46535978439583
1.94527505609958
2.71855139890141
1.82827132877323
1.81075009952038
3.29651849130238
3.41598445773037
1.24269122885238
0.237883472993108
0.0240122979136428
-0.736413891726435
0.192749881130399
0.0174069647088802
-0.0254784908958017
0.503431892151349
0.0448812916853534
-0.167066119798411
2.03753151457645
0.545849226120897
-0.512336542919817
-0.974973911488688
0.43105541804301
-0.309994615320927
-0.637003610142584
-0.991904940365899
0.565146703970873
2.19166333600698
2.0676293437001
2.57347792057014
1.60461364812746
1.70250284362921
2.13359592749598
2.14681182021879
0.442978121825538
1.29880547085774
0.97534198369778
-0.855667121501735
-1.16389858785778
-0.478048649395727
-0.234137025706186
0.273388545314062
0.672044012393222
0.107852369960845
1.04649509941943
-0.800559262576679
-0.166825597850395
0.0676513836214936
-0.811331705913548
-1.13565064799512
-1.88158092672945
-1.83779139339428
-0.548338725051716
-0.576500086580955
-0.149350130089175
0.253875914224852
1.75094648795962
0.763650146046803
0.126663752860041
1.37999481842848
1.49833855260187
1.99573531261017
0.136960487741209
-0.750739303422056
0.793712852359848
0.842420170956047
1.02947413505579
0.957371327808492
1.21645192161988
-0.898109834268323
0.817143855890965
-0.492354015170083
-0.485750971633051
-2.56186699113708
-2.79402815541993
-2.05906575138525
-2.33091022877703
-2.9609419827721
-3.32804980987904
-2.86555603375503
-2.46766435934567
-1.66303528790376
-2.17848024562173
-2.01655500314814
-0.590586169790911
-1.2807964313919
-3.18308056255754
-2.26690524622952
-0.741125231661698
-0.753175479473619
1.25636440677291
3.3270429677028
1.43212802604082
1.54328351465731
2.22192455333852
0.970563805211596
2.66169477518743
3.20525389302607
2.96637047091787
2.05910101249593
2.2678207651046
0.366273273939084
1.41147375974441
-0.0240913260870597
2.64207929889682
1.77500279493675
0.348859502809805
0.59681367561822
1.30038579460331
2.20633774498584
1.03134935647253
0.45863777187411
1.54811103026982
0.835831760117954
-2.44882053239479
-0.843979017241043
-2.22743589955765
-2.04712776884326
-1.87749337947604
-1.26958363459355
-0.472508731367084
1.71175310989738
2.29470792326308
2.08659563938342
1.16168704536837
1.65179603018827
2.28546598991951
1.71871437485616
1.78577152332092
2.93367303042193
1.83651885382906
1.73936679428162
2.94765442780874
2.75645751180049
1.88199084251841
0.750790830396433
1.36431770733181
1.60214912336286
2.36305872444054
1.28637264456878
1.06724736764059
1.74128570473061
0.728550672349758
-0.244257705994214
-0.14857294628105
0.0341100945491048
-0.158925172404635
0.201955432498853
-0.524884238851505
0.0420419266702567
1.19217900193017
1.29918444354939
2.32641949368333
2.93359441139564
2.08328833919855
1.83720593347143
3.39924124887604
2.77535990181857
2.35986855677503
4.38431663043251
4.61490948655611
2.6266960158813
2.98363136820472
1.44182503516834
1.18395091038873
1.32500663533483
0.143986633729932
0.748770460607831
0.423010257292168
0.397963195552927
-1.17568371164346
-0.43186667944077
1.14925308172764
0.491210236797634
0.660947047651022
-0.137371953868311
-0.100565232645987
-1.48164933728869
-1.29601200450284
-2.88340681604824
-4.00163706077462
-2.93039022537155
-1.88386190771642
-0.222659723115608
0.428065080652029
1.33032455944031
0.660661581825857
1.23492593137108
-0.786703302620019
0.532284734355737
-0.964839445536035
-0.54381365221541
0.428872284065018
0.0347559717614088
1.8016960308095
1.33801388996931
1.17235148380848
0.311188848310006
-0.725737339682122
-0.034957712009463
-0.419316515650191
0.0498230535302246
0.736036977980698
-1.25227377198058
-1.06919193617981
-0.634782914784367
0.0154682480698798
-0.96128405547759
-1.80848663894838
-0.712278487919466
-1.75914573586169
-2.87100875583116
-2.48159977994314
-0.872286362696792
-1.17161852850702
-1.1816592066334
-1.48174399124598
0.711157734039759
-0.921821764517096
-0.437071637440084
0.947597290941721
0.146311787279676
-0.165095496869881
-0.532099371751597
1.33987462793469
-0.34501043214042
-0.662651686835649
-0.0078708185896057
0.301803662257685
-0.991828878367144
-0.504556021164472
-0.559811336188691
1.32136973288669
2.88986526367049
2.12963210957024
0.609731964918554
-1.5333363172386
-2.2337503654142
-1.00092643203012
0.576391701636552
0.173292575349758
0.645499247672388
0.323267850095035
1.0014643798731
0.342212088695971
0.741577483832295
-0.155993085248181
-0.223168830503841
0.41025538345873
1.89791648802454
2.04423342477512
1.34340475271983
0.910560655663656
0.0909819501190455
-1.60375602023648
-0.187128368591818
-0.0939915452139329
-1.08622231643377
-0.571023782313635
-1.97575007333084
0.433336707569473
1.24790749371942
0.798261117779142
1.58024971069632
-0.123809377018153
0.837488558603061
0.677051659577468
1.54366967326953
1.81204084104078
2.48614472532027
1.02656190993613
-0.357895295332534
-1.41818480919098
-1.46969571282925
-1.64729110198211
-0.556405550661203
-1.65925950318577
-1.89990685144763
-0.282669007349364
-0.719874119979232
0.307149004363567
-1.98690965889735
-2.22595037188596
-2.03469983396302
-0.419431623678044
1.00868081176444
2.12704619941665
1.29173929146189
0.197001970405569
-0.0664620173861206
0.3753008324537
0.741211182303995
0.600062230785211
-1.14861290582407
0.893295303782029
1.83040203722315
3.18590314081237
2.78758577414643
2.51444032597594
0.00471901211436521
0.368263444845501
-0.134190954938518
0.284229287553734
-0.980499902962023
-1.5210859299956
-1.61590342639626
-1.37078047578369
-2.09367751430525
-2.61476485111451
-2.50352513722231
-1.89281285471835
0.109615894694525
0.114537856476992
0.20497834801013
-1.90340335347206
-2.49062751400307
-1.54703295197767
0.205402690462792
0.0836169585998678
-0.214052646603923
1.07535532021237
0.699638931899794
-1.01788695977079
0.291687542745396
0.937302642388429
-0.500867796274095
-0.355535042165691
0.316177508745986
-0.101974085785804
1.07616079047044
0.234793625719677
0.819247847129961
1.62356274577184
1.51624171536534
2.00714886119289
3.01116611900734
2.56292133148762
1.56609625218736
2.04776060640276
2.10683951321297
3.35794852753745
4.22987796503753
3.64867889156207
4.04306043702379
2.73589457532976
2.10427741035061
2.19717185797816
-0.919930109531862
0.0582440520071034
1.28864479754151
0.612514575725569
-0.379417981884053
-0.718039721704193
0.215144249025179
1.67562619345342
2.05285241229456
1.83742103753201
2.35828217672928
3.81704128652105
2.67289753363394
0.811972978606455
1.61645603952918
1.20038746042221
0.838192662918225
1.20058602564524
1.32169635985536
0.787092299204868
-0.392983412287283
-0.89713733911815
-1.32652203798844
-1.08988119467543
-0.546294341565927
-0.173742391426777
0.358826974513468
-0.665503404771432
0.629673976056413
-1.41169218996121
0.758286577876791
1.13427565698613
1.02965240873791
2.00109321151075
1.2707932539571
-0.534943848617561
-0.938033333060237
-0.989636053353927
-1.99741516411168
-2.36066166739148
-1.6006065198096
-0.242892935366357
-1.00315756595008
0.624409587312487
0.816795573068091
-0.729626567139394
-0.726367777630498
-0.322980800874119
-0.871149884471337
-1.57995513852296
-0.0593919048144596
0.857287347090749
-1.70741191260102
-1.2423405628257
-1.12372471092662
0.94019549997624
1.13948162626418
0.911530990349041
0.0913008011730182
-0.309965353082734
-1.02538043079084
-1.35712846731741
0.43164798556136
-1.05682017587534
-0.229040164271783
-0.149355412431875
-1.2353306586702
-1.75938381273747
-3.28987138300172
-1.77565605360368
-0.93339204497935
-0.59038212031492
-0.398659513578319
-0.93257095507374
0.0793675337923392
0.846650397468116
0.203265884850342
0.191526174072401
0.0779100820244035
-1.00131682881257
-0.967053602868486
-0.728291226883869
-0.314873658565543
-0.186919297672755
-0.758547939720663
-0.348135101538246
-0.184398342679045
0.543499092691342
-0.132223856039726
-1.2210568455992
-1.11573032389846
-2.00066047028687
0.893040113534395
0.980923797518932
-0.267226424008353
0.445046581226312
1.10958979528731
0.683018609327199
-0.108726226099455
-1.45980467625032
-2.91701373403615
-0.434650971425763
1.82243195693213
1.63590773510408
1.24263796392378
1.38387487021772
0.985643940540214
-0.714180418738087
-1.09095098095883
0.778086444334357
1.12708130702425
-0.178597007935953
-0.408073529965656
1.09719054024339
1.57163190390804
0.724444324279938
1.23646258190964
0.70528495560199
1.52574047319838
2.76505650489764
2.44264888938429
1.62208757539401
2.1219525499015
0.936435229906489
2.71792094820368
2.64655501340513
0.404862472959694
1.25578657254475
-0.391112388159661
-1.86049025067731
-0.877989980938446
-0.253330427289079
-1.93566647056761
-2.18515283569966
-1.58288990948417
-1.35987726677145
0.432015093963799
0.893436045688912
0.325566159102092
-1.01527645214018
-1.31610032443118
0.0618361512180294
-0.128683405401077
-1.63524135597725
-1.22337385402009
-0.979746778561931
-1.57927835468322
-3.51657137284127
-3.23270665479372
-1.69213957830527
0.028844524831096
-1.06967043875487
-0.637988587528067
-0.434449789491685
0.727524921893121
-0.242692264013504
-0.718443596513407
1.14499030397471
3.21395609608551
2.25737163056898
0.985786568651123
1.03443701618003
2.16789368699479
2.89113206901929
0.681484312453294
1.16832462289379
1.33828501966543
0.547617599865263
0.316452823688172
-1.71378584651071
-1.14186076906385
-1.10805570708902
-0.993668259216078
0.28955766709447
0.761194113120422
1.39396894957018
0.338856811642794
0.0236718108975505
-1.64168433998823
-0.604054602335481
-0.885348155932213
-0.854728827051603
0.0441059603317561
0.563794447444979
0.0726473283324209
1.93319388053414
1.10536607869054
2.93437753257063
1.5797325481734
2.1205479509954
1.25668908208533
1.15583553863015
-1.3566078361312
-2.31525638778351
-2.71255757148584
-1.99205615452159
-2.52244659884298
-1.8126643450917
-1.73757609664324
-0.809529975398794
-2.31067495591715
-2.28864912620998
-2.64861838504881
-1.72561101354646
-3.16927974004983
-3.81986821956223
-3.21774339519314
-1.75847710196889
-1.65884700991381
-1.61911867371421
-1.37403572623609
-2.29486621971246
-2.49234711870454
-2.34606764318207
-4.91112708739893
-2.32413055432234
-1.9954158645766
-1.64803632582815
-1.78743543466454
-1.18525435508706
-0.305106306633461
-0.064265122610985
0.202433727117777
0.534272740667255
1.28020583667622
1.40411560922122
0.808624676361029
-0.0130498133879409
-0.780466484141884
0.267584158562016
-0.153488314545757
-0.330520124220633
0.103962832647727
0.542831556317165
-0.0656230947966949
-0.259970165247583
0.364957076754696
0.951510369341008
-0.275885051126415
-0.588714301936051
-1.55582660819692
-0.179227213217103
0.0707703017352887
-0.369315382437506
0.552102910257129
1.85355969206799
2.39719258990578
1.70649027109331
1.2228456231224
1.15717250291781
-1.0267452233167
-0.413671564104374
0.135583667483036
0.123056294121044
-2.3928849448101
-1.13880854960372
-0.273393167360615
-0.0578381988584645
0.103045785592642
0.326978227761388
1.68844943105388
0.672486070982866
0.678699950403781
1.97857168833853
1.26131915277763
1.12090673684238
2.06462255654187
-0.0826780810581487
1.60772060277181
2.88915493403363
1.09476690783143
-0.611861022405592
-0.649401468810376
0.0227795647317296
0.241845746806286
-0.10951279716925
-0.0426104338601315
-0.798923434773944
-0.134849943966481
0.462561527889565
1.68318242414723
1.57327224500424
1.98956717609763
1.30841220169821
0.855768335880131
1.89790690526517
2.53324727691981
1.88995852279515
1.24998109061197
2.02724184253646
1.54247237501558
0.537615175411272
0.838026915497293
0.541642041533604
1.07683277897325
1.27177569236703
0.709927632641895
1.00841977007163
0.617071609198049
1.59502948277244
0.787634701511293
-1.28708411258039
0.585445553635068
-0.0321428373615753
-0.560439058569916
-0.855829414924546
-1.8575160749697
-2.22131965424495
-1.19925726043464
-1.65757499647722
-2.32671479576038
-1.05250180130354
0.0494975268019332
-0.655256242882874
-1.68149048611349
-1.68610747355798
-1.46482042954331
0.626225695501395
0.975292682344778
0.462443648403543
-0.570641287210774
-1.54816968215587
-0.60753076663551
-1.20317184200108
-0.172283337279324
1.18691698611528
1.44848108438498
1.65158462387312
1.36533744754228
1.74183848182091
0.802368117598399
0.183502074473919
-1.03076571074019
0.323219304046762
1.16474551856965
-0.33681499402923
0.746261391527085
0.0800974722663245
0.21691809918129
1.40434796630923
1.90877677501747
3.26365034516035
2.92523074749716
3.9305052571714
2.24534778711386
-0.362873103344384
1.31565445974891
1.38411916747231
0.889283978456755
2.10362206697794
1.06131745743696
0.604876485149065
-0.282399166158308
0.20735412360734
0.572719276484788
1.96091756587017
1.40279776622237
2.743852438693
3.9978661417201
2.13193368647067
-0.171839010837849
-0.438418586373953
-0.401692370617302
-0.531862369653648
0.752309331682079
0.721056387364724
-1.03188675862424
-1.9656652908674
-0.804242394028435
-1.13045238585345
-1.79543811734652
-2.73709760489158
-2.77397899154235
-1.26085803686441
0.218587410600929
-0.44299368206513
0.815607479146534
-0.970506850828398
-0.921334104205059
-1.23523548305272
-1.22431747925446
-0.86705802628223
-2.19337339932099
-1.46900131248165
-1.3662331628693
-0.00420299377929068
0.378016883816877
-1.38882987573117
-2.74270486814384
-0.892951657010599
1.3841217330296
1.13370102616823
0.714218550877944
-0.431198735275663
-1.67329831724004
-1.11030909075863
-0.186389957430467
0.112013118185311
-0.282031040058767
-1.40164359443023
-1.52933909637428
-2.07633166141811
-1.59652718400512
-0.846173944309406
-1.54730073780136
-2.83034735957795
-2.39307205498838
-2.52887153446698
-3.07850260196958
-0.918665444019475
-0.754187976195186
0.313256422760247
0.788565138087494
0.270619479676608
2.49586617881893
2.42436079148152
0.82829242919966
-0.797010485407017
-0.801762008762149
-0.649744488655451
-1.79082420232899
-1.57760838976065
-0.106622596276881
0.0522042510133453
-0.222843399911689
-0.0589065419788345
0.596989877870582
-1.38406435354566
-1.35174648215468
-2.0042075656204
-0.363123066578992
-0.23474265407363
-0.0784157906993945
1.10139837852267
0.301323038222147
-0.792105851041135
-1.28553858632815
0.23357036828354
1.58196323985382
1.82772475622343
1.22667884845869
0.405481619540734
0.26898348312108
0.706127883755862
2.11036158648422
1.19607926980208
1.21765706893066
0.816906776024121
-0.683037325464233
0.125087036033547
1.07239158974607
0.0380710324527284
-1.6091384741367
-1.96799728436723
-1.91273117224368
0.39621165705945
-1.21085347589755
-1.93987738423849
-3.8018573809703
-3.71894627193897
-2.29476557066652
-2.06813561740477
-1.59292396948659
-1.81274465535915
-2.30000620230627
-2.36668569046737
-2.39654315975261
-0.421347120108239
-0.864381054694642
-0.545596953383496
-1.21097272966496
1.7920682791339
0.115241375653582
1.44683927020006
0.117619185792931
-1.75926982336623
-2.56533929100936
-2.30771716545276
-3.33081258458405
-3.11601467192092
-2.06983972722506
-1.87604388052931
-3.18155729531852
-2.68945582097132
-1.42015772193651
-0.641137428412856
0.271267459193822
1.22836040375745
1.42830249430083
1.87558907441701
0.720451884015424
-0.296968999580223
1.9884628877866
1.64693962191159
-0.234329624215279
1.13954690034152
1.40852437098813
2.33808660019389
2.52276947331485
0.591892340840056
-0.140866234014375
1.10026017099713
0.416424888709269
-1.11806500224916
-0.278079270790209
-0.715836732702027
-0.229617333024654
-0.516083210839025
-0.360154643320228
-0.312248691966228
-0.575367347813348
-1.44116213821416
-0.449685596185608
0.327389176545925
-0.8520778423699
-1.4074185839335
-2.11823684920704
-0.614212691571374
-0.502054226958063
-0.0261787331230589
-0.927106412872087
-0.752625325774828
-1.08370798601269
0.173268612530204
0.565212849658442
-1.49468355367651
-1.38269987607059
-1.56389973429203
-0.250967248410597
1.24256486785851
0.0391629151478859
-0.301027860053647
-0.936193180478198
-0.956911028620388
-0.314654451807139
0.627865073814323
1.36853110698175
1.71179120221416
1.90754727001027
0.265744080689194
-0.0430650569072123
1.04111079101816
-0.498915001153383
-0.68001054372999
1.15214838988615
0.418104031570896
0.134535439944291
2.05334877369583
3.50946910135613
1.94012773798992
2.03346854589894
2.85277961016467
3.24940748097565
2.4035061251083
2.22826781232173
1.70267396139262
0.914547791837118
-1.15425693881014
-1.34931974715692
-1.32483770458085
-0.252709228388494
-0.716723002296912
-0.622584596756153
-0.447562631298534
-1.21477514142604
-0.754211005309879
-1.14037919214499
-1.58868260075113
-1.53896758447843
-0.518544641442806
0.87872203982067
-0.181379066583959
1.38900000017758
1.68327480610534
1.7030340093113
1.10116103605325
1.66482975078874
0.747641102755308
1.37698662594993
-1.04347494780345
-0.175920013320937
-0.975208949915941
-0.847265763998382
-1.32588836044603
-1.47616091797036
-2.33567928644938
-2.01912351452316
-0.437818634676677
2.0123840611123
0.72991503338462
1.36724514778825
1.93151284933677
1.90017871037226
4.09558362480474
4.07970368036004
4.35730751472994
3.11426388856661
4.39117671774637
4.13396098670291
3.07227639058069
2.13450338728387
4.14705303533754
2.91733959760108
2.74150053377264
1.98546494739107
1.95618096218937
0.700712438325114
-0.606347297627699
1.419753617679
0.955203930441618
-0.797328680048618
-0.107388385414573
-2.35617253800253
-0.977213940177691
-1.24429535092536
0.438924379590316
-0.077799831057373
-2.01295490906685
-0.988059584219176
-1.08225123089093
-2.44176882576631
-3.5941780938891
-2.87686475779901
-0.535604470114329
-0.76045139769205
-1.02114171704586
0.257038035115121
0.479474372174479
0.607146779878379
1.20218507723645
-0.450048271920398
-1.46319568651531
-2.41112681062579
-3.73905116132354
-1.56749959599888
-1.88111618004618
-1.32668978735946
-0.440772979328786
-0.201455891467433
-0.933616819928162
-0.329726729628276
-0.132344563469999
-1.25360266996513
-0.845192211427707
-0.206577618190392
-0.215193308120777
1.32908731784942
3.30198894375265
1.95688940068573
1.19546518726436
-0.43603303490634
-0.606766814407357
0.118817691097309
1.30528790845341
0.850657922280541
1.43894127435266
1.29141571657388
1.81150505354845
1.89326264326698
1.40371749063045
0.444947729081685
0.755506259087911
0.625634481145019
0.00911913746729481
-1.03532914987579
-1.26513554349586
-1.50346731114377
-1.72574107166533
0.858631282686382
-0.34183789123718
0.637306898177147
0.374631274414622
-1.60101596428401
-2.03743308937734
0.306731342638533
-1.67950161104959
0.388098311414243
1.58253847842514
1.12717921343259
-0.893445737451473
-0.911756175967562
-1.80444516922733
-1.66820995961584
-1.84024028835075
-2.24500712521944
-2.48990800145423
-3.734632752905
-3.04915895953251
-1.31583481731788
-1.93098470257327
-2.95247995246062
-3.10723200922885
-3.08374158078699
-3.87273649801053
-4.4158412887239
-4.69012697117243
-5.27006311923713
-4.35975457686323
-4.27428874728954
-3.11316813748803
-0.583675028235551
-1.58628561020108
-1.46993993762933
-1.79521699154663
-2.3186191553394
-2.39331222894563
-0.992209119786803
-1.21286458999937
-0.191051997235264
1.11042855076369
0.786318421393192
0.291880899802804
1.9334560706178
-0.11418883682907
-1.86834659122427
-0.136121058046812
0.576702092882524
1.30395324347617
0.934109033980692
-0.866401955923499
-1.02270957271924
-0.350017668791643
-1.25955938067656
-0.977101190222632
-0.0819327033611433
1.97410610942971
0.937390028979423
1.63640496730349
2.3466351147988
2.80061966533798
0.336779259858813
-0.107275385808942
-1.04183062777105
-0.699928961936057
1.16364556327199
0.198772959023911
1.67599715772595
3.00755725870909
1.77210827211559
2.13114646192491
2.59731029664435
1.65927967528216
1.19260030694014
1.29860510850179
1.71073047732301
-0.104946024388456
-0.329748119244143
-0.772805541808052
2.11421221711538
2.08483948492806
1.39684368865358
0.881919355981011
1.96679307666384
-0.276033778801902
-0.681570098431373
0.0806192323640109
1.35466270784556
0.649466289436119
-0.183140955730384
1.0194395585502
1.49029128941496
2.25685631834167
1.55577888041417
0.932038573875029
1.15166643527687
1.58732389768817
1.55218162351813
1.35159452470899
1.48428711490011
0.80653248832233
1.78830711091847
3.33191729320052
2.92044617595873
2.77252927491678
0.904860463341636
1.20281664623357
1.42919870848146
2.27926932192704
0.847139928384462
1.27886290403637
2.18427381807843
-0.161848024016191
0.093251042873411
0.286348956686078
-0.894238271197865
0.311856653137748
2.38658528168007
2.94448805187314
2.32568406974438
1.84728715960612
0.536771693750762
1.98839952539225
2.63519476419994
2.42062990732819
0.0211284892495891
-0.240294725598327
1.45549543114555
2.47582090762599
1.92678646222511
0.358403284940755
-0.735574351091785
-1.2818600444415
-1.73212441493957
-1.4190304047571
0.474085016194155
0.506155054336838
-0.123414717069837
-1.78720094176207
-0.808273127735685
-1.88314641485554
-1.14666272891672
-0.984529060279759
0.81316069984582
1.30475969981293
2.11850460282752
1.64955281202013
3.04203312330119
4.7249323664176
4.7768594615519
3.26007478352672
0.242357588664291
-0.97173885948851
-0.952378432490204
-1.66900580960194
-2.98496973465891
-2.1000511954035
-1.0069757220568
-0.968736728902862
0.79243960182331
0.975023064890326
-0.224896758305758
0.806238859870855
1.24410886139164
1.39272731385416
1.2319552800919
0.215187076899862
-0.231626111568564
-0.120861145020169
-0.597210051428897
-2.14084916570191
-2.41006361377735
-2.4169107036534
-2.02121708803366
-0.788508401874006
0.292045636454365
0.730472365851138
0.871675925296677
0.547919229985083
-1.84261278819269
-1.10745786999429
-1.21230362254415
-0.277165515797223
0.398077964930506
0.486416225897559
1.43478930860219
1.81353426059871
2.5776854826938
1.92402923414778
2.25032342158735
3.19229153846942
3.71074979387408
3.4030784423886
3.14296601928102
2.804172003265
3.11482798996517
2.40801978523674
0.125231020186999
0.840042764475372
2.27026556768687
2.57326925088724
1.55367605099717
0.436447854652963
-0.61657608196093
-0.822653030897935
-1.26620739610585
-0.235180676302653
0.504383828815076
0.0971767778202514
-0.547094781398172
0.42596263532999
-0.0430051920446904
-0.15076930126955
-1.71936263476189
-0.477081966700548
-0.963375445324117
-1.58940859990888
-2.33753671623157
-1.13090996269195
-0.0144553316153003
0.405630618152862
0.600095691822037
-0.754223151858639
-1.20016982945913
0.98048306815427
1.67477997784056
0.985694814386149
1.68488309374955
0.488899814520463
2.84898855002719
1.11782651392358
1.88488948837684
1.7283736218006
3.92635458004163
4.39057593689639
4.83736853139624
2.10320298720206
1.72328112640037
3.13709032528791
2.10569891952252
2.87204673625219
2.12920443773687
-0.177337966746552
0.328077453643604
-0.417339141368548
-1.6643645768332
-1.69810540702969
-1.17360848056008
0.576287752400756
1.21979088718363
1.22062219490163
0.831592344891282
-0.445198794113928
-1.31770351478765
-1.84530170029821
-2.11049296514093
-2.22248286504934
-2.95181538832416
-1.97660936253015
-1.99401242867812
-0.659409346980298
-1.0682116393986
-1.19259498248874
-1.93832459857738
-1.00787632734529
-0.53422505969735
-0.439823479821744
-1.27226874823717
-3.2604418615868
-2.44212220702909
-2.96762241937326
-1.94314332231617
-3.68138775453056
-3.69777044372766
-3.87758772089042
-3.3028420626027
-0.71064709491716
1.20013846488885
1.70918860374987
1.78738916030972
2.40060901162223
1.01860303177691
-0.153860088088456
0.435675915485881
1.0132942996552
0.904842527998924
1.05877924486766
0.904336011906442
0.678050006086228
2.35631569379713
2.11330740329332
1.32463891994595
2.3982512882981
1.59458004647502
-0.179877539073509
1.08299479133007
2.02122797346132
0.874876316710011
-0.879921777828845
-0.338658402467781
-1.83189306240474
0.171315356593561
-1.4822071876702
-0.994747030593742
0.421394432487024
-0.153348361627044
-2.21973313055016
-2.06500368229254
-0.750668876525602
0.897362383163125
0.566124931360793
0.734997013031696
0.573557075157078
1.35070421175874
0.0183736540035935
-1.63029115313357
-1.13011411750393
-0.679146713303393
-0.542144136815356
-1.23401841075743
-0.696139253150387
-0.135030062505846
-0.380149078673868
0.42164246550032
0.78156651216505
1.41811767577199
1.11206126238811
-0.562969143928408
-0.652141035846246
-1.4005277056269
-2.54707166261977
-1.55664561324035
0.736151764259118
0.669531236426095
-0.34063540042418
-0.0636727300625244
1.8601856542041
1.47496238916706
0.307809262408808
-1.76951310209512
-1.59397653010527
-0.852416036428015
-0.413792997691613
-0.586587508233301
-1.03479322185773
-0.720693752464024
-1.46832662180755
-1.54051247290368
-1.62206322301714
-2.11052845452059
-0.534834333601217
0.269238902081434
1.05346429883628
2.24970020540266
3.99994282360687
3.63498082176668
4.17772356642883
3.57108049172436
2.31994424756495
2.18505912337298
1.4911251985971
-1.62133466814993
-0.922027697606322
-1.99751834973646
-0.105138283292858
0.948375893706308
0.502492084746293
1.17172634489515
0.965644883904473
0.682112095570642
1.75531403434565
0.915162897906404
1.97397195219634
2.6764660909631
2.06542278923692
1.74562891722532
4.2090977321109
3.29268604892092
2.9184504418333
3.02954993057044
1.48870941528089
0.97162638241683
1.85237283894435
1.72372266996451
2.39442706807875
1.28134576043831
0.0521988552485534
-1.73731482187409
-1.59419518811605
-1.11492310465053
-2.82053673320111
-2.8624185547823
-3.09280505433415
-2.1696513012138
-2.73966770685151
-0.64302577596574
-0.494073630847421
1.4971731917072
2.90489000071965
3.09764413905405
2.12813509729291
0.543288149452652
-0.500726048320102
0.0223272307021551
0.421326247085132
0.567667140131774
2.43963819577186
1.32746314399277
2.84493798808609
2.88541991044326
3.09772499821162
4.09819921998371
3.15771344629015
2.05556130325122
-0.205692850682078
1.03270842653019
0.534148471000084
-0.2501282044862
0.504530627674168
0.487459163446928
1.72183880747422
3.78063202813069
3.8761186853317
3.30125435012979
2.61643057206716
2.90464986570383
3.54938780089857
2.50854510587437
1.72290675665379
0.845900788232858
1.32853376023519
2.48840302168991
2.49336837573707
4.02503039679386
3.05486948674725
1.87023259896211
1.68400398239585
2.06499461062387
2.33591448655372
-0.105166663401656
0.816557883670933
-0.166469763142823
-2.24109612244779
-2.33003882018695
-2.82006793178506
-2.14192809775837
-1.48836562329294
-0.801750688402045
-0.592833218098464
-0.889650313254706
-1.12685359017385
0.111875341898951
-0.805568040516565
-1.36614599146773
-1.90905145469275
-1.81981668562223
-0.44397948435529
-0.305286127377082
0.45499773455613
0.636643472817967
0.690871265286232
0.637173421688914
0.656299142963414
0.0544085497731397
-1.38657444762853
-1.46628076554169
0.0739989671229071
-1.90976966646615
0.10243565216664
1.07281515052074
0.97203348105877
0.901427514269712
0.262526923302054
0.460851746378807
0.594272393619683
1.3794084219732
0.506002714988921
0.293153006178513
-0.339769906290959
-1.66831932716745
-2.59106827076881
-1.25173937709587
-1.53996693557745
0.670281405298873
-0.045348108709492
-0.875509838102142
-1.25299226329092
-1.35951044741143
-1.60806676621616
-3.30606595603833
-1.65205651566472
-3.03042215500501
-3.42195490068384
-2.44630115706208
-1.87071471464296
-1.17699705181693
-1.53937244469143
-1.33121534010293
-0.318792849108677
-1.24375328309311
-0.737716996924358
-2.05157507141629
-1.68195861928837
0.260801761594702
-0.945315845844293
1.02119272338823
1.25146162923384
0.705283086448556
-0.338188023882913
-1.20906538586519
-1.46658204940768
-1.8047874536059
-0.797314875016847
-0.0475714449590852
-1.66546771921343
-2.15222413055155
-2.17163809732757
-1.94155024736774
-1.87789678861507
-1.68233476511439
0.140995253656012
-0.244454553854051
-0.277361757794349
1.86458660029725
1.75535049170708
2.50241778591624
1.00951731594701
2.44502456800699
2.79286054298495
1.93233052777534
4.16089668700038
4.37532321809404
2.71769613262834
3.1512567878139
4.20301897481631
1.61591651022026
0.336371142033257
0.0519498157320294
0.679732539898735
0.946355093810387
0.538719305532552
1.85237614329695
0.602785675633587
0.803970111674633
1.31752541346016
0.412281724645122
-0.143579453466509
2.7328215676624
2.5784075312304
0.644992592791628
1.19448648080158
1.35270656511599
-0.315932143846491
0.550440316397671
0.518932998585253
0.281552732087652
0.911387686523106
2.39440450278819
2.97278715035492
1.43664205449664
1.33735631639457
2.54164914283332
1.45712740026737
1.7892735848648
1.26470923919772
0.62814228940787
0.854209012157341
0.213602243511238
0.18388528612236
-0.58862182670511
-0.442500163669857
-1.56478988328652
-0.134789364070701
-0.876179112670066
0.352155724569722
0.135846455098028
0.692429970041101
1.68098345366106
1.23763214182557
2.76210988756354
2.01121274246539
2.49380350397808
3.1281003733829
3.58262892793656
3.20470337868034
2.48698773333616
1.63288511588131
1.68220172346525
-0.207226753111263
-1.2782673902441
-1.08294657548141
-1.81759228103793
-1.22027407408505
-1.83420036080304
-3.48773013373577
-1.64043275266184
-1.9811760589221
-2.23497403080588
-0.317139998901532
-0.0499626807590717
-0.589775855428756
-0.283301472295848
-0.609251417102384
-0.93068804937223
-1.5633825718359
-0.508083931249932
-0.0915701345377862
0.373970405706685
-0.503311955794609
-0.723057657845455
-0.554990755355352
-0.301907937993035
0.309038584955513
-1.01707582004633
-0.928801085332598
-0.737945032637974
-1.53249393439675
-0.290103934435765
0.66676116560817
0.30602605559448
-0.389358425014385
0.0675062513656923
0.898297312252744
1.16313991238566
-0.790704844035247
0.727902323611695
0.170979538463382
-0.817252791740037
-0.963315225744069
-1.32835797129411
-2.35695104861242
-1.94658322148814
-0.350528851060877
1.19958246940399
1.06818266602703
2.1986967719033
1.56349154130605
2.54409051566297
1.96462526361268
1.2599498103491
0.303721591521314
0.327919945745021
0.0821190807897088
1.7640393228629
1.58084035373179
0.930721767688514
1.69107778993856
0.744869905282993
0.501248652249492
-0.10293688989456
-0.846839713959761
-0.910310616431213
0.31702357911654
2.83265402043437
3.37925868636944
2.95624394893879
0.988493301892523
0.287072197054646
0.861572454994988
0.704416009950352
0.666364479943362
0.463024218963625
-0.186093893758536
0.740498708199645
1.1505228369218
1.40586861754011
2.50517624755117
1.38323570973426
1.57884359567198
1.12216936322915
1.46648608826191
2.76810079823767
2.64041857067997
1.54404433883388
0.0165128365219758
0.236873882124312
-0.744964050331867
0.0790548544876064
-1.83965919851146
-3.80877632296778
-4.68917972847637
-3.45489260184534
-4.15712801175228
-3.18954154769654
-1.93077999771476
-1.15966505996534
-2.1148893023054
-1.51408439998214
-2.73163762646814
-3.22187876786966
-2.27784273895234
-2.66880034344722
-1.8787064746817
-0.281657169587149
-1.79633888279417
-2.36575632717027
-1.90768107125049
-1.06469246128711
-1.54913316993974
-2.13761653655852
-2.66840290785661
-1.99079608526913
-1.78461559176522
-1.74152109650173
-0.81128997292457
-1.5456831765188
-1.21857760346341
-1.18585301380308
0.0707298598740238
-0.715355615941708
-1.15973004884165
-1.99554132908703
-2.98335349768449
-4.36501622201484
-2.69552260553856
-1.40048623811665
-1.4528988600688
-1.78276787431588
-0.470407317030471
-0.320842982625785
-0.727150196098856
0.0689963855314016
-0.420716159746358
-0.592688970285392
-1.85412268905375
0.0558002944431459
0.290108914786018
1.1085999508685
1.14000691465854
1.76241569034962
1.87407422580416
2.1495267468527
1.89064389167899
2.12377016534936
1.82493759448649
0.137538451948661
1.02653916789707
-0.011815832987631
-0.0419980049923068
0.944614137464293
1.72743707693201
-0.760059953994381
-1.84484147748393
-0.47001491069799
0.973923521830517
-1.59085564526742
0.65376866592798
-0.194155553335138
0.195387787864497
0.992220080771074
1.94747318593825
-0.585779518373495
-1.00269709265665
-0.324517471247716
-1.59937039262331
-1.09380075056538
0.664028995271835
-0.186559589576247
-0.412074155944707
-1.53920732799199
-2.5035289097524
-1.51971454091628
-2.17762888931659
-2.55262593319625
-2.20137745159507
-1.32989925349693
-2.78688170159424
-2.83195779458427
-2.51205514845843
-1.41865113911876
0.497272867983272
-0.221462685449654
-0.376490650521793
-0.192084615813719
0.0987795279536139
-1.4894105408653
-1.4328238151296
-1.28479541904398
-1.7961640480227
0.0223092876495914
0.363945903449974
1.6988873758924
0.769131845352261
1.66636000993305
1.85579947149077
2.15905384546725
0.962527828343485
2.70578372617592
2.88140343091554
2.27761196223096
1.55026887125612
0.460415593109214
1.47516624228624
2.07750397851356
3.51396123383
3.56460199373097
2.20560823828546
0.576576494310458
-0.288817131376057
0.0176664262326972
0.705920366015309
0.378063089993091
0.210663637463065
0.942331597982229
0.514059038220884
1.77815530086863
0.792382219526079
-0.00396056938280109
-0.508913482789742
-2.19091479116615
-2.39683681841014
-1.87607402551368
-0.380085482386465
0.0998198813130606
1.38015200701791
1.11294925362987
-0.0273403911709668
-0.671770705448956
-0.305998562582025
-1.27378677072724
-0.917435446570855
0.378150540938652
-1.22392705767255
-1.21248218646573
-0.959736908149053
-0.58387895374799
0.623731145910348
0.689348268252031
0.950383483295554
0.273079984226113
-1.86563666354064
-0.577146032937938
-1.96035885921567
-1.33748694798123
-0.743163114308327
1.66016596226107
1.46409004067532
2.23120922631662
2.03044261735679
1.93793293804346
1.33310864464856
-0.837916765934725
0.514374177053252
0.221512126645337
0.354988432456956
0.626460410473323
2.04496934696205
2.08347970468333
1.3739623111435
3.05741832818254
2.69260594784737
2.16666701456651
3.02914062590097
1.02856302051233
0.730618498196845
0.44230917470762
1.83263703855522
2.51251112822304
1.31171476786559
1.69002850107842
1.2569689989515
-1.50887056260759
-1.8093059514399
-1.70831360671934
-1.76697160171142
-1.54300982739242
-1.79002389767079
-3.01018173358199
-2.42866455715762
-3.51147168753943
-1.32146866496325
-0.0630599753022948
0.400549402375155
0.653931064369769
1.32649376910056
-0.265553051170565
-0.44011529878408
-0.833332447847102
-0.970010692091686
-1.00046242970262
-1.23595021221678
-0.256665048523571
-0.160592956332939
-0.163376981928381
1.18300277187884
1.44096939003983
1.34609695767442
0.770948238660276
1.25406509779388
0.391593207320448
0.971209907821021
2.28373349815361
0.970862863938908
2.33878167339629
2.19043491039997
3.09560980896708
1.75376366447276
1.08277434706763
0.34965664441554
-0.843395453894934
-0.248017979689076
-2.29644797971423
-2.35183594222872
-1.46279385184991
-1.09798459732644
-0.814789865287348
0.354220754436332
0.146777914901077
-1.44199036229718
-0.0448549310283874
1.35233837423579
0.627911315916024
0.805533958925762
0.880538360940859
0.280774983158311
0.967478735399809
1.96326210332508
1.34009051073418
1.00069295552547
1.10371632996704
0.556238927265981
1.63501659082703
1.06768379566849
-1.07456440711768
-1.4514459428351
1.42440176598927
1.17992665824563
0.338912293232354
0.936499683037934
-0.192919526262316
-0.83515024802447
-0.476864658979955
0.0763995179164263
-0.11375880265801
-0.241885610357587
-0.228970212459673
0.29832244173809
-0.136839808620356
0.0228986668798848
0.0170549280916619
0.250049711237373
-0.264568350922847
0.901311852996895
2.1032722975383
0.298319665794019
0.930754596989041
-1.00581307069565
-0.564828309513957
-1.32146286194262
-2.15293177479816
-2.01233427247981
-2.35746066537653
-2.87134801682457
-2.24766015309346
-4.88933774371604
-6.29102935920712
-6.897609354311
-7.14307706043382
-6.33957605732518
-5.40178662822877
-4.87589319510599
-1.95504135605934
-0.8577242663911
-1.63727979177353
-1.61796087367321
-1.2312431540489
-1.64291150145993
-1.36177213165569
0.27152231739852
0.599764141635173
0.9432200078458
1.95985078385287
-0.542705792826952
0.0142296480686179
0.400665055462135
1.75959762337118
3.49994513588671
3.90412459613014
2.54690472616924
3.0009555069919
2.65649033391827
2.04511189340272
1.57354596974977
-0.542320987153399
0.16879108288785
-0.319239742174109
-0.0490003238635521
-0.168069414410244
0.173558260879454
-0.433097939180357
-0.457024675225406
1.1839051497739
2.0188996686572
1.48940969264549
2.13974732767378
1.10993825145821
1.13061482229468
2.08255187758468
3.08431986219327
3.49106114840018
2.77608304701195
1.85165039014024
1.86663151236808
0.666815074648497
0.293402611829386
2.15298856110622
1.14972313599425
1.69712103344815
0.952958295804268
0.693191372765444
0.907106615448635
1.24481310883326
2.15352017685442
4.56376281850164
4.61786488262886
2.99889358953306
0.948293694193218
0.901870112838945
-1.41940588879545
-1.82522396099417
-1.690093019085
-2.99185522736703
-2.19439467653432
-2.70754101283935
0.413853374116955
-0.281114453587948
-0.653294160234798
0.084444646546237
2.23834558984821
2.5759641999909
-0.287968638402895
-1.00349345033614
-2.05471663443087
-2.30292361201592
-2.62759926601416
-3.61388983268953
-2.78751811902844
-3.71490121124905
-5.12475618671301
-3.65344618488964
-3.19252466229602
-2.68099636851598
-1.45315713810252
0.103052047322363
-0.18147028484583
-1.61419507396071
-2.57458093971412
-0.431659727048116
0.27755750424682
-0.573590417905177
0.493423764549378
-0.509984703856506
0.650023487509068
1.29162780507813
2.6999164625967
2.59750094716556
1.88608530379033
2.41379016157031
1.29207634006022
0.6292800400227
-0.716046319022887
0.154929537082833
0.118006118277867
1.14117633073973
2.9115136325501
2.90268072844017
2.0025691205363
2.33868352864187
1.93471060528491
1.43374108309984
2.43286920719162
0.056972271537453
0.566986840025914
2.43977513359105
-0.213124580250416
0.0873933738628039
2.43054923635889
3.06279219285548
4.41532105436938
4.86156437223145
3.81545925533485
3.10472900507108
2.01749874526317
3.76813620416598
3.41032570638497
3.22139380450284
2.15804950860975
2.77382255299313
1.85183668296248
-0.595213693902173
1.2161673642624
1.82206710814529
0.196669517530701
0.854512068075637
-0.0356081343560096
-0.181268457849393
-1.26243229366805
-1.70319241229127
-0.873436835447997
-1.08976170034544
-1.69359101689498
-2.05664983908695
-1.05341229215571
-0.442577326172906
0.59710263225461
0.47169215804858
1.41378270622147
1.51649032653928
2.04501807962421
2.19022552813954
0.718993400035255
1.45921679941717
2.1913043421196
1.6946185391229
1.70880344049239
1.51111697969697
0.2852914944242
-1.22181062825195
0.333693509962952
0.0344962538344285
-0.594884695957499
-1.28441003131256
-0.632448270582072
1.17403368934007
0.0259128809287803
0.658010609037371
0.184451689182876
0.363024059500075
-1.2434536748552
-0.444214367562267
-1.9196461060939
-2.94597157378642
-1.60002794761517
0.769685700286586
0.341806147407076
0.0198213471191755
0.0453506701265164
1.25409295329815
1.33863572407404
1.30588008965924
-0.869507416052656
-1.09719559186369
0.295507809058943
-1.0118050598693
-1.61486429599829
-0.680125582997202
-0.109630198121314
-0.895603667293194
-1.09385286643197
-2.39677989278157
-2.00598876325498
-1.93539903781519
-3.56783165645233
-2.37227059127052
-1.92638115723612
-2.872921684568
-3.0238575867321
-2.34720886570498
-1.51340591492225
-1.36137613614627
-1.14857011340762
0.152838287259266
-0.112985115737077
-0.403937003065926
-1.3999504215428
-0.960671169549144
-0.79758339364431
-1.19215216635396
0.0898838223947569
0.948177295550109
-0.678495986464953
0.0465300620741739
0.645242530133468
1.26879562681528
0.600048486831462
-1.05729324188515
-1.6804165232011
-0.436179645318549
-2.69176818067213
-0.164497321100105
1.13506490770192
1.39734291416541
0.501082330298613
-0.85491323534593
-0.735984935723375
-1.95816605257976
-1.34806355963871
-0.871336060660641
-1.04487947337023
-0.222792475558768
-0.516489153556485
-0.159662668591194
-2.35900846664414
-0.420110525094969
-1.00631299134032
-1.08412877710844
-1.13105469567454
-2.67229024573153
-2.68805067891419
-2.35918015747252
-0.620869450698524
1.32383511469117
1.30872137464116
2.93245975397437
2.73998030493275
3.06399385936411
3.4442715496486
2.77132048750471
1.67365184642753
0.493028848286037
0.0442601767582343
-0.943650694740141
-1.14367651401534
-0.842724417248493
0.0741276175076158
-1.26443239614769
-1.04412281118766
-0.769593699402342
-2.26147977279533
-1.24512513986645
-1.27050860370144
-0.775534352186374
-0.260084381122784
-0.313597971290943
1.09251344987103
-0.358421392603925
-0.418960142545477
-0.542674548725496
0.156653226447575
-1.13484951497845
-0.794739942944093
-0.563383573769577
-1.51271506001648
-0.77677087864773
-0.512575240631673
1.42963357721217
2.17549391001816
0.702852079114814
1.39161726471004
1.13751225529335
1.3935155701041
1.13210590795232
0.815356706744385
0.17899633756647
0.441801180744609
0.0377866254856706
0.855135283097859
0.331679812884756
-0.0717693337795108
0.0223334740780734
-2.07502657199586
0.415275538601248
-0.149513370401128
1.00648817974688
2.28892173205689
2.89035766514287
2.37622156295316
2.34594880333076
1.80212678002051
2.86035948290541
1.19444857011433
0.863009769295728
-0.397231712999081
-0.835992253399563
0.426594118192711
1.40631322916621
3.65873383576298
2.03793021858347
2.44933850722352
2.86142638719958
2.61574106142505
2.1368409687791
2.30156204502768
0.407364967496639
-0.561558676099423
-1.10668361053975
-2.19453182101701
-1.63747739589148
-1.28463968672139
-2.52625587283461
-1.45472420539699
-2.29168490256532
-2.74902706413927
-1.54696648809777
-0.434719356151061
-1.47149355203353
1.40074390706847
0.771752533998372
0.67855929884881
0.225767856990639
-0.238689178990582
-0.140205759743625
-1.06444481817206
0.526683926836581
1.12441562513296
1.78532725716811
1.19456791543986
2.81095132036747
0.81219505635697
0.640002279034903
0.150025701737426
-1.57237048920066
-1.78679331685589
-2.95721955977964
-3.04486959864452
-1.97162939204431
-3.41978300009341
-1.61551107727823
-2.0803282605989
-2.73016222856223
-2.4815535102947
-3.79522896526896
-3.05796654337435
-1.83524773454133
-2.64395047961958
-1.16566171014676
-0.764706027034581
-0.469906624611159
-0.781299365729821
0.103159839853939
-0.62461615913749
0.710133372577894
1.99453517862702
0.534834047573312
-0.256456815291644
-0.787532848329698
-1.16232502924254
-1.59980598400451
-2.64603511625409
-1.18860868855557
-0.595256108519955
-1.26871661872463
-1.85204932051333
-2.3821561062375
-2.52940768622178
-3.51742787192765
-1.41157031641101
-0.352386990705745
1.98893804063252
2.28449231445376
3.02309310032195
2.28214062089621
2.5031802720565
0.948323767313411
2.19527833917656
1.86958382449977
0.192231044315567
0.00798035853570891
-1.14489316170932
-0.969783582280555
-2.1580398178022
-1.86113324855138
-1.84450723082513
-0.0631686010169137
0.459682038570154
0.52459936468495
0.728276993744346
1.11192655305459
0.224739069743248
0.352468847437681
1.89455700296578
0.436510943272877
-0.947585849098603
-0.460388685810308
3.24249635462533
1.26277040706763
1.80631628168711
-0.231851804950333
-0.736713227141617
-1.04381542624055
-2.06005481265551
-2.13966638333417
-2.40570119665553
-1.80856092299256
-2.63425753263996
0.0458495637663625
0.288112506334851
0.239859321342424
0.0657739617177041
-0.2523830553361
0.460132047039088
-0.111642676365472
0.608667333523773
-2.18264358369849
-1.90753272866238
-1.4698056088549
-0.142473179898942
0.0956624528325075
-0.97468009651021
-0.878667981136432
-0.400747043798459
-0.269433884981687
0.0953684365992675
2.2669532439626
2.31728378214096
0.81503492049287
1.06482392870654
-0.107419230019538
-1.07156325789698
0.0813719970257576
0.867371172464823
0.105671064071442
0.811107720103443
2.20458043303799
2.54912491877013
2.07309719325698
0.429741587096579
-1.20652618023593
-2.12683551114376
-0.3802704558189
0.107297107635723
-1.62519337383147
-3.03454230182204
0.0494207138682685
-1.28543453881651
-0.925271414345007
0.460236280722308
0.478812170938556
1.36355308773135
2.51507824187447
1.42544354740873
2.07071746157069
1.54558978923095
3.04330515420642
4.49328213897465
2.89969389731156
0.996165406932711
2.34897151553564
2.72630533884815
2.01115138359677
1.7149403049674
1.57725400688229
0.500109109164165
-0.882924363628116
-2.57691693054328
-1.89765081903385
-2.52146612047552
-1.07871894486153
-0.608826133041678
0.233106479195409
0.523141715529853
0.424380681713555
-0.196529129657933
-0.215715558456294
0.000586778636076091
-0.651256584154996
-0.468292680169768
-1.83119507222976
-0.911506491651957
-1.00023128719553
-0.55289136827864
-0.971056254125079
0.0337759680070263
-0.929532227753398
-0.277396819338664
-0.892188095104319
-1.63306567808275
-1.91897457858379
-1.42175009544461
-1.09796103490397
-1.45694856931355
-1.71629460174825
-1.31455203525518
-2.95276801926722
-1.00782106909859
0.0784368755506729
-0.905579358510919
-0.886156917302684
-0.35030879026024
-1.30722539458922
-0.62750163887267
-1.50062338774675
-0.901933609474625
-1.65567626914246
-3.09375101821641
-1.86050086913786
-0.410626477487184
-1.49973405196311
-0.0503159977588743
0.508343213883527
0.629072986432969
0.878782041313219
0.838174460389095
-1.40784632066757
-1.51002359788091
-0.680717516203811
-1.70748428244208
-0.311387759539195
0.724712728059198
0.81894051675333
-1.49548703225165
-0.558414319769895
-1.50129826757502
0.477342983375561
1.02226481638408
0.199823324211403
-0.15554352701296
1.20416086831282
0.71112046361712
-0.691698598282542
-1.03634567350846
-0.0148737176267486
-2.37583463927672
-2.86234192451152
-3.93028298213956
-1.62851197037907
-1.20815202726972
-0.942578742428
1.76263080475394
0.189185048598085
0.72493323978219
3.57693734211855
2.87026534882417
4.14436738737542
2.87700095572117
2.61190610396657
3.17908636316706
0.753731593492932
0.430866302408833
0.185694865983279
-0.319269146423307
-0.266440996191843
-0.0920332166250871
0.0492368576195521
-0.227471416662336
-0.277141049258337
0.95102481466018
1.18011795311993
-0.0561384604980206
-1.65401061094465
-1.9699632416428
-0.627845970587992
-1.44506511994127
-1.50006950072907
-1.15872005450787
2.87341348733001
2.93627681805897
3.90574220885903
3.18247383072888
3.20969975781977
2.26397492282267
0.661467992878651
-0.133007684567405
-1.03112492828235
-2.09200309694209
-0.784614974087188
0.364667488021783
2.1298831599751
3.28279099117895
2.66051938991275
1.78806866221431
1.52613450984031
1.11974557483429
0.821268649398042
1.57715045236738
1.13964454624955
0.79839349601158
-0.563128956734181
-1.71673788211501
-1.15166664187549
0.0530023150038419
0.532446407775334
2.51297021443481
1.57542497068386
1.68578833250812
-0.326736575393375
-0.364600928415473
-2.71406619648472
-1.2592500610804
-1.35178213359735
-0.521139383540025
1.05002830230343
2.1842793040482
1.01594859491198
2.42942705444118
1.53155441950056
2.65098741979755
2.05964945494391
0.991946744987596
1.49084019052233
2.74581603294014
1.8241188065282
1.81836254838114
0.528890915494483
-0.953925258016575
-1.93527866506536
-1.51533222304026
-1.2357607100123
-1.1699917818442
-2.07336602993085
-0.370260358270107
0.435675983568776
-0.307468104662248
-1.06279453951441
-0.697636077633255
0.531447716219072
0.788592584577157
0.685699931366752
1.7052869302229
2.17509704627395
2.41949804463626
1.61756460249694
0.888092403671283
-0.0877789442581263
-0.724718809789379
-1.08077429310246
0.270430129424659
1.46962397151547
1.53018515539036
1.03899666585066
0.298725868850896
-0.275155735824892
-0.402222663841683
-0.242298093736163
-0.722374983964581
0.0885590899511091
-0.882743774947245
-1.45767255956427
-2.93919108005409
-1.56038987145089
-2.37779491169118
-0.947698791296411
-1.06242923488046
-1.51741053681887
-1.91863428985816
-0.886983514586358
1.6213178400233
0.609792933873984
0.997594243957902
0.806719847515921
0.306939861384714
0.846737263391804
1.69348944744234
0.0263881930767984
1.13260376196162
0.919879063724406
-0.272897923891527
0.084662043955344
0.0826125999472824
2.10569665715143
2.71395586556013
3.32342652039641
3.66286140709478
2.21152931759948
1.60216562687788
-0.302671064960441
1.02103009483079
1.47145518754202
0.777372988562584
-1.18038242821895
-0.702446240124142
-0.857715185531798
-2.05548332950852
-0.958390026787915
-0.891996672547717
-0.698653644732331
-0.638094500526457
-0.744123406812624
-2.39715582903482
-1.85012838833578
-1.53960902918641
-0.360455424709249
-0.521397027308776
-2.10041872906106
-0.648020637239047
-1.02329757389425
-1.20487297140205
-1.40583881291758
-0.798761684386092
-0.990783245756782
-0.0691654379496806
-0.081080463150118
-0.293463459326798
1.55076720979597
-0.761943015057961
1.5820760893977
0.456320154346009
0.263395915027226
-1.64523415308746
0.0332920555206562
-0.529967526116369
0.261560907419392
1.57654311331772
2.44372420974219
1.695471996649
0.519059046231172
0.723550185293634
-0.691427528098707
-0.48378216501714
-0.661082124470581
-0.582466631911522
1.71772741828391
-1.52141034424302
-2.10942718171218
-1.2715072994177
0.245315422006928
0.685047090986911
0.0538423332176313
-0.467921869318172
-1.31941426365048
-0.538436042304995
-1.64766871583244
-1.04958929942608
-0.614889302309238
-0.960168228358583
-0.941958307216981
-1.10911052680877
-1.61800285490897
-2.72744345356488
-3.32168028557051
-0.0243767961241628
0.622588441031973
2.00596522494316
1.90726092189629
2.5998839880355
3.38242670448893
4.05845940418089
1.23987415592575
0.113183797069407
-0.266982171215348
-0.449422672511489
0.0697443515029406
2.43017806139813
2.18881801548167
1.34184927246479
-1.51764114649425
-0.985436220290451
-2.55856489676835
-2.13137437910487
-1.57346211221631
-0.278214333616163
0.240433441995549
1.93290451241539
3.43627917977039
2.20434452175376
0.272743921047216
1.80613643721545
-1.02335993611128
-2.5399488506224
-3.471008129668
-3.13632651771873
-2.75961769826014
-2.13475037622358
-0.465110015361813
0.863579106865372
-0.472432764330985
0.253160739998476
-0.0753946689801727
-0.0435889496918291
-0.800305634466555
-0.236568034302988
0.0695371916309195
0.0303382053049105
0.641014821603596
1.30372758759282
2.68653170513199
1.79800495876131
0.157857253081989
-0.611691664094225
0.651589926532694
0.226342762409855
0.0473093950189146
0.876296900932469
-1.26542914924226
-1.7717110175312
-0.444171236604138
0.128690836689526
-0.362195761150615
-1.03942985951754
-0.543254712601354
-1.38087763730409
-2.18526597598415
-1.08179759045744
1.53450127462263
1.61176175374788
1.68439262199345
2.13773769300323
4.10197242802677
2.85472374691705
1.69999915988754
-1.80604195975516
-2.38597280920542
-3.05611312203904
-2.38930833573954
-4.14018241147695
-2.81627351115045
-3.26688037477651
-2.79880643310502
-3.25142596355891
-4.0144555856376
-4.60358933833722
-4.49529969475661
-2.80114554205183
-3.13858274281819
-2.64931418975306
-1.73548268476591
-2.06139321709651
-1.83612288207455
-2.88691642170541
-2.24596907812967
-1.63311814036396
-1.40610162264604
-1.56148439621117
0.253110660136499
-0.0467353982029351
0.519304546085985
2.8685617526142
2.05156643797756
1.39798793909927
3.01411158098324
2.44009341882777
1.12147503338184
0.634435708681422
2.71744457903697
3.16839180455894
2.60599363586941
2.09743824733834
2.61299107531855
2.41317999839524
2.81315953914546
1.35486929045456
1.87598190149689
-0.568645028197114
-0.494206927988548
0.313845967502287
-0.983779343172375
1.30209029254205
1.91505805936644
0.9109936595041
1.35428006812564
1.63890704995215
2.50325524488708
2.80856583275039
1.89357148459962
0.656464656170186
1.48492224738381
1.62737523291068
2.16392576677862
3.08758395049174
2.09389251307033
2.17390991898169
3.02430516251944
3.20656285089114
2.80036735196459
1.51645067016689
1.17141461593803
1.84049016177463
0.0918025711022508
-0.255660019987895
1.11449759045182
-0.412788428877553
-0.744494981205703
0.225634640876861
-0.0984513241750258
-0.194051832725227
0.699883567029493
0.518324055644814
0.0214378341529119
0.403576870796524
-0.049293382837923
-1.6674313744583
-3.52999327499728
-2.14739221260937
-1.53331189118512
-3.21882639658232
-0.102500366155091
-2.34158342643792
-0.920912396859384
-1.9961738004216
-1.75957455003512
-0.60687729188619
-0.416024066938199
0.737818772851231
0.395673288570024
2.36453695606495
2.80107025851316
3.00564920997264
2.17382674832291
1.17454668392949
-0.40730928889761
1.94220964849666
1.29145271952394
0.898941690556181
-0.401577088919565
0.258458008765411
-0.401443998953539
0.883362872216656
1.93830487483927
0.965326283194533
-0.628360355350548
-0.0628977920076746
1.05980359039847
-0.601597002462187
-1.32391702202793
0.439181552179414
1.89511165000662
1.09591856086043
0.956505006879145
2.31636382362835
3.43021938655743
2.92924246256294
2.92633635487583
3.75733530879165
0.0069693798321171
-0.558857096822689
-1.22558008343253
-1.42997144452982
1.11718125656401
0.52989693006036
0.684552017975002
-0.38635972603158
0.297670798819091
-0.474683050730333
-0.931777674033607
-0.231480723197454
-0.900763864590179
-0.468416330618603
0.864342732503472
1.10443203986025
1.49903175489058
2.53389116578818
3.53843381256025
3.70754729908992
2.54948879565894
2.80871701144997
2.68337316977195
1.9935072232711
1.29534662027922
1.47717954485404
0.157935364512056
0.50546605921058
-1.71191827546192
-0.785339518278162
0.469220329424438
0.929921605820027
-0.667660448771295
-0.185190009089477
-0.946879600118383
-0.630036216486935
0.137444077991241
-0.0816584692549115
-0.2496385123949
1.84400724056076
2.41184696993419
0.925307234467578
0.893682210007055
0.757675563322163
1.03887200433704
0.887306441890386
1.85068007821476
0.529611335268643
2.22594181431689
1.66388785309092
2.59491257620584
3.14786091000717
3.57870855004492
6.63363076132987
4.67533112159936
3.87443956955506
1.43889128772174
-0.540979184117739
0.846373674158297
1.54185070749946
1.1673500864568
0.740193985602717
1.1878163543714
1.03202643990382
0.332577688828614
0.448413648318709
-0.424906635866035
-0.846939191034924
-0.993299356333537
-1.31220922649032
-0.397718186711714
-0.544169672413958
1.43041103718675
0.571272264730719
0.273012777166518
1.10206383982063
2.1789541318271
2.56907818067549
3.86695037260155
3.94632228329406
4.38951333377089
3.92447092595579
3.97650651620765
0.930558611828931
1.47054949497914
-0.194955542255487
-0.452446756158435
-0.134670315586301
1.13971228958807
1.34212007830779
1.68935352891397
-0.677431827347967
0.255999838149741
-0.951852994078302
-1.48559495378266
-0.985071338001534
-0.760766393408684
0.167477182072599
-1.02580911393838
0.0589674764149896
-2.04491104669003
-2.17842824826957
-3.81123303557115
-4.17831077223833
-3.91033755498649
-2.25216405334497
-1.94662259483169
-0.962209201585489
-2.13624533125068
-2.42992031369065
-1.91420376339306
-0.958117355423772
-0.589834418886119
-0.229182336824255
-0.379198925089065
-2.3154432710679
-2.12179393558972
-1.66424821454258
-2.12190732119798
-1.6920715709918
-3.4651344403154
-2.71827731137825
-1.47070030767137
-0.605741172383418
-0.230356739168263
-0.444464034416072
-0.60650552057269
-1.12406893318386
-2.33238976286081
-0.337871738154496
-0.198822791502102
-0.219411336082085
-1.44907837817562
-1.3034665865353
-0.727827388483401
-0.476703367917719
0.407909939202216
-0.680993564696094
1.09839038334764
-0.5848141743466
0.0337013637621006
-1.12782687488164
-2.41716552624086
-1.23214335010221
-3.33868571652151
-4.16549554413555
-3.40244708800284
-2.3932554047774
-1.22462278350815
-1.76364715228853
-0.122059906778715
0.442290422157432
0.580382389017632
0.31236721523646
2.2050513570867
0.607770057352451
1.29354838777318
1.29001398330897
1.3300199703193
1.10062050905177
1.10581542138246
0.457424147727735
-0.504946579194448
-0.696155701886258
0.161859290672073
1.62192334232415
0.335487803349523
-1.97557980502242
-1.87957138414427
0.0126022460831232
1.06185758404084
1.41758781821475
0.908874314288732
0.125125520427086
-0.470028868986168
0.682118567374003
-1.28936568705389
-0.789636920967805
-2.65338127610716
-1.06616954761225
-2.13025498701545
-1.8094491220465
-0.871232963892608
-0.452558280609346
0.90293620819122
1.79196461663099
2.25902001508826
0.316801486358261
-0.546532568112339
-0.919949470045295
-1.80361846637371
-0.733746717483916
-2.125568153298
-1.42854022448117
-0.695335930119792
-1.25618186857282
-1.60882797847759
-1.98579816262111
-0.80033735335588
-0.155339771799273
0.335784685533316
0.571451305893442
2.17252998574829
3.20674002397398
2.95684558855462
4.17901544281114
3.80919660342028
3.18404058331287
4.86603882101133
3.02020772196919
2.18893488230342
4.10535778715025
3.17943930078823
2.45623217523017
2.7078481353708
0.133791007905943
0.342071984775057
2.23934403329122
2.00199396797895
3.07750797987834
1.42478225647609
1.80712367086946
1.47263623095022
1.76628254946771
1.14679677723431
1.0465987213669
0.0549865526353506
-1.35854237350953
-1.08512874533367
-0.400741834657006
0.0323056899155218
-1.20018640104569
0.248276086784563
-1.75496709693973
-1.80499720980794
-1.21381530722371
-1.19560667492981
-1.69910301506822
-0.315501620161563
-0.319554724876561
0.499905936203236
-0.00105443641261888
0.177495295585946
-0.540388830189212
-0.915643351665979
-1.1073141916203
-2.59845606506483
-3.12017534658608
-1.94689705665517
-0.154495620638772
-0.447760281254379
-0.317149102991427
-1.21387497795035
-0.798848262011173
-2.22460298156439
-1.70907811803886
-0.444924941557642
-0.0199527954216213
-1.47675352456903
-1.06281998317682
0.876602321169818
0.534937600630858
1.91899541816466
1.19021309379677
2.39504715157885
2.20703529163361
0.0952802356992422
0.394268482818163
-0.833525605508923
-1.07564173909082
-0.582464363399909
1.07724535156206
1.14559134470165
0.798520455573178
-0.331836884408407
0.542513657890076
1.89226787883616
2.56407476727289
1.68740859821361
0.518592501065643
-1.1448613374459
-0.77464376558148
-0.790769150172547
-1.0346382817479
-1.51602043276839
0.190851293827748
-0.376164150827829
-1.47194213382446
-2.95136483606065
-1.02492340888616
-0.55975218885287
-0.116464418161849
0.220752944130171
-1.20212555557774
0.694546242016542
-0.835260020064155
-2.02755115080695
-1.12048161479516
-0.380579386544465
0.0382072943999948
-0.227871424176457
0.0847538961947925
-0.222328140205818
0.547214120111246
1.04172099959259
1.06463071648322
0.852938605373976
0.189415042732022
1.58704170657208
-0.558478221623399
-1.57788619119251
-1.3887596170064
-2.05398895082812
-1.47133087596801
-1.80699354284374
-2.40946387371451
-2.60263871737733
-3.3661686423713
-1.34136661634669
-2.73055222095775
-2.02473860714464
-1.8549863937974
-1.86700505661806
-0.488619193567911
1.03401936087789
0.25400023711785
1.07930927331501
3.11991531915671
2.8779066132607
2.08502577141113
1.62176257142309
0.476124794383135
0.176385513027482
-0.456316654241975
-1.01150404937782
0.723228982562996
1.97960873301721
-0.443867849831997
-0.926885601162626
-0.965969027511292
-0.471055528191627
-1.02811086024326
-1.34567329299565
-1.82261107962088
-0.0463968414599976
-1.02548084802123
-0.574254887380329
-0.904053655132323
-0.225778198669814
-1.22269450984158
-0.301602868176054
-2.64439532931584
-2.03081532117349
-1.31254157222353
-1.86602257595944
-0.522464032279274
-1.04515213954406
0.164515790940764
0.708447338914272
-0.0775623287281716
-0.00872517162888192
0.408007751031525
1.0506725276536
3.26613503090524
3.54261835348851
3.89602109695341
2.60846294212408
1.84926301386121
2.43350410897325
0.886390220590447
0.237402812152948
0.438650403845115
-0.664433537454368
-0.707921767288201
-0.462508079468459
-2.16416239351274
-1.69715037269078
-1.01415704789986
-2.07760590522334
-3.11566271872362
-3.22619487191773
-2.41641727119651
-0.342236608437436
-0.345782011741231
0.125201801614052
0.0349954909721863
0.317286457636485
-0.0520587185238659
-0.0656667452342826
1.03105419397324
2.19458274660818
2.4657837971423
1.9713262634686
1.34565160956691
0.695148413604966
-0.023233991744426
0.643447304285384
0.432928530989223
0.18001061172345
0.244776469151231
-2.75892709803041
-1.8370393145994
0.141662969741457
0.239602858369852
0.788411386366206
0.262010758322533
0.703234254013573
-1.00737662030991
-0.256271102898035
0.433575164073213
1.15223224376224
0.492299931369286
0.555533472603119
-0.602602338184255
-0.672516604906108
-0.623685191704107
0.890260173687248
1.65272854773478
0.255740066547728
0.980249364726518
0.500337690034346
1.84763390081407
2.50977460975079
2.48818883781515
1.21370993123327
0.949615785972906
2.41888435959189
1.57464281157035
-0.00550580781154708
0.00579939626511894
1.5528435174772
2.06551526553515
2.48215284303297
2.97303878788678
0.232169845259009
1.3851324999803
0.963038571270747
-0.168838500097532
0.298541240530623
0.440166019556956
2.01409119867642
0.687395117968358
-0.235089867364582
0.687395930073346
1.25794969900687
0.746319410874334
2.34765029092743
2.57270968456954
2.02461988990614
3.17079316852262
1.74168525240133
2.36490941469278
-0.441776962741425
-0.863875403339073
-2.1515580256126
-2.3834241502067
-1.02870638988877
-1.39348674771239
-1.30679272083193
-1.27071526642964
-0.525587276518959
-0.160202614365494
-0.826199146507648
-1.77158697820598
-1.06908542521294
-0.966987926733307
-2.13223683586355
-2.08508963863248
-1.90311498357604
-3.5514992690009
-3.19461079125675
-4.10863539556906
-1.48476496128901
-1.17315573529372
-2.21344319459227
-0.539136222531052
-0.883076494853116
-1.15367801132224
-0.729396236929727
1.70048531056059
1.00827411979805
2.23602754420306
2.75993146252953
1.0423271521682
1.2577097277002
0.0845829268489856
0.967136563475823
0.219703319605077
1.82562318700491
1.53695034837641
1.56479421679816
0.541236175583427
-0.181010086384267
-0.760022625862612
0.647963529023321
0.266297358475918
1.36382064712679
3.4641229858051
1.81417114777443
0.575403995058955
0.551405322568444
2.11117313405255
2.96876841605766
2.862347101916
4.73941939861461
4.16247308012494
4.70768823339602
3.90752855752261
2.86238248791272
0.409353293807567
-1.15059191741171
-0.921982116859066
-1.06969532776252
-0.893816184746217
-2.0347535115261
-0.858437608985656
0.517375400058674
0.445090043615069
0.560109621675631
-0.0302649037944404
0.410069334501403
-0.365751067163469
-0.233292487257452
-0.330481173912176
-0.211765329355834
0.408038080444163
0.706699468100563
-0.692568865005047
1.24867112260211
1.51208665419934
-2.04251682467923
-2.0921856136071
-1.12231191446422
0.125166731442591
-0.238483186591062
0.353697495633667
1.39690816046911
1.55026670766703
2.14023628230421
2.39005983658426
2.88048824900832
4.76378626293669
4.57354784884891
4.49846141204371
3.03638070318544
3.03924758072054
2.36648864411374
1.58451667848625
2.44028369545558
0.113070387525475
0.869597407807456
-0.142994257988625
-1.21643750140346
-0.641414306000005
-0.99086333524735
-1.70124712019658
-2.67942976124556
-2.69479195090256
-2.14890998855046
-1.26397974087481
-0.898337240066027
-1.4701964715806
-1.4367578482508
-2.2987903379224
-3.21705531259251
-2.57417824590887
-3.38112651263462
-2.72225079234366
-0.839638630056334
-0.922615955825736
-0.830007756064563
-0.397517327173527
-0.111594752053379
-1.43584350259962
-1.43788064462021
-0.393515216031935
-0.00654496449816266
0.177314567373696
-0.819279785471033
1.76226032430734
1.66029905321792
-1.63021407180919
-2.48714442826264
-2.81123609177285
-3.8686746666262
-2.83367961529777
-0.758187304091519
-1.67587610248247
-2.20620191955502
-2.20575088390403
-0.972399890471062
-1.15025106579745
-0.510562845022326
-0.919228660281052
-0.883625403617124
-1.44375135392435
-0.606285171235253
0.289551506727461
0.0915317033096408
-0.204067777113387
-0.585896684905923
-0.558343047602725
-1.16573117443149
-1.10539042893134
-0.40227084082373
2.3484831348818
2.85731751968564
3.11950473885316
2.27231433492828
1.02741578315884
0.0856734276642171
0.556375191337259
-1.03874076606159
0.351598816677006
0.153724477726631
-0.044281302238115
-1.05904990066994
-1.10114636636609
1.66134515469298
-1.49748264735043
-1.05835303870313
-0.968414867716103
-1.10916145436061
-1.51601898833136
-2.47567439022971
-0.996890060786526
0.0112344563929083
-0.15020627495623
0.1251316801152
-0.723392536074734
-0.817277625843977
-1.35938115786746
-1.36104395784302
-0.176776514694933
-0.371365462493089
-0.819979808706927
-0.604797849412022
-0.302331491524012
1.86237215107672
1.96337587608373
1.7121917306832
-0.166117769987972
-0.554612292490864
1.49641940391434
0.187826697537996
-0.342406377981109
-0.916214257238017
1.5730949779453
1.57802774705377
2.01189716517667
3.15948361918919
2.99897570088063
4.39663908258904
4.50221227283763
3.23150734838384
1.93858474962728
3.03960414029268
4.516197977875
6.35514812057786
4.84722818783191
3.79206809900528
4.73191349705261
2.55642119612002
2.05192571584195
1.84076385973231
-0.135733431376402
-0.171400457961328
0.0962725586120038
0.851306025915616
-0.347517317464134
0.641653069027237
1.16297298085102
1.17485006168114
-1.29910155519898
-0.373317560156973
-2.28395576061262
-0.790117563182175
0.872189125599443
-1.0568513652672
0.205463452036553
-0.873215938120847
0.488454156757408
0.391041605238069
-0.360326036002965
1.73605894596086
0.11832656952023
-0.64688503228582
0.318967927142596
-2.27365003835004
-2.79027476039648
-2.82110294006484
-2.09279905543615
-3.03122969569407
-1.37233875892459
-1.53585475842653
-0.507997005978379
-0.141924629186722
-0.327161978813182
0.460763728853752
0.0800526325067469
1.16172025877727
1.32376414375905
1.36262655457136
-0.28671428478432
-0.273051111637545
-1.55907411108924
-2.11332165789109
-2.53513446611337
-1.90042972006901
-1.49528001805465
-0.569028292560902
-0.280049065119016
-0.04924597524098
-0.245798866724456
-0.399672745363429
-0.65763588503169
0.715399969966514
1.35675997012054
0.526157087469308
-0.585167634906533
0.397235216130409
-2.15503141747689
-2.4079531742516
-1.17067712653702
-0.781953823389862
-0.0160677855079399
-0.0937658229838468
1.75164540381018
0.626825206778624
1.07692168868202
2.65709596837082
1.74123533530903
0.202523567678468
-0.869997099800397
-0.882449608231685
-0.755296660933575
-1.06927592082776
-0.394708084983693
-0.931442998771773
-1.60971722097224
-0.45592801265448
0.40270772198289
-0.889267384697987
-1.55783385707075
1.01866814863303
0.0523485371360615
-0.120842820974683
0.50259467033005
-0.886607873200601
-0.109559963442894
-1.26175118566943
-1.62247679546399
-2.14041652609097
-1.07488108316459
0.526923598053943
0.853408145001238
2.34964443652874
2.58849018626225
2.61282299700857
1.79192590809105
1.44584128975625
1.47729356921819
2.08169198083777
0.60316628343907
0.992106619134167
2.93134714058262
3.08896388210448
0.790015633924249
0.779295723145806
-0.0173168849587296
0.630176456573382
-1.41617507374712
-1.17022371545911
-1.76479248323398
-1.77729892405601
0.29687823316833
1.75866109424256
1.12365573927469
0.598707641581966
0.20722705692591
2.04061094646614
1.90864668419027
2.46963393076545
2.57261571496319
1.77016565242459
1.75457033090404
2.04699649897091
2.07900624353138
1.93934889083724
2.48405544026885
1.89316598749562
2.11125575789389
1.45164698116427
0.437455882151843
0.161778169696202
0.304907448935244
0.183543542704637
-0.529277145765735
0.373450092576666
0.65936559074905
0.597677668971945
1.46761874930737
2.29182217286378
1.41926455765736
2.87425583693623
2.6685029655769
2.74313599587855
3.38607618800336
1.77153496223957
1.77376547773618
0.280557275909162
0.833358240754822
3.17150205726243
3.5675280595981
5.32950080879416
3.13940642765242
4.74035810585831
2.88090502036987
2.3398244439235
2.25464555543575
1.40672212552945
1.64904648780551
2.0253911180111
0.498697762240885
1.29874646729448
-0.116135105475285
-2.6541304193582
-2.79563436673254
-1.55534569961441
-1.53470159017984
-0.935025632476353
-2.29207880273671
0.00388818023509563
1.09259449735167
1.23289902761176
1.06404635842013
2.07111027088208
2.15321217540807
2.5888914119748
3.25322333018042
1.41644307946709
2.7179581034927
0.791702348793416
-1.31518431666226
-0.249360167318129
0.103240300194966
0.571490058248583
-0.0775897772154625
0.989836048363729
2.3748866590283
2.13638562915932
0.430463158922949
0.365317079508395
0.46631238497106
-0.43694503522843
-0.738698141230145
1.00637718920376
1.22492509954547
1.50359373002372
2.3859867896078
1.16607463695451
0.686005716825374
1.17725946071929
1.24261645800682
1.28946607185599
-0.575517018364267
-1.08976743084655
-1.89882355440038
-1.9135828737023
-0.596954963863023
0.0718640608887766
-0.835860636130426
-1.4357058379742
-0.236897284418039
-0.86833961309916
-0.85052762679092
-0.020639265905292
-1.06005100127463
-0.401436075327512
-0.111600591902154
0.306915169596605
0.347763099982339
-0.319316165222591
-0.707288689738762
-0.48457193468706
-0.929334412539919
0.085371767286322
-1.44321964674896
-0.891038612206861
-0.267236164111506
0.50268756788562
-0.848962586137247
-2.93070954911985
0.307879261621065
0.479076624497694
-0.210484907068
2.00945723703326
0.863750124864063
0.348715602493369
0.184246021759351
1.89677293999699
0.466912419456061
0.447981607969263
-1.53433546734534
-3.34895615255735
-0.990781028496908
-1.00127811303057
-1.05041931089024
-0.530297201189752
0.605872162738348
1.73812994221444
0.894018650216755
2.37632106865931
2.47421858985651
2.00557933926829
2.2281826227633
1.72399804239115
3.12256931858601
4.13276354139702
4.83699274801217
3.13226496611576
4.02060273451714
2.88362078847958
2.82737785035012
2.75356096175209
4.08544509373917
2.89458444860762
2.32312276613934
0.523135164775699
-0.616482417054718
-2.87672770758574
-1.91357583796898
-1.42058817851594
-0.0940611142178827
0.0568995259669719
0.355868757620858
1.14949947549261
0.657510283110448
0.552717530640241
-0.533671089852786
-1.08236435824437
-1.1317156894574
0.664067287347747
-0.490945865789857
0.831499983671235
0.912094791150566
-0.505857309673042
0.145346032728183
0.441239355076503
-0.122925865315703
0.287683471643147
1.06069505444986
0.310949297681364
-2.40089162066396
-1.80552069232585
-0.621114887733285
-0.780863793807283
-1.93288748906762
-0.516237868828861
-1.36428236235815
-1.56452763741005
-2.46608858885796
-1.64572344663709
-1.06194998007024
1.17161421707808
1.38458131121716
1.55681391968
1.0413964217105
3.16170076684319
2.0652361707747
1.54139498880001
0.966532589172296
0.88074637188451
0.0622538708013406
-0.122704982016549
0.21439329612003
0.999380248378759
0.931690046386115
0.310971967414198
1.49566415714994
1.24933783817854
2.0243047355816
1.02534763766435
1.62825638767744
1.30490829618288
-0.103764338787941
-1.58884725886717
-0.51688442164402
-0.314153475422729
1.10657551566484
2.1043334271559
1.37312762349346
0.42143223485839
-0.358186254794524
0.636131820509114
3.09838134400666
2.85561712926256
2.46568835944478
2.51729148099793
3.31534996915263
3.13462271614526
0.175437707833201
-0.00443443970312674
-0.930607772981136
0.657036937469939
0.880076931390881
2.20533101148745
1.2564880615814
1.46573066470006
-0.0204797450564216
-1.54195166743294
-2.36248691131758
-2.10125950464394
-1.15474513220004
-1.09556654188234
-2.37685667753537
-2.62343722050348
-3.39143404883277
-2.19262827804673
0.249456924259822
-2.4468712964745
-2.72946046453921
-1.02180904744847
-1.84720671505417
-1.4716843302237
0.252560637768915
-0.275520614046702
0.502342078560753
0.18140934775342
0.537531464575505
1.21109382615959
1.1084428001684
0.6679273988146
0.413972234878794
0.352966522021235
0.626899696261756
0.853597806570952
1.13359914132938
0.0368188518848928
0.7258954453199
-0.0372360442118611
-1.69290744338255
-2.74803646042771
-0.258867562919419
-1.1908219050059
-0.706145999472309
0.404402509020248
3.75475228209102
2.50536088212912
2.41053988022725
3.60950200507965
2.78645677467522
0.459002996549494
-0.485338941346308
0.221393875355556
2.86376378354684
2.15369113472716
1.5503135194861
0.230213122368567
0.0909753082448982
0.625197479791245
0.594510882067788
-1.16171784290689
-0.541704983983294
-1.62717342253119
-0.133759416291441
0.760065688685119
1.88565570728848
1.41281107008165
0.919216434987385
0.362238859712013
-1.48233478605673
-1.87415614901853
-1.22514854582611
-1.01302722127521
-2.85753089539316
-2.10560072611608
-0.998724420075286
-0.285957357865106
0.432941339620406
0.155360250465872
0.236868180409554
0.807083275651086
0.413898087536959
1.38368908736266
3.57494069857259
4.10427862284254
2.7378588492375
1.50823793723794
1.49818369543538
1.78520940169506
0.924310502120606
1.57809729829488
0.824947047448723
-0.392353938426469
1.07923984953971
1.77872064840752
1.16946806830808
0.130511373258444
0.874638640259803
-0.27238553626742
0.886560715847073
1.08213189301878
1.01561507965638
1.79062513527645
2.02355976802144
0.387524678534048
-0.45122618778966
-2.35321538035967
-2.83388148277152
-1.94668660706413
0.218904854097266
-0.821715817371361
-0.255824491134625
0.353540094833884
0.757372169297653
0.677852681188075
1.90138584356307
1.35920718652992
1.62078235817994
1.72432729751355
0.425028599350369
1.12399457783379
1.72106037368511
2.59113980354813
2.06229001829472
1.28307504313919
3.45656092074815
2.12933519546906
0.0318772533971499
0.815378265008841
0.920695696207444
-0.429202667383061
-1.27173502819589
0.207043010825944
2.19279637657502
-0.346522213641242
0.281431676032911
-2.60506367722573
-1.9308785670604
-1.44640744969281
-0.318135596808552
-1.25204903993473
-1.6964877747056
-0.301331552845729
0.547874823191311
0.539806213917588
1.63208265304207
1.6952486419488
0.0700187760029662
0.866736510190137
0.634700901173255
-0.467838750479388
-0.405038811903658
-1.64660831386263
-3.52925049108527
-3.38323919984302
-4.26327236211029
-3.46676247854988
-3.18732960211522
-4.29407635551551
-4.42558683263234
-3.12640465760899
-2.81165147393481
-0.286106714318793
1.20683767640362
0.238534014139925
-0.739541823361365
-0.458902289720461
0.580399538687918
0.508292986010871
0.898247930307843
1.67351320306732
1.5999641262141
3.20644870129588
2.97259163897402
3.15479276789107
3.52298225155802
1.63151817942834
1.84815444886466
2.40534079998993
1.21496421771893
0.811036871816797
-0.507128377830575
-0.132246578363875
-0.655937964559075
-0.476197466724583
-0.465191914901307
-0.616029354243711
-2.81796106228356
-1.77230171523723
-1.35224883201423
-2.37097909125919
-0.0892401207154792
0.180947945233604
0.2612374435069
-0.295823096110133
-0.174162901019396
-1.20264758046386
-0.967525176288571
-1.45664023264214
-1.41796550723684
-0.125514790724064
-0.519084588839699
-0.107508537001006
-0.389339287636042
0.535350936175861
0.964577495465663
1.34181409543633
0.883450047319759
0.806399375094797
0.715256704309308
-0.484847019761755
-1.40361821748873
-2.18945473577078
-3.20965503685576
-4.2471153221674
-3.37035250695617
-2.86814788265943
-1.57143136620487
-1.82084202822205
-0.222667381960238
-0.651255329732112
-0.00755355593573115
-1.59233388462823
-2.82264991235021
-2.24007433487114
-0.0406479135864386
0.938831935893922
1.05261669482934
0.938976998114543
-0.821368546563199
-2.01925051722089
-1.09509563255669
-2.84399997756246
-1.32870421959081
-2.12907104722311
-1.78664022331149
-2.34738338005192
-1.35200938952905
-0.892737046765283
-0.066286752614389
-0.179603030889167
0.782935764149105
1.71996759126393
3.50961648166589
2.96463914497628
1.10109940923532
1.54118510148052
3.17929150176803
3.02587606608651
0.908717620361654
0.779549932575627
0.528792714392623
1.30609280244015
1.27489269326646
1.02572787756095
0.885411475894691
1.0571520542576
0.0122897423042454
0.961749636501884
0.736231836743432
2.2011423916069
2.65293789498114
3.07396241734396
3.78470388792039
3.39387814945952
3.14182175941569
2.91961823591272
0.555090447903974
-1.70658787082728
-2.18360233328199
-3.2314811414665
-3.08425175608322
-4.38559239923507
-4.61877313288309
-3.47834343456991
-4.25938674405932
-3.9898572371601
-2.57707038660227
-1.97787131086644
-2.05334338526079
-0.50594070950013
-0.379512582652741
-1.06983060089558
-1.8916142650693
-3.48393479587505
-2.88472435153724
-2.37559697949349
-1.62762802357785
-2.5665392827289
-0.791537835299447
1.0770154888103
0.0244664742481439
-0.361554204357651
0.485458718136175
2.11346680218536
1.59439041524792
-0.385250458172891
0.7150262857892
1.09334907004741
0.449758462465845
0.26274377061388
0.861319573453149
-0.112995223281429
-0.147259540008584
0.642341031256422
0.672124647457033
0.706528377329391
0.333045420832898
-0.657249247366999
-1.46635841453851
-2.26556082648826
-1.38530415125138
0.396379107621811
0.306131922264045
-0.0897038441087081
1.34657050788603
2.66328218480966
3.23368647119235
1.46571727720849
2.22216070908155
2.47131967572452
1.90954429219379
2.09218279919513
1.68584769673038
0.83583623001251
0.610480401971232
-2.34656757006301
-0.633704833229374
-0.069017375682061
-0.81569882939216
-0.93037179901146
-1.60435045635858
0.974095363845243
-0.041937054553931
-0.232689184680596
1.19065932239339
0.716555015534295
1.23837890786932
-0.691454867101131
0.589138556206121
-0.544829465818109
1.01334549066113
1.38862786063878
0.564136502833672
-0.537275456314229
-1.42125468229934
-2.12131296770291
-1.91856311326037
-0.545558383473768
-0.438898967813603
0.352016569346869
-0.403158972914758
0.790599041198128
0.795999105090149
2.21182632017319
3.78351404162442
4.43533549531351
4.04157316280051
5.29037247290873
5.30604816189383
4.58866516444514
4.05961831865604
3.94952423425816
2.46544732302238
2.27955391847938
3.95023527536467
2.96975803172865
1.71266042232581
1.79265548252625
0.764677506547685
-0.304122063543857
-0.34740275715907
0.0863989182618433
-0.600785967900576
-1.6824722553641
-2.18843074149572
-2.49188107328894
-1.76384537508457
-3.02165557396765
-2.76559919197581
-0.710959259312733
0.101355789006569
-1.88671974144135
-2.28188773988302
-0.651224600076345
-0.305788083808476
-0.562446922158254
0.15981625577226
-0.177889348882867
0.479975751026826
-0.192053903561081
-0.253595386257307
-1.9558686273311
-2.45811480896142
-3.4234047101336
-3.16809571083044
-2.52594122897496
-2.00613869703781
-3.26043912799185
-3.36133455498236
-2.76722003043017
-4.45840541164327
-3.02123710094233
-2.36264329971165
-1.46554987007601
0.367704884724074
1.97504089928062
0.131613831065837
0.0384016525358025
-1.54878557499878
-1.6199256350915
-2.53144225133306
-0.774864130230575
-1.25288012485851
-1.48812377049099
-1.6572788307022
-1.92831915004225
-3.3346209652482
-3.67941404680654
-1.91623739670413
-1.76011608957811
-0.838305776346289
0.346939900921387
2.63983492914938
-0.344147120596537
-0.274394569892742
-0.549948057508253
1.27634146017849
2.37785896952406
1.65473330945744
-0.489084237897258
-0.318436897443175
-1.05624868640317
1.66891594392946
0.660440551292703
-0.659338151766693
-2.08823744681
-3.02212629320557
-2.37611294871379
-1.43715653096317
-0.872727808976371
-0.655554068308299
-1.43489193698358
-2.10375477168239
-2.05858746263199
-1.18431458079475
-0.0834021667433708
-1.24420517003906
-0.795070698508724
-2.16640629819479
-1.80833430545845
-1.10372218480184
-1.89692563281103
-1.31906489666025
-1.88739049742611
0.212801351166122
-0.561127033916206
-0.728430928332152
1.31232442034152
2.9077438190246
1.65217156458644
1.38788810603483
0.445646813302498
-0.408265458616416
-0.14254569324709
0.337476033564407
0.660625826165337
0.269199000504905
-0.786885522377036
-1.81357604079478
-2.52526498909018
-3.20500418402689
-0.386077243256049
-1.46501736131956
0.0162457958347144
-0.197135401224461
-0.315849708323328
0.347959118351012
0.527734656267531
0.187561160944715
0.831917568833654
0.935300205641667
1.76178051198515
1.57528302306504
-1.06603656666163
-0.146291268680365
1.42132329558754
0.695528162936904
2.85235792323033
3.39835876861939
0.71582951722997
-0.136581704866602
2.05563191361889
1.76975174808889
-0.353689432366499
-0.183234716086027
-0.112877935592736
-0.146996371379432
0.169322768974841
0.620609074578964
0.616616656799769
-1.09076338684182
-1.1077616131734
-1.70490722234069
-0.364417498844176
0.749804945843918
0.904859625734869
-0.0101276565630072
0.967597203403405
-1.28037114176101
-2.39857288735544
-1.59295998336682
-1.10419081873367
0.409139724337065
-0.375847003188394
1.13088315429109
0.655533473441905
-0.552333028961781
0.21468437731327
-0.741869489394672
-1.62139687207212
-1.62033786207315
-0.090774866975218
0.8320364390047
1.30872723025232
0.724003620317562
-0.0374984747702414
0.31471473778813
-1.02075526619176
-0.985855288776939
-1.63482529858935
-1.52112184990441
-1.81089017496201
-1.81738843454058
-1.74614315490252
-3.08696337122288
-0.970632336957086
-2.02370758977716
-0.72833669934108
-0.488849845025705
-2.3416491568788
-1.42821982565829
-0.939150303192667
-0.510332926137819
-1.61407030106869
-1.59474032676614
-1.25207179359137
0.459835690350634
1.76445838445513
0.797147255489099
0.46048146536973
-4.00017823106724e-05
-0.636215907025755
-0.0605260297175375
-0.0708738421957791
-1.40957475198501
-1.64148123930283
-0.61398087982387
0.0879718275434548
-0.656920043895145
-1.21685046071969
-1.81975405713422
-2.58457191596605
-1.15193406225586
-0.621960385793743
0.562739132404271
0.967045185782131
2.18179815388921
2.4166893390278
1.90053806730186
0.551775858311412
0.135217485282529
1.82855631730688
0.757274785109554
1.32163052826645
2.13554945245203
1.49464881954993
0.708210538555046
0.729612419468525
0.413727800597443
-1.48304233391799
-0.653690724430887
-1.7154924145169
-0.475818017953791
0.642818573806106
-0.0779274062016118
1.61917502090683
1.43688691539333
2.59729504336456
3.14403998849741
2.24252844715357
0.336354817729932
-0.0396890257358564
0.416369958475652
-0.809040651446263
0.0401068383734989
0.436440221490968
1.08317011086344
2.42942144361084
1.26382592868521
2.1149735788193
2.94853917775376
1.86156381953583
1.04967528520051
-0.625732107612722
1.35674045456251
2.77199243085871
1.21555112867574
0.453771020016564
-1.09876290348114
-1.026127345166
0.109012456103161
-1.05930307701163
-0.734677066882771
-0.737712841250478
-1.23381105881847
-0.146836258774429
1.71436556297655
0.778503948873175
0.0757391953753586
0.791036146838584
2.960963696729
3.16091670485032
1.63709688095424
1.36361845329098
-0.255440401327763
-0.872622335197328
-0.855620472187887
0.0837989999234283
1.25214643356149
0.483458503147204
0.20035653298607
-1.35671718301439
-2.54775657160875
-3.06728661649463
-1.34089395921584
-3.05633146098078
-4.2689203519734
-2.23309455295361
-1.56134366429173
-1.44866611769849
-1.24327377839876
-0.280054260578851
0.0594142199378575
0.0900974594280312
-1.29699317729726
-0.545760081893054
0.790458383759741
-0.882919156487277
-1.65226600161289
-0.683802978035052
-2.91637313943146
-1.85664930138495
-1.60845559365398
-0.69181571414101
0.989123769025238
1.42930306013277
0.785197994815736
1.5188763211624
0.674571750331078
0.197239095826883
1.56209198071057
1.53582113327733
2.19044947602346
2.29299477705067
1.18144675234197
-0.983817691009633
-1.87648842281159
-2.60696404024158
-2.57536399553221
-2.07663091301807
-1.36604056032556
-0.268835315520826
-0.547738007754236
-1.50965710446138
-0.476469619805603
1.19140222477997
-0.321019577307685
-2.03796835097422
-1.34581652826061
-1.0256882688525
-1.33534215636804
-2.77114105623301
-2.84129405833333
-1.25769688777294
0.526684620021895
1.13447548312078
0.500238764607878
2.99954374207078
1.92026603829424
0.624817958409337
1.33409253493485
0.913928954030586
0.676625860039075
-0.852377315349141
-0.550029410360039
0.0986045362104113
-0.50592355127246
-0.841205423888406
-1.21580735786581
-1.25673074493122
-1.50671941279703
1.08987360094415
-0.259173375020468
0.177406683544316
-0.532939091614849
0.552161235027675
-0.501525638353828
-1.28887679379538
-2.28138816903738
-1.24554638990255
-1.10337053072561
-1.03537764987252
-1.16285788613724
-1.67722381003045
-1.30288332234715
-2.2961611006458
-2.3633522945871
-0.78095673515145
-0.592221754453065
0.196810307177705
-0.0784493720412101
-0.2237654054794
-1.20494932374534
-0.610055611417976
0.0490648493374579
0.0640660340055087
-0.770261857221222
-0.837914638453484
-0.278626743195328
-0.158788804929291
-0.413229433817947
-1.03146213760641
-1.40177399305834
-0.451643258521387
-0.0862366990430367
0.653118204525858
1.7267972183671
3.62725612459786
4.18229727053709
4.02623888141702
3.25281031318429
3.77053756370648
4.17621789953857
2.73118589456506
3.39799100996766
1.05742868359115
1.34182295511117
1.24453385453908
0.0853917496510611
2.13698781458568
0.767375738880977
1.52326667789451
0.1478019296147
1.50166453766172
0.498351708584284
0.288822706453869
-1.2639258273115
-0.662299389544587
-0.942732416345071
-0.469860224944539
0.545609463184528
0.792132844837255
-1.02706004690038
-1.66349693012485
-0.613173979923853
-0.480207083671597
1.4270721357965
1.1515727927764
-0.0785093040448781
-0.0495209273553865
1.74882316844862
1.31577286413913
0.325401543643209
1.01849800184048
-0.818910955208344
-0.47796358367333
0.6295053017082
0.560287920879955
1.95693716243744
1.39241775603981
1.56173199252209
1.84177771839457
3.20587508918508
3.597113957918
4.13492772583427
2.4133882063259
1.22790940267952
1.18589284927087
1.82269616894699
-1.04697142682585
-1.34114879118401
-2.42563806885793
-0.238048777618948
-0.268244408006598
0.358405647698103
-0.762377801129249
-0.438520142474939
0.578384759397921
0.754667208611828
1.3419192442235
2.26454115952135
2.01514709232293
3.95310883853943
1.89593658703471
0.932944264803548
-0.0799250356146235
-0.271004583054361
0.453081680200126
-0.607150131296187
-1.8825387071715
-1.01958306622168
-0.49434655874375
-0.016779973412452
-1.26024049905649
-1.22446618544426
